3.029830729545514995e-03
-1.647175395889154473e-02
-3.603169933114026141e-02
-5.579366632735695275e-02
-7.578051183860082252e-02
-9.588650163512654756e-02
-1.159744475303304267e-01
-1.359674788541792301e-01
-1.558524261629412877e-01
-1.756233120569208328e-01
-1.952675927621028151e-01
-2.148222254388100771e-01
-2.344041112464643195e-01
-2.541556655461488234e-01
-2.741687143984461450e-01
-2.944508873639988256e-01
-3.149376743971890047e-01
-3.355440878929445980e-01
-3.562114480539985140e-01
-3.768817860046290158e-01
-3.974554616858025913e-01
-4.178516503947115601e-01
-4.381233185135840480e-01
-4.584674645028945505e-01
-4.791018790182587361e-01
-5.001139865972267229e-01
-5.213766335981637745e-01
-5.425712406024829626e-01
-5.633178959733780022e-01
-5.833601397160516067e-01
-6.027065056976984581e-01
-6.216367834688671934e-01
-6.405604463142721139e-01
-6.598249054124822877e-01
-6.796082851596846330e-01
-6.999475271705613011e-01
-7.208194352270345107e-01
-7.421546050865350796e-01
-7.637976692780930055e-01
-7.855424401064976525e-01
-8.072458264755540958e-01
-8.288675257470763391e-01
-8.503913299777282608e-01
-8.717530831249122869e-01
-8.928460873342130011e-01
-9.135702188426332304e-01
-9.339047167519113346e-01
-9.539670334485522707e-01
-9.739837388980776556e-01
-9.941943903880617883e-01
-1.014765770947431145e+00
-1.035706014023187294e+00
-1.056790585405317007e+00
-1.077636411454739651e+00
-1.097972041967203216e+00
-1.117905084478868050e+00
-1.137932416787357015e+00
-1.158649472679837533e+00
-1.180367472307589427e+00
-1.202932644085336955e+00
-1.225879955838245383e+00
-1.248753414860590105e+00
-1.271307131742818841e+00
-1.293510935990584976e+00
-1.315490798710318376e+00
-1.337469315934121106e+00
-1.359669110939631276e+00
-1.382207247469795952e+00
-1.405062075434049929e+00
-1.428124749363935519e+00
-1.451284973109562060e+00
-1.474493643542489130e+00
-1.497757766361227150e+00
-1.521076542659093311e+00
-1.544381256840630767e+00
-1.567517474939582156e+00
-1.590273371713011086e+00
-1.612473682791526919e+00
-1.634117691007437756e+00
-1.655436206972624724e+00
-1.676772093318676271e+00
-1.698364913466803738e+00
-1.720222954703249707e+00
-1.742190907798281119e+00
-1.764126575361668170e+00
-1.785965948085290522e+00
-1.807605567431308513e+00
-1.828806166430095193e+00
-1.849284871169601052e+00
-1.868867291641279182e+00
-1.887498182611083264e+00
-1.905133006949697894e+00
-1.921674984894722993e+00
-1.937030521835673147e+00
-1.951227892681820064e+00
-1.964496880447111682e+00
-1.977210859981059388e+00
-1.989699045027629731e+00
-2.002107416672203044e+00
-2.014454666403170613e+00
-2.026766135208854180e+00
-2.039077433818741181e+00
-2.051339035144970513e+00
-2.063416129525092568e+00
-2.075212700945744615e+00
-2.086765408274043665e+00
-2.098207976560466648e+00
-2.109648891273156135e+00
-2.121074007617570700e+00
-2.132368219272266607e+00
-2.143438356102214115e+00
-2.154313270973694294e+00
-2.165135950997089775e+00
-2.176075745245114934e+00
-2.187247694282451693e+00
-2.198710975890165731e+00
-2.210530922058841607e+00
-2.222804394966135799e+00
-2.235594725424926210e+00
-2.248845615408870735e+00
-2.262369008517095992e+00
-2.275914701044749133e+00
-2.289263555320609989e+00
-2.302304417229132039e+00
-2.315074664679238392e+00
-2.327725269344127490e+00
-2.340412742570714411e+00
-2.353210346863034985e+00
-2.366109958272662350e+00
-2.379074279971662875e+00
-2.392061431683289996e+00
-2.405004283861595482e+00
-2.417796311062677006e+00
-2.430339336747939782e+00
-2.442634759755958562e+00
-2.454831074815932990e+00
-2.467167997806775315e+00
-2.479859201083350229e+00
-2.493004822179158086e+00
-2.506563839893966694e+00
-2.520367701266161831e+00
-2.534194443199804248e+00
-2.547908324368565847e+00
-2.561558321885253786e+00
-2.575316342078284304e+00
-2.589297089848754840e+00
-2.603432194900737517e+00
-2.617504187268560933e+00
-2.631283696247251669e+00
-2.644657757454925928e+00
-2.657687235784740309e+00
-2.670563937452286485e+00
-2.683484099285513125e+00
-2.696538150288130709e+00
-2.709698505292920334e+00
-2.722881908103757187e+00
-2.736031502063802190e+00
-2.749184268516257301e+00
-2.762484470415500049e+00
-2.776118987056644283e+00
-2.790207220427799228e+00
-2.804723666236164092e+00
-2.819513113175058816e+00
-2.834379389876602318e+00
-2.849173043808286288e+00
-2.863832913726272800e+00
-2.878388207503294716e+00
-2.892937628359324886e+00
-2.907617517538140461e+00
-2.922560321663111527e+00
-2.937830936028846374e+00
-2.953358104689598029e+00
-2.968921119886600124e+00
-2.984233462816150872e+00
-2.999096112777548395e+00
-3.013529358237220901e+00
-3.027781673519732042e+00
-3.042187974685733209e+00
-3.056964557224131962e+00
-3.072079288548043241e+00
-3.087271170565427880e+00
-3.102191008386566029e+00
-3.116589327835448398e+00
-3.130468435530512128e+00
-3.144110498814669530e+00
-3.157941852477506472e+00
-3.172302092066880519e+00
-3.187269621243581152e+00
-3.202667605417162555e+00
-3.218223085595240729e+00
-3.233721001987739374e+00
-3.249059288415289792e+00
-3.264256964853125442e+00
-3.279450914813795137e+00
-3.294824429917533326e+00
-3.310467195330703216e+00
-3.326283157118478329e+00
-3.342040244912148683e+00
-3.357534230110247098e+00
-3.372742867133097899e+00
-3.387840567314949869e+00
-3.403062196274889484e+00
-3.418542773455308215e+00
-3.434255087980962351e+00
-3.450058269487325191e+00
-3.465804727857295653e+00
-3.481439090251421398e+00
-3.497016026057458316e+00
-3.512622284321271771e+00
-3.528302835839630891e+00
-3.544084456229245728e+00
-3.560032832740110287e+00
-3.576218019710220020e+00
-3.592605306584369274e+00
-3.609006959275481652e+00
-3.625157833600110457e+00
-3.640848747502913429e+00
-3.656031677523744250e+00
-3.670860956213584547e+00
-3.685656781034210461e+00
-3.700799145035973403e+00
-3.716605657502402682e+00
-3.733229718719996093e+00
-3.750564571040855277e+00
-3.768207156418255099e+00
-3.785608491200950443e+00
-3.802368012871778280e+00
-3.818427166195415001e+00
-3.834032117833202413e+00
-3.849571189151808959e+00
-3.865413049534424772e+00
-3.881780303394727127e+00
-3.898688465590890218e+00
-3.915994646316759198e+00
-3.933528146288550964e+00
-3.951200573359921808e+00
-3.969025152653417265e+00
-3.987047735440380158e+00
-4.005227558099435647e+00
-4.023357238404377867e+00
-4.041133925084746892e+00
-4.058355309921165777e+00
-4.075058073563148753e+00
-4.091480504144541896e+00
-4.107904575660964674e+00
-4.124502854123041296e+00
-4.141298220235873906e+00
-4.158266907446594551e+00
-4.175466554840875588e+00
-4.193014990047448265e+00
