-3.082689549574101290e-04
-3.701847929310566080e-04
-4.420378618080223485e-04
-5.249780586706194159e-04
-6.202251577924386937e-04
-7.290666904531779239e-04
-8.528555417395285816e-04
-9.930073699618534311e-04
-1.150997943010757330e-03
-1.328360465087076491e-03
-1.526682938470817243e-03
-1.747605571032972375e-03
-1.992818204622232720e-03
-2.264057706106828265e-03
-2.563105235553609154e-03
-2.891783287898124812e-03
-3.251952397636009851e-03
-3.645507401347492221e-03
-4.074373169624674607e-03
-4.540499746332692620e-03
-5.045856866304983951e-03
-5.592427859234491358e-03
-6.182202984476556189e-03
-6.817172275936766307e-03
-7.499318006301557843e-03
-8.230606904598878129e-03
-9.012982280364395873e-03
-9.848356222009945968e-03
-1.073860204703328686e-02
-1.168554718787083793e-02
-1.269096669934881814e-02
-1.375657757086229394e-02
-1.488403401700108715e-02
-1.607492390228893592e-02
-1.733076642702910050e-02
-1.865301116068947621e-02
-2.004303845678332904e-02
-2.150216122048911882e-02
-2.303162793088256097e-02
-2.463262674891832441e-02
-2.630629047675328222e-02
-2.805370208064950771e-02
-2.987590045501203884e-02
-3.177388609408534487e-02
-3.374862635301786873e-02
-3.580106002100701124e-02
-3.793210099250056422e-02
-4.014264090155909848e-02
-4.243355067089588095e-02
-4.480568101127840180e-02
-4.725986197947636830e-02
-4.979690175604688240e-02
-5.241758483272850044e-02
-5.512266980134786915e-02
-5.791288691377435155e-02
-6.078893554087936441e-02
-6.375148160550872523e-02
-6.680115500950527252e-02
-6.993854702716889582e-02
-7.316420760529944445e-02
-7.647864249862140751e-02
-7.988231018113195470e-02
-8.337561850722766121e-02
-8.695892114640142723e-02
-9.063251387417158023e-02
-9.439663086042249240e-02
-9.825144114498983450e-02
-1.021970455206964029e-01
-1.062334740501135466e-01
-1.103606844212337151e-01
-1.145785612997973490e-01
-1.188869167665172200e-01
-1.232854918431532804e-01
-1.277739590215865584e-01
-1.323519256247592257e-01
-1.370189377572249012e-01
-1.417744845540280796e-01
-1.466180024151518269e-01
-1.515488789211148768e-01
-1.565664561624681150e-01
-1.616700332778496230e-01
-1.668588680753094466e-01
-1.721321777015021592e-01
-1.774891384140100947e-01
-1.829288845946671072e-01
-1.884505072085322641e-01
-1.940530519582285562e-01
-1.997355174030295555e-01
-2.054968533053015134e-01
-2.113359594350707193e-01
-2.172516850103109465e-01
-2.232428288815379303e-01
-2.293081404912893362e-01
-2.354463215594606584e-01
-2.416560283716608082e-01
-2.479358744863837116e-01
-2.542844336332762967e-01
-2.607002425527775169e-01
-2.671818035285336568e-01
-2.737275863877596249e-01
-2.803360297885668095e-01
-2.870055416728565789e-01
-2.937344988329647077e-01
-3.005212456134239152e-01
-3.073640918392881449e-01
-3.142613101233721062e-01
-3.212111327514547976e-01
-3.282117483734711683e-01
-3.352612987383170040e-01
-3.423578757003264972e-01
-3.494995186987884805e-01
-3.566842128714777238e-01
-3.639098879136035136e-01
-3.711744177397841571e-01
-3.784756209535645732e-01
-3.858112620809891480e-01
-3.931790534852603325e-01
-4.005766578508394571e-01
-4.080016911084757281e-01
-4.154517256673469494e-01
-4.229242938255546314e-01
-4.304168912435166749e-01
-4.379269803839390129e-01
-4.454519938442599303e-01
-4.529893375303072345e-01
-4.605363936410727943e-01
-4.680905234523763392e-01
-4.756490699004997103e-01
-4.832093599750681978e-01
-4.907687069334011332e-01
-4.983244123466094022e-01
-5.058737679815142885e-01
-5.134140575129767514e-01
-5.209425580495304908e-01
-5.284565414425450580e-01
-5.359532753368633218e-01
-5.434300239103119212e-01
-5.508840482420995777e-01
-5.583126062473301454e-01
-5.657129521179719012e-01
-5.730823352208258559e-01
-5.804179984211795817e-01
-5.877171758273089797e-01
-5.949770899855930661e-01
-6.021949485976799687e-01
-6.093679408779818507e-01
-6.164932337188375744e-01
-6.235679678782064528e-01
-6.305892544461009219e-01
-6.375541718762525178e-01
-6.444597638836504494e-01
-6.513030385022484658e-01
-6.580809685670038212e-01
-6.647904938289223020e-01
-6.714285248316437249e-01
-6.779919485764226428e-01
-6.844776358850001019e-01
-6.908824502448720484e-01
-6.972032577988439561e-01
-7.034369380314456910e-01
-7.095803946196752587e-01
-7.156305658643474787e-01
-7.215844341083821334e-01
-7.274390335836976584e-01
-7.331914562089921761e-01
-7.388388549822126894e-01
-7.443784447655572567e-01
-7.498075004353563777e-01
-7.551233525498615151e-01
-7.603233808593338194e-01
-7.654050061300181618e-01
-7.703656808637184827e-01
-7.752028795583654208e-01
-7.799140891670544029e-01
-7.844968003734567041e-01
-7.889485002149848603e-01
-7.932666664607405105e-01
-7.974487640015414103e-01
-8.014922433486445508e-01
-8.053945411809761978e-01
-8.091530827415477356e-01
-8.127652857734850578e-01
-8.162285656125751743e-01
-8.195403410199687544e-01
-8.226980403452377466e-01
-8.256991076518137573e-01
-8.285410085064663921e-01
-8.312212352223419254e-01
-8.337373114407440333e-01
-8.360867960302104107e-01
-8.382672863637614658e-01
-8.402764210999128514e-01
-8.421118826358857667e-01
-8.437713994210718216e-01
-8.452527483159729682e-01
-8.465537571594298205e-01
-8.476723076690300118e-01
-8.486063387512313705e-01
-8.493538502437223414e-01
-8.499129070580058176e-01
-8.502816436390872035e-01
-8.504582686152616366e-01
-8.504410694770102586e-01
-8.502284171021843306e-01
-8.498187699363902725e-01
-8.492106776437050586e-01
-8.484027840637082818e-01
-8.473938293457669024e-01
-8.461826511791793459e-01
-8.447681850958111971e-01
-8.431494638870050684e-01
-8.413256162446370867e-01
-8.392958648023860491e-01
-8.370595238123511583e-01
-8.346159967387585255e-01
-8.319647740800045765e-01
-8.291054317385846417e-01
-8.260376302431871043e-01
-8.227611150873359591e-01
-8.192757183855291503e-01
-8.155813619636410605e-01
-8.116780619003322039e-01
-8.075659344265079254e-01
-8.032452029782662928e-01
-7.987162060934076546e-01
-7.939794057509208525e-01
-7.890353956847574457e-01
-7.838849091642718925e-01
-7.785288257288013325e-01
-7.729681763952911400e-01
-7.672041469254042845e-01
-7.612380788387604902e-01
-7.550714679857504219e-01
-7.487059606380317422e-01
-7.421433472068030834e-01
-7.353855538466301800e-01
-7.284346323343263707e-01
-7.212927487175614383e-01
-7.139621712978528878e-01
-7.064452585416683972e-01
-6.987444474992837717e-01
-6.908622432550604042e-01
-6.828012098400069174e-01
-6.745639629157431649e-01
-6.661531643986496887e-01
-6.575715190456814518e-01
-6.488217728809259066e-01
-6.399067132155956683e-01
-6.308291699131587382e-01
-6.215920174826859990e-01
-6.121981775513091195e-01
-6.026506212719228150e-01
-5.929523712629579668e-01
-5.831065027484855223e-01
-5.731161436621999838e-01
-5.629844735894800056e-01
-5.527147215383354517e-01
-5.423101626430025801e-01
-5.317741140041531978e-01
-5.211099299491378511e-01
-5.103209970482149860e-01
-4.994107292441991031e-01
-4.883825634419645678e-01
-4.772399558618948823e-01
-4.659863793915320351e-01
-4.546253220785831939e-01
-4.431602868042665566e-01
-4.315947920681404426e-01
-4.199323737138340729e-01
-4.081765873389370247e-01
-3.963310110694790445e-01
-3.843992483457678300e-01
-3.723849303646513120e-01
-3.602917178533552311e-01
-3.481233019085065439e-01
-3.358834037147973572e-01
-3.235757730527337173e-01
-3.112041856048435307e-01
-2.987724391651415123e-01
-2.862843489390369811e-01
-2.737437421835252627e-01
-2.611544524760515684e-01
-2.485203139133252692e-01
-2.358451555296735835e-01
-2.231327961917316249e-01
-2.103870401775655707e-01
-1.976116735898876264e-01
-1.848104616911811493e-01
-1.719871471890384029e-01
-1.591454494474240366e-01
-1.462890645569268622e-01
-1.334216661658051972e-01
-1.205469069536243554e-01
-1.076684206192347476e-01
-9.478982425258133948e-02
-8.191472096290587646e-02
-6.904670264184614714e-02
-5.618935274673934194e-02
-4.334624899566853762e-02
-3.052096587079163731e-02
-1.771707683029642710e-02
-4.938156132606620098e-03
7.812219819657503783e-03
2.053047170253279041e-02
3.321301713757793261e-02
4.585627126579917140e-02
5.845664807186422979e-02
7.101056247603038107e-02
8.351443317973877845e-02
9.596468621490902851e-02
1.083577591085157638e-01
1.206901055357854496e-01
1.329582003004299851e-01
1.451585444522836554e-01
1.572876703347223237e-01
1.693421463491531775e-01
1.813185812334895120e-01
1.932136276764735150e-01
2.050239851291400517e-01
2.167464017263395493e-01
2.283776752913988239e-01
2.399146534610654136e-01
2.513542330305874595e-01
2.626933586748184668e-01
2.739290212457585194e-01
2.850582558759927609e-01
2.960781401284667824e-01
3.069857924247931802e-01
3.177783709572972182e-01
3.284530732462372926e-01
3.390071364463197456e-01
3.494378384399839388e-01
3.597424996838922140e-01
3.699184857047680408e-01
3.799632100763928322e-01
3.898741376560364014e-01
3.996487878201075428e-01
4.092847374188124387e-01
4.187796231704904448e-01
4.281311432391531335e-01
4.373370577833627926e-01
4.463951883290426248e-01
4.553034158997266156e-01
4.640596779301167096e-01
4.726619640862466110e-01
4.811083112106698256e-01
4.893967976959752719e-01
4.975255376568116228e-01
5.054926753124827643e-01
5.132963800038247149e-01
5.209348422463612183e-01
5.284062711665472589e-01
5.357088935820423226e-01
5.428409548764031589e-01
5.498007216918178175e-01
5.565864863310775457e-01
5.631965726332507360e-01
5.696293429776843054e-01
5.758832059878584708e-01
5.819566244575323788e-01
5.878481230107805988e-01
5.935562950352993861e-01
5.990798084916069133e-01
6.044174102929907866e-01
6.095679290633152503e-01
6.145302762016817688e-01
6.193034453037564724e-01
6.238865100993971069e-01
6.282786211568810453e-01
6.324790016697776629e-01
6.364869426802078900e-01
6.403017981015723947e-01
6.439229798866934473e-01
6.473499536476353677e-01
6.505822349762470092e-01
6.536193866454560464e-01
6.564610167962406928e-01
6.591067781395006930e-01
6.615563681305591803e-01
6.638095300108581842e-01
6.658660545599411895e-01
6.677257823636003620e-01
6.693886063828607957e-01
6.708544746042125473e-01
6.721233925641199036e-01
6.731954255692256250e-01
6.740707004755359666e-01
6.747494069418128460e-01
6.752317981298927574e-01
6.755181908824643422e-01
6.756089654613459672e-01
6.755045649711673983e-01
6.752054946199007590e-01
6.747123209758451035e-01
6.740256713690911949e-01
6.731462335550820741e-01
6.720747557117363602e-01
6.708120467847482615e-01
6.693589771345285211e-01
6.677164793799996723e-01
6.658855492860215053e-01
6.638672465086090657e-01
6.616626949994440787e-01
6.592730828803974319e-01
6.566996616291744804e-01
6.539437444656737153e-01
6.510067038900149150e-01
6.478899683908995177e-01
6.445950184098924174e-01
6.411233817065925544e-01
6.374766283158538327e-01
6.336563653174048794e-01
6.296642316487139901e-01
6.255018931842462049e-01
6.211710382809347841e-01
6.166733739546914617e-01
6.120106228109084556e-01
6.071845208081386724e-01
6.021968158927574200e-01
5.970492675067367028e-01
5.917436469424990353e-01
5.862817384986005464e-01
5.806653413767681737e-01
5.748962722527568570e-01
5.689763684482230799e-01
5.629074916259854122e-01
5.566915319247413008e-01
5.503304124403024522e-01
5.438260939484285128e-01
5.371805797498883095e-01
5.303959205027680701e-01
5.234742188920461503e-01
5.164176339740084165e-01
5.092283850251613231e-01
5.019087547235197011e-01
4.944610914958341152e-01
4.868878108782415115e-01
4.791913957603433083e-01
4.713743954137376568e-01
4.634394232450039230e-01
4.553891532591360369e-01
4.472263152709655132e-01
4.389536889573968925e-01
4.305740968997620044e-01
4.220903968204667844e-01
4.135054732679649403e-01
4.048222290453892813e-01
3.960435767074133584e-01
3.871724304639176939e-01
3.782116988254216605e-01
3.691642783027029862e-01
3.600330484316094370e-01
3.508208683353417068e-01
3.415305749634680588e-01
3.321649830638838674e-01
3.227268868561215531e-01
3.132190632874363723e-01
3.036442766725721554e-01
2.940052844490436135e-01
2.843048437262276074e-01
2.745457182712362498e-01
2.647306855588678065e-01
2.548625435168250242e-01
2.449441166196137942e-01
2.349782610229017854e-01
2.249678684817319196e-01
2.149158688576809639e-01
2.048252310884793037e-01
1.946989625656354028e-01
1.845401069382134052e-01
1.743517404314140207e-01
1.641369668345198374e-01
1.538989113718582380e-01
1.436407137205131801e-01
1.333655204776963421e-01
1.230764774070425005e-01
1.127767218050487741e-01
1.024693753251244149e-01
9.215753757645490929e-02
8.184428077797785417e-02
7.153264569496756153e-02
6.122563901870756858e-02
5.092623227135404523e-02
4.063736223221251637e-02
3.036193279314252855e-02
2.010281806521085901e-02
9.862866481954432607e-03
-3.550944175617399309e-04
-1.054825288521489372e-02
-2.071380791809992669e-02
-3.084896464214913897e-02
-4.095093046404886528e-02
-5.101691227406480317e-02
-6.104411490643943394e-02
-7.102974097448910840e-02
-8.097099210156319393e-02
-9.086507147443002863e-02
-1.007091875599274156e-01
-1.105005587553158919e-01
-1.202364186926094675e-01
-1.299140218898963972e-01
-1.395306494387886787e-01
-1.490836144349215187e-01
-1.585702668942680360e-01
-1.679879979471316509e-01
-1.773342431585649137e-01
-1.866064848833338674e-01
-1.958022536206829867e-01
-2.049191283856190149e-01
-2.139547361569776873e-01
-2.229067504973922254e-01
-2.317728894667251405e-01
-2.405509129695791726e-01
-2.492386196905350682e-01
-2.578338437789123860e-01
-2.663344514488685255e-01
-2.747383376605100902e-01
-2.830434230427621434e-01
-2.912476512079041902e-01
-2.993489865896537538e-01
-3.073454129105260835e-01
-3.152349323496890232e-01
-3.230155654405570953e-01
-3.306853516800971060e-01
-3.382423507827029274e-01
-3.456846444649868122e-01
-3.530103386089686324e-01
-3.602175656248070013e-01
-3.673044868245725625e-01
-3.742692946281870325e-01
-3.811102144521425483e-01
-3.878255061791562874e-01
-3.944134651682842385e-01
-4.008724228338745310e-01
-4.072007468902909544e-01
-4.133968414191709351e-01
-4.194591469590621124e-01
-4.253861408371619746e-01
-4.311763379554314768e-01
-4.368282922076176522e-01
-4.423405986421384828e-01
-4.477118964041224558e-01
-4.529408723966740213e-01
-4.580262655070601596e-01
-4.629668711588715291e-01
-4.677615458866882792e-01
-4.724092115935128455e-01
-4.769088591484716422e-01
-4.812595510144190292e-01
-4.854604226595243821e-01
-4.895106825973733478e-01
-4.934096110073434849e-01
-4.971565569999143452e-01
-5.007509346985484777e-01
-5.041922184001172980e-01
-5.074799371409653981e-01
-5.106136690300184799e-01
-5.135930357118251299e-01
-5.164176972927021492e-01
-5.190873480069966295e-01
-5.216017128250824975e-01
-5.239605451188031893e-01
-5.261636254125087175e-01
-5.282107611669553116e-01
-5.301017874756627224e-01
-5.318365685034087686e-01
-5.334149994664046934e-01
-5.348370089430789509e-01
-5.361025613111486399e-01
-5.372116591271576258e-01
-5.381643452947040274e-01
-5.389607049027267394e-01
-5.396008666517636554e-01
-5.400850038208954151e-01
-5.404133347593851333e-01
-5.405861229138013702e-01
-5.406036764237364123e-01
-5.404663473375515004e-01
-5.401745305146753440e-01
-5.397286622934135414e-01
-5.391292190132290774e-01
-5.383767154878016381e-01
-5.374717035290549338e-01
-5.364147706217836653e-01
-5.352065388423336012e-01
-5.338476641021840940e-01
-5.323388357779839097e-01
-5.306807767641041895e-01
-5.288742439536389117e-01
-5.269200291213501641e-01
-5.248189601504117396e-01
-5.225719025173093391e-01
-5.201797609292190261e-01
-5.176434809981065310e-01
-5.149640508372446135e-01
-5.121425024788328617e-01
-5.091799130344606406e-01
-5.060774055502990088e-01
-5.028361495420913263e-01
-4.994573612265936768e-01
-4.959423034915918516e-01
-4.922922856622246601e-01
-4.885086631248522493e-01
-4.845928368606171599e-01
-4.805462529207997768e-01
-4.763704018484527514e-01
-4.720668180205331299e-01
-4.676370788573349091e-01
-4.630828038269146907e-01
-4.584056531657166866e-01
-4.536073262454124455e-01
-4.486895595402836667e-01
-4.436541241871959085e-01
-4.385028231768854368e-01
-4.332374882647914149e-01
-4.278599767351057848e-01
-4.223721681862883104e-01
-4.167759615244912008e-01
-4.110732723496345331e-01
-4.052660308964236013e-01
-3.993561806513709067e-01
-3.933456777113682468e-01
-3.872364908860606025e-01
-3.810306024826489724e-01
-3.747300096553217719e-01
-3.683367261585860364e-01
-3.618527843188156790e-01
-3.552802370332398540e-01
-3.486211596196152618e-01
-3.418776513697195374e-01
-3.350518367005848597e-01
-3.281458658429338149e-01
-3.211619150505922171e-01
-3.141021863523829616e-01
-3.069689068956193978e-01
-2.997643279459961119e-01
-2.924907236128982957e-01
-2.851503893639846243e-01
-2.777456403817199493e-01
-2.702788098012426365e-01
-2.627522468570925862e-01
-2.551683149587038457e-01
-2.475293897125020459e-01
-2.398378569118456149e-01
-2.320961105234128907e-01
-2.243065507074643583e-01
-2.164715819168115674e-01
-2.085936111225358824e-01
-2.006750462116158595e-01
-1.927182945917934320e-01
-1.847257620228786312e-01
-1.766998516730188262e-01
-1.686429633761332425e-01
-1.605574930459600091e-01
-1.524458321862239008e-01
-1.443103674278960746e-01
-1.361534800249109278e-01
-1.279775452493618626e-01
-1.197849316451096435e-01
-1.115780001228502960e-01
-1.033591029072160605e-01
-9.513058237431464004e-02
-8.689476984330511689e-02
-7.865398440564312643e-02
-7.041053188879266289e-02
-6.216670405644240949e-02
-5.392477814443948775e-02
-4.568701682101983935e-02
-3.745566864228244003e-02
-2.923296905013529970e-02
-2.102114193118027885e-02
-1.282240172229352770e-02
-4.638956013143391392e-03
3.526991441036171279e-03
1.167323741978146777e-02
1.979757580862220173e-02
2.789779422863871913e-02
3.597167093409654737e-02
4.401697220000606869e-02
5.203145042092682804e-02
6.001284312725226056e-02
6.795887309464035408e-02
7.586724967649290108e-02
8.373567143007817903e-02
9.156183003712686785e-02
9.934341544374049315e-02
1.070781220674584672e-01
1.147636558469208728e-01
1.223977418473459061e-01
1.299781320879969115e-01
1.375026132298529935e-01
1.449690137553448499e-01
1.523752102880558679e-01
1.597191327378597314e-01
1.669987680135012753e-01
1.742121621163079948e-01
1.813574205107257586e-01
1.884327067544251944e-01
1.954362394575676620e-01
2.023662877226496681e-01
2.092211652891794171e-01
2.159992236682807820e-01
2.226988445992971188e-01
2.293184321926138580e-01
2.358564051400866002e-01
2.423111893768755409e-01
2.486812115666201251e-01
2.549648937560950457e-01
2.611606495059261568e-01
2.672668817507422023e-01
2.732819825753958765e-01
2.792043350142365821e-01
2.850323168892487380e-01
2.907643066028213208e-01
2.963986906960632828e-01
3.019338728794299098e-01
3.073682841458357240e-01
3.127003934948929809e-01
3.179287187379813417e-01
3.230518368242228378e-01
3.280683931318989499e-01
3.329771092107591812e-01
3.377767885371714129e-01
3.424663199520603940e-01
3.470446785839353399e-01
3.515109242064203277e-01
3.558641971305975815e-01
3.601037118757155486e-01
3.642287489869494022e-01
3.682386454672841314e-01
3.721327843562687865e-01
3.759105840185446024e-01
3.795714876998977916e-01
3.831149538712086966e-01
3.865404478161446056e-01
3.898474348333025308e-01
3.930353753246789705e-01
3.961037219365626250e-01
3.990519188121693372e-01
4.018794029124613254e-01
4.045856072664198444e-01
4.071699659273967931e-01
4.096319203402336573e-01
4.119709267663625440e-01
4.141864643727014572e-01
4.162780435663144818e-01
4.182452141519326094e-01
4.200875729044858953e-01
4.218047701841470265e-01
4.233965152763516926e-01
4.248625802118935479e-01
4.262028019091337883e-01
4.274170825769529336e-01
4.285053884174035432e-01
4.294677467647098346e-01
4.303042418856340978e-01
4.310150097392683177e-01
4.316002320469616849e-01
4.320601300520028332e-01
4.323949583522382900e-01
4.326049991674411621e-01
4.326905573592625398e-01
4.326519564588098277e-01
4.324895358804485279e-01
4.322036494159780529e-01
4.317946650170322309e-01
4.312629657910465597e-01
4.306089520627268685e-01
4.298330442928521844e-01
4.289356866026945436e-01
4.279173506272817562e-01
4.267785394148655986e-01
4.255197911027715496e-01
4.241416821295506123e-01
4.226448297873235393e-01
4.210298939728535639e-01
4.192975780570493693e-01
4.174486288558934000e-01
4.154838357468377263e-01
4.134040290294606623e-01
4.112100776742768082e-01
4.089028866364918247e-01
4.064833939307485600e-01
4.039525676680678634e-01
4.013114032479089266e-01
3.985609208780575563e-01
3.957021635651506442e-01
3.927361956817391198e-01
3.896641021747729305e-01
3.864869884381179621e-01
3.832059808308336812e-01
3.798222277856633800e-01
3.763369014202926355e-01
3.727511995386010857e-01
3.690663478910924944e-01
3.652836025530447062e-01
3.614042522754833953e-01
3.574296206671936371e-01
3.533610680748176525e-01
3.491999930416771480e-01
3.449478332433019712e-01
3.406060658178576839e-01
3.361762070319650464e-01
3.316598112462834647e-01
3.270584691702378977e-01
3.223738054212448301e-01
3.176074754304373249e-01
3.127611617640094765e-01
3.078365699563390123e-01
3.028354239772862444e-01
2.977594614803766304e-01
2.926104289994886920e-01
2.873900772774889423e-01
2.821001569191375902e-01
2.767424145608014530e-01
2.713185897396235835e-01
2.658304126239223186e-01
2.602796027346289121e-01
2.546678687451888190e-01
2.489969093962881574e-01
2.432684155044628205e-01
2.374840729833863906e-01
2.316455667371188909e-01
2.257545852297759004e-01
2.198128254897748213e-01
2.138219982724627877e-01
2.077838330853182813e-01
2.017000827769030447e-01
1.955725274052404761e-01
1.894029771330658640e-01
1.831932739451855030e-01
1.769452920446795974e-01
1.706609368567203466e-01
1.643421426474361291e-01
1.579908688460748278e-01
1.516090952369550660e-01
1.451988162584935405e-01
1.387620347053049041e-01
1.323007551718432262e-01
1.258169775988761396e-01
1.193126912848907900e-01
1.127898697022677033e-01
1.062504664131260490e-01
9.969641231415539429e-02
9.312961435706329505e-02
8.655195579654000049e-02
7.996529791709178214e-02
7.337148309073469876e-02
6.677233892668295312e-02
6.016968319886225464e-02
5.356532918342570698e-02
4.696109101117035278e-02
4.035878864154286705e-02
3.376025209621284773e-02
2.716732464896613047e-02
2.058186475049208694e-02
1.400574656503113941e-02
7.440859102708146863e-03
8.891040377715695537e-04
-5.647607600096820994e-03
-1.216735959499774984e-02
-1.866823525316106333e-02
-2.514832230269610502e-02
-3.160571764101577363e-02
-3.803853161937766070e-02
-4.444489161252895143e-02
-5.082294469926434966e-02
-5.717085936916947025e-02
-6.348682626346009716e-02
-6.976905804528271693e-02
-7.601578856964145980e-02
-8.222527157926828867e-02
-8.839577918630887876e-02
-9.452560040880698955e-02
-1.006130400159944149e-01
-1.066564178994958284e-01
-1.126540691325338406e-01
-1.186043448108603932e-01
-1.245056136929645202e-01
-1.303562645788543528e-01
-1.361547092921213120e-01
-1.418993860644735261e-01
-1.475887630704234565e-01
-1.532213418265241656e-01
-1.587956601578149607e-01
-1.643102944460368975e-01
-1.697638609103953311e-01
-1.751550157310817479e-01
-1.804824539053785926e-01
-1.857449068209608423e-01
-1.909411386340764127e-01
-1.960699416433394626e-01
-2.011301309437606710e-01
-2.061205387213217999e-01
-2.110400085977986451e-01
-2.158873904526468768e-01
-2.206615361303259359e-01
-2.253612963876482078e-01
-2.299855193503264894e-01
-2.345330506379081359e-01
-2.390027351914260634e-01
-2.433934207096812852e-01
-2.477039624797785777e-01
-2.519332292861032330e-01
-2.560801100080069559e-01
-2.601435204755854769e-01
-2.641224101471795205e-01
-2.680157681999734698e-01
-2.718226286815724757e-01
-2.755420744484783357e-01
-2.791732397083696582e-01
-2.827153110781648881e-01
-2.861675271609039894e-01
-2.895291767251172432e-01
-2.927995956362733909e-01
-2.959781627391266934e-01
-2.990642949225679748e-01
-3.020574416166997844e-01
-3.049570789782214963e-01
-3.077627040179116702e-01
-3.104738289158509024e-01
-3.130899757579330700e-01
-3.156106719120095883e-01
-3.180354462434525908e-01
-3.203638263469249514e-01
-3.225953369421443173e-01
-3.247294995450788480e-01
-3.267658334814178001e-01
-3.287038582565310341e-01
-3.305430972368789688e-01
-3.322830825346672623e-01
-3.339233609242333589e-01
-3.354635005597684794e-01
-3.369030982142418584e-01
-3.382417867231930497e-01
-3.394792422979330815e-01
-3.406151913727531455e-01
-3.416494166705549285e-01
-3.425817622096342108e-01
-3.434121370284343722e-01
-3.441405174708341841e-01
-3.447669479470947262e-01
-3.452915401598508627e-01
-3.457144708556253443e-01
-3.460359782262625861e-01
-3.462563571383665550e-01
-3.463759534106436444e-01
-3.463951573883833346e-01
-3.463143970816465744e-01
-3.461341311401202048e-01
-3.458548419343719371e-01
-3.454770290015870549e-01
-3.450012030946093544e-01
-3.444278810465905560e-01
-3.437575816296826736e-01
-3.429908225448207726e-01
-3.421281186306776023e-01
-3.411699813239685852e-01
-3.401169193420197634e-01
-3.389694404945909900e-01
-3.377280544693717079e-01
-3.363932763790956626e-01
-3.349656308132885063e-01
-3.334456561093021576e-01
-3.318339085497719609e-01
-3.301309662094518149e-01
-3.283374322139200885e-01
-3.264539372336651146e-01
-3.244811411148295077e-01
-3.224197336354773791e-01
-3.202704344651305379e-01
-3.180339924863955781e-01
-3.157111847019840045e-01
-3.133028149909843907e-01
-3.108097129898700905e-01
-3.082327333543533054e-01
-3.055727556091361041e-01
-3.028306847183808714e-01
-3.000074524177410717e-01
-2.971040192485439047e-01
-2.941213771368317853e-01
-2.910605522750168705e-01
-2.879226080013251310e-01
-2.847086473392169137e-01
-2.814198148597753524e-01
-2.780572975653832768e-01
-2.746223245599251350e-01
-2.711161653630417279e-01
-2.675401268346636607e-01
-2.638955487905148001e-01
-2.601837984982277030e-01
-2.564062643365780381e-01
-2.525643489682975473e-01
-2.486594624139348841e-01
-2.446930154176204797e-01
-2.406664134662792331e-01
-2.365810517661358636e-01
-2.324383114013642837e-01
-2.282395568083532278e-01
-2.239861346049699942e-01
-2.196793737265734792e-01
-2.153205867470135426e-01
-2.109110722088147483e-01
-2.064521177546592978e-01
-2.019450038418295623e-01
-1.973910078295227633e-01
-1.927914082510628069e-01
-1.881474891131436900e-01
-1.834605440962942813e-01
-1.787318805595120574e-01
-1.739628232736917801e-01
-1.691547178211068869e-01
-1.643089336019062097e-01
-1.594268663852396739e-01
-1.545099403354566192e-01
-1.495596094368003559e-01
-1.445773582371747412e-01
-1.395647018362484726e-01
-1.345231850576397992e-01
-1.294543807699744531e-01
-1.243598873563571267e-01
-1.192413253739808970e-01
-1.141003334917206208e-01
-1.089385638393904066e-01
-1.037576769434591512e-01
-9.855933645619563421e-02
-9.334520390499476128e-02
-8.811693369359814565e-02
-8.287616857590969499e-02
-7.762453579637475232e-02
-7.236364405001798061e-02
-6.709508136300761094e-02
-6.182041393484986880e-02
-5.654118592052097270e-02
-5.125892006992359418e-02
-4.597511908793487645e-02
-4.069126753554506981e-02
-3.540883406501543068e-02
-3.012927377226136058e-02
-2.485403045908972375e-02
-1.958453862604077333e-02
-1.432222506121957027e-02
-9.068509947688941850e-03
-3.824807476325081754e-03
1.407473984041706641e-03
6.626932048798897523e-03
1.183217065616808290e-02
1.702180039966577282e-02
2.219443866775910185e-02
2.734870942418967873e-02
3.248324250555235937e-02
3.759667237483575730e-02
4.268763634430640386e-02
4.775477236008362353e-02
5.279671651480270789e-02
5.781210051485914658e-02
6.279954936710432922e-02
6.775767956105765988e-02
7.268509800421409095e-02
7.758040192085351172e-02
8.244217985318995356e-02
8.726901381492203902e-02
9.205948255054027807e-02
9.681216575923860812e-02
1.015256490598602929e-01
1.061985294113830247e-01
1.108294206679239780e-01
1.154169589410473373e-01
1.199598074648215440e-01
1.244566607070635850e-01
1.289062475375189476e-01
1.333073333426269269e-01
1.376587210587170984e-01
1.419592511730519147e-01
1.462078008084393699e-01
1.504032820574185692e-01
1.545446397638057801e-01
1.586308489623362017e-01
1.626609121829136473e-01
1.666338568075601267e-01
1.705487326394303504e-01
1.744046098081759033e-01
1.782005770982457438e-01
1.819357407493953638e-01
1.856092237439276316e-01
1.892201655644037694e-01
1.927677223794207195e-01
1.962510675938897720e-01
1.996693926840854005e-01
2.030219082266639941e-01
2.063078450249554996e-01
2.095264552352771315e-01
2.126770134008891255e-01
2.157588173114337593e-01
2.187711886208899836e-01
2.217134731763838740e-01
2.245850410324867485e-01
2.273852861493090571e-01
2.301136257961349796e-01
2.327694997038313174e-01
2.353523690274192393e-01
2.378617151939259322e-01
2.402970387193470447e-01
2.426578580820294706e-01
2.449437087381503286e-01
2.471541423585064956e-01
2.492887263548296539e-01
2.513470437485642028e-01
2.533286934156111503e-01
2.552332907171732113e-01
2.570604684998631373e-01
2.588098784185211554e-01
2.604811925041440879e-01
2.620741048692519781e-01
2.635883334168314107e-01
2.650236214002862356e-01
2.663797386741833528e-01
2.676564824822377231e-01
2.688536776520629168e-01
2.699711761061772131e-01
2.710088556539585469e-01
2.719666180957767132e-01
2.728443867423867020e-01
2.736421035222377229e-01
2.743597259083717654e-01
2.749972239370705451e-01
2.755545776059290519e-01
2.760317749256315234e-01
2.764288108567698465e-01
2.767456872935133982e-01
2.769824141663044803e-01
2.771390116352639987e-01
2.772155132456505799e-01
2.772119698278509015e-01
2.771284538571772149e-01
2.769650639509089740e-01
2.767219291756451982e-01
2.763992128671567960e-01
2.759971157233995775e-01
2.755158780114280725e-01
2.749557808204619591e-01
2.743171463848170233e-01
2.736003375809140659e-01
2.728057567628609514e-01
2.719338441350445668e-01
2.709850758652781466e-01
2.699599621197993349e-01
2.688590451568722006e-01
2.676828975567075997e-01
2.664321206013166021e-01
2.651073427584461073e-01
2.637092181775355093e-01
2.622384250791422455e-01
2.606956639159944134e-01
2.590816552039324483e-01
2.573971369614639348e-01
2.556428617517788604e-01
2.538195933833770068e-01
2.519281033866849207e-01
2.499691674363093419e-01
2.479435619253760048e-01
2.458520609152747005e-01
2.436954336792403475e-01
2.414744430322523505e-01
2.391898445957776620e-01
2.368423870887963190e-01
2.344328136721550992e-01
2.319618643077119846e-01
2.294302790325722929e-01
2.268388019963911428e-01
2.241881860693237527e-01
2.214791978011704521e-01
2.187126224986150058e-01
2.158892691861446500e-01
2.130099752255417422e-01
2.100756103867577607e-01
2.070870801877454648e-01
2.040453283510390015e-01
2.009513382596101461e-01
1.978061333333194782e-01
1.946107762897731908e-01
1.913663672991960107e-01
1.880740410911473093e-01
1.847349631200701503e-01
1.813503249445000687e-01
1.779213390182994015e-01
1.744492331280682318e-01
1.709352447353775506e-01
1.673806154924354084e-01
1.637865861928899658e-01
1.601543923946352477e-01
1.564852609091986479e-01
1.527804072948983904e-01
1.490410344223383476e-01
1.452683321063392430e-01
1.414634777242702313e-01
1.376276376735301177e-01
1.337619694667201431e-01
1.298676242270024594e-01
1.259457493317153176e-01
1.219974909609650576e-01
1.180239963388425434e-01
1.140264155051134709e-01
1.100059025196479801e-01
1.059636160739895611e-01
1.019007195568788354e-01
9.781838068557507926e-02
9.371777086553806368e-02
8.960006447168887556e-02
8.546643825143394879e-02
8.131807103163025963e-02
7.715614387013167152e-02
7.298184073156042950e-02
6.879634969288396518e-02
6.460086460538136399e-02
6.039658706468076232e-02
5.618472847872924003e-02
5.196651198263965016e-02
4.774317393514983937e-02
4.351596474678934290e-02
3.928614883436663124e-02
3.505500356614122542e-02
3.082381715006143191e-02
2.659388551436458678e-02
2.236650832506611314e-02
1.814298436778100446e-02
1.392460658272623442e-02
9.712657074905921284e-03
5.508402423062631718e-03
1.313089581502371352e-03
-2.872057387459427732e-03
-7.045839588640074973e-03
-1.120708450108637289e-02
-1.535464612775748125e-02
-1.948740417527082894e-02
-2.360426241101359901e-02
-2.770414638291053902e-02
-3.178600070184885162e-02
-3.584878608001054734e-02
-3.989147629480101209e-02
-4.391305521416580260e-02
-4.791251398207784645e-02
-5.188884842947280585e-02
-5.584105675103409605e-02
-5.976813747464007620e-02
-6.366908774802294835e-02
-6.754290197376323912e-02
-7.138857083467287090e-02
-7.520508076148488263e-02
-7.899141389814184899e-02
-8.274654861266450556e-02
-8.646946058128808510e-02
-9.015912444063080289e-02
-9.381451595994617920e-02
-9.743461463814354073e-02
-1.010184065848035995e-01
-1.045648875078817458e-01
-1.080730656094703451e-01
-1.115419641894349473e-01
-1.149706237770336259e-01
-1.183581036517803442e-01
-1.217034826731256403e-01
-1.250058594076461915e-01
-1.282643516146367291e-01
-1.314780952177571627e-01
-1.346462429440060671e-01
-1.377679628454115679e-01
-1.408424369296664702e-01
-1.438688601123276067e-01
-1.468464396669305616e-01
-1.497743952946410662e-01
-1.526519598680149414e-01
-1.554783808312137638e-01
-1.582529221690219812e-01
-1.609748667959691182e-01
-1.636435191703121406e-01
-1.662582079093893328e-01
-1.688182881748917508e-01
-1.713231436090467130e-01
-1.737721876340276306e-01
-1.761648639742501299e-01
-1.785006463206877114e-01
-1.807790371233529148e-01
-1.829995655677146837e-01
-1.851617848579092118e-01
-1.872652689892319311e-01
-1.893096092398869890e-01
-1.912944106433751013e-01
-1.932192887151213678e-01
-1.950838666981542791e-01
-1.968877735625252368e-01
-1.986306429431244358e-01
-2.003121131337741445e-01
-2.019318281768825996e-01
-2.034894400037192408e-01
-2.049846114976472955e-01
-2.064170202786130559e-01
-2.077863629484892338e-01
-2.090923594987841305e-01
-2.103347575681032144e-01
-2.115133362475615231e-01
-2.126279091667234167e-01
-2.136783266468638975e-01
-2.146644767770708173e-01
-2.155862853454411920e-01
-2.164437146356111008e-01
-2.172367611718405700e-01
-2.179654525586475766e-01
-2.186298436098992881e-01
-2.192300119953303483e-01
-2.197660536492879457e-01
-2.202380781880684257e-01
-2.206462045703661834e-01
-2.209905572124627182e-01
-2.212712627383273400e-01
-2.214884475070650893e-01
-2.216422360181143081e-01
-2.217327502499699954e-01
-2.217601099424490463e-01
-2.217244337870460935e-01
-2.216258414462637105e-01
-2.214644562825807128e-01
-2.212404086427609551e-01
-2.209538395153454737e-01
-2.206049043601111814e-01
-2.201937768994002287e-01
-2.197206526633382617e-01
-2.191857520941973281e-01
-2.185893230389432396e-01
-2.179316424919848783e-01
-2.172130174904606525e-01
-2.164337851097327958e-01
-2.155943115546395672e-01
-2.146949903899923184e-01
-2.137362399994585382e-01
-2.127185004033185778e-01
-2.116422296007845205e-01
-2.105078996302404415e-01
-2.093159925596291826e-01
-2.080669966283639205e-01
-2.067614027608598581e-01
-2.053997016596265379e-01
-2.039823816627670261e-01
-2.025099275170613444e-01
-2.009828201744841003e-01
-1.994015376685586705e-01
-1.977665570696249542e-01
-1.960783574576771549e-01
-1.943374237913444436e-01
-1.925442514954620599e-01
-1.906993515413529239e-01
-1.888032557568966596e-01
-1.868565220807959226e-01
-1.848597394692929052e-01
-1.828135321751354625e-01
-1.807185631476817822e-01
-1.785755363482918467e-01
-1.763851978338857596e-01
-1.741483355299450753e-01
-1.718657776876763577e-01
-1.695383900933449539e-01
-1.671670721657297354e-01
-1.647527521353297497e-01
-1.622963815423388856e-01
-1.597989293166225400e-01
-1.572613757106659516e-01
-1.546847063460050353e-01
-1.520699066070958227e-01
-1.494179565773514629e-01
-1.467298266648715821e-01
-1.440064740154320122e-01
-1.412488397627956194e-01
-1.384578471259229615e-01
-1.356344003324714831e-01
-1.327793843296523335e-01
-1.298936652367180533e-01
-1.269780914958167639e-01
-1.240334956859034665e-01
-1.210606969730615434e-01
-1.180605041750148188e-01
-1.150337194134379848e-01
-1.119811423120180421e-01
-1.089035746700880575e-01
-1.058018255025260090e-01
-1.026767162900781016e-01
-9.952908623600184579e-02
-9.635979728168027336e-02
-9.316973860276958619e-02
-8.995983029493875849e-02
-8.673102596911597129e-02
-8.348431401279046704e-02
-8.022071733592227305e-02
-7.694129150401467221e-02
-7.364712126090411370e-02
-7.033931555178499218e-02
-6.701900126366026889e-02
-6.368731599631936857e-02
-6.034540025344538317e-02
-5.699438949349761030e-02
-5.363540649896100798e-02
-5.026955450843818840e-02
-4.689791150987597523e-02
-4.352152601853525454e-02
-4.014141456611045045e-02
-3.675856101518919922e-02
-3.337391769460414104e-02
-2.998840823484119622e-02
-2.660293187683351879e-02
-2.321836893921245745e-02
-1.983558706398921151e-02
-1.645544782225167452e-02
-1.307881325134645917e-02
-9.706551912688316311e-03
-6.339544102458002928e-03
-2.978685912102141658e-03
3.751080833696176608e-04
3.720903639693020140e-03
7.057747194744603755e-03
1.038466769748637442e-02
1.370067976847111520e-02
1.700478797201618320e-02
2.029599192273508559e-02
2.357329191090800843e-02
2.683569471362931905e-02
3.008221926193614323e-02
3.331190185702704448e-02
3.652380066894076599e-02
3.971699930535881745e-02
4.289060930248245196e-02
4.604377145962940815e-02
4.917565600958814787e-02
5.228546168326109189e-02
5.537241378561496424e-02
5.843576144710124071e-02
6.147477424816445019e-02
6.448873843308537690e-02
6.747695293326387567e-02
7.043872541033589785e-02
7.337336850849940362e-02
7.628019647600391140e-02
7.915852228129892365e-02
8.200765531314134493e-02
8.482689971909034010e-02
8.761555340555329807e-02
9.037290769645101030e-02
9.309824762715868118e-02
9.579085283531740824e-02
9.844999899930249876e-02
1.010749597670185934e-01
1.036650091105360133e-01
1.062194240343316692e-01
1.087374875555082304e-01
1.112184918629676583e-01
1.136617415495847910e-01
1.160665567982913926e-01
1.184322763916044879e-01
1.207582604069637328e-01
1.230438924598278722e-01
1.252885813650800040e-01
1.274917621064983464e-01
1.296528960345242898e-01
1.317714702536281202e-01
1.338469962103187583e-01
1.358790075479413550e-01
1.378670573504956476e-01
1.398107149496444768e-01
1.417095625115106505e-01
1.435631916477501935e-01
1.453712003047256118e-01
1.471331901728260005e-01
1.488487648246374362e-01
1.505175287374325432e-01
1.521390872863133958e-01
1.537130477152722496e-01
1.552390210117832181e-01
1.567166245343939723e-01
1.581454851799763972e-01
1.595252428344768880e-01
1.608555538328731993e-01
1.621360941625689667e-01
1.633665621787236399e-01
1.645466806561019790e-01
1.656761980735110273e-01
1.667548891056115645e-01
1.677825543738582503e-01
1.687590195749482935e-01
1.696841341542469350e-01
1.705577697183481567e-01
1.713798183832764832e-01
1.721501912340179796e-01
1.728688170310923866e-01
1.735356412471342757e-01
1.741506254585523106e-01
1.747137470623152944e-01
1.752249992428678294e-01
1.756843910845487244e-01
1.760919477136006772e-01
1.764477103611720998e-01
1.767517362622174348e-01
1.770040983403357582e-01
1.772048846694431190e-01
1.773541977433276129e-01
1.774521536177593728e-01
1.774988810123283023e-01
1.774945204680019317e-01
1.774392236510313470e-01
1.773331528759776177e-01
1.771764808935989144e-01
1.769693909575359991e-01
1.767120771518624622e-01
1.764047449339229134e-01
1.760476118266914580e-01
1.756409081840030473e-01
1.751848779506518794e-01
1.746797793463593651e-01
1.741258854157350378e-01
1.735234844026938006e-01
1.728728799244872438e-01
1.721743909350748891e-01
1.714283514783849216e-01
1.706351102384806584e-01
1.697950298961952986e-01
1.689084863017139837e-01
1.679758674716654854e-01
1.669975724195973676e-01
1.659740098319108792e-01
1.649055966087002445e-01
1.637927563007434695e-01
1.626359174896313264e-01
1.614355121761966994e-01
1.601919742608654273e-01
1.589057382156278675e-01
1.575772380582809995e-01
1.562069067428198954e-01
1.547951760733679571e-01
1.533424772316512030e-01
1.518492419795301751e-01
1.503159045595201249e-01
1.487429042696109260e-01
1.471306886371708533e-01
1.454797170642461168e-01
1.437904647675911918e-01
1.420634267959334507e-01
1.402991218786456828e-01
1.384980958478649049e-01
1.366609243826784892e-01
1.347882148504543354e-01
1.328806070660276673e-01
1.309387728519476601e-01
1.289634143580947467e-01
1.269552611811831377e-01
1.249150664073470224e-01
1.228436017772181754e-01
1.207416522359845285e-01
1.186100101752216862e-01
1.164494696948408514e-01
1.142608212103696230e-01
1.120448467034866058e-01
1.098023158649956837e-01
1.075339833140482593e-01
1.052405870016091677e-01
1.029228478268836428e-01
1.005814704194924053e-01
9.821714497366272612e-02
9.583054996809342585e-02
9.342235556911507310e-02
9.099322749592524129e-02
8.854383112380175003e-02
8.607483561153347895e-02
8.358691785927858942e-02
8.108076612873908739e-02
7.855708318544643576e-02
7.601658885038257985e-02
7.346002187364915337e-02
7.088814106612709165e-02
6.830172564680186964e-02
6.570157478510338378e-02
6.308850634085161335e-02
6.046335483056169274e-02
5.782696867849954764e-02
5.518020684355110644e-02
5.252393494706240201e-02
4.985902105971131565e-02
4.718633133383851042e-02
4.450672568796587569e-02
4.182105375920302376e-02
3.913015133447776683e-02
3.643483745187765799e-02
3.373591232924113420e-02
3.103415623042143912e-02
2.833032932372444093e-02
2.562517252628817785e-02
2.291940926756845520e-02
2.021374804953893212e-02
1.750888563509618231e-02
1.480551066278562762e-02
1.210430746742519915e-02
9.405959883041620923e-03
6.711154816019321984e-03
4.020585400523178990e-03
1.334953582387092162e-03
-1.345027981493573856e-03
-4.018634776880120225e-03
-6.685130062871409533e-03
-9.343765260801035685e-03
-1.199378104423402119e-02
-1.463440904033305387e-02
-1.726487402697957432e-02
-1.988439649158406375e-02
-2.249219540675553505e-02
-2.508749107504591735e-02
-2.766950789970668706e-02
-3.023747695036837005e-02
-3.279063821113492594e-02
-3.532824242270898862e-02
-3.784955245848854732e-02
-4.035384420537119904e-02
-4.284040695136551863e-02
-4.530854331206175117e-02
-4.775756875464851753e-02
-5.018681079990192084e-02
-5.259560799827855265e-02
-5.498330878526519472e-02
-5.734927032342967967e-02
-5.969285743459037258e-02
-6.201344171595171012e-02
-6.431040091995482433e-02
-6.658311866003455148e-02
-6.883098448443938921e-02
-7.105339433867824406e-02
-7.324975141471874729e-02
-7.541946736240744131e-02
-7.756196381641937421e-02
-7.967667417099522087e-02
-8.176304551574081758e-02
-8.382054062982199905e-02
-8.584863992018824941e-02
-8.784684318319714580e-02
-8.981467106928855970e-02
-9.175166613796494064e-02
-9.365739340565683302e-02
-9.553144031179724993e-02
-9.737341605771900055e-02
-9.918295030714883997e-02
-1.009596912739464392e-01
-1.027033032595924544e-01
-1.044134637369483615e-01
-1.060898601051641771e-01
-1.077321862608972419e-01
-1.093401391414688811e-01
-1.109134153954007274e-01
-1.124517083251292682e-01
-1.139547052269023891e-01
-1.154220852262154845e-01
-1.168535176766550693e-01
-1.182486611591465758e-01
-1.196071630907634964e-01
-1.209286599303239090e-01
-1.222127779539775583e-01
-1.234591345685839142e-01
-1.246673401331594710e-01
-1.258370002669382814e-01
-1.269677186333435237e-01
-1.280591001984656696e-01
-1.291107549663494947e-01
-1.301223021880163200e-01
-1.310933750242725404e-01
-1.320236256133308084e-01
-1.329127304543382404e-01
-1.337603959703705381e-01
-1.345663640642168202e-01
-1.353304174335569487e-01
-1.360523843754267159e-01
-1.367321427893863350e-01
-1.373696230894491110e-01
-1.379648097596090639e-01
-1.385177413373073763e-01
-1.390285086813785875e-01
-1.394972514714725442e-01
-1.399241529880793089e-01
-1.403094333281927897e-01
-1.406533413127965537e-01
-1.409561454304401606e-01
-1.412181242289839711e-01
-1.414395566096284806e-01
-1.416207124902593428e-01
-1.417618442880603791e-01
-1.418631796258058575e-01
-1.419249155959024511e-01
-1.419472148267152123e-01
-1.419302034936541224e-01
-1.418739713104025524e-01
-1.417785734309521539e-01
-1.416440340976319323e-01
-1.414703517898846241e-01
-1.412575055674064883e-01
-1.410054622620071640e-01
-1.407141841558370299e-01
-1.403836367884339908e-01
-1.400137965587443523e-01
-1.396046578271032401e-01
-1.391562392716514662e-01
-1.386685893090878752e-01
-1.381417904466174518e-01
-1.375759624866829678e-01
-1.369712645558557873e-01
-1.363278959724583683e-01
-1.356460960036003915e-01
-1.349261425917621104e-01
-1.341683501548991131e-01
-1.333730665836129203e-01
-1.325406695754819397e-01
-1.316715624610002577e-01
-1.307661696879381941e-01
-1.298249321408547485e-01
-1.288483024788307230e-01
-1.278367406757224822e-01
-1.267907099417121264e-01
-1.257106731911707687e-01
-1.245970901989846141e-01
-1.234504155554023291e-01
-1.222710974890455632e-01
-1.210595775809023000e-01
-1.198162913416733616e-01
-1.185416695742619597e-01
-1.172361403962938059e-01
-1.159001317580749812e-01
-1.145340742626298480e-01
-1.131384040788984691e-01
-1.117135657382045538e-01
-1.102600146178686624e-01
-1.087782189432768137e-01
-1.072686611785308441e-01
-1.057318387229147227e-01
-1.041682638820520812e-01
-1.025784631348845843e-01
-1.009629757666561933e-01
-9.932235198063212034e-02
-9.765715063464085188e-02
-9.596793677094551944e-02
-9.425527911845194007e-02
-9.251974774476971752e-02
-9.076191202272977654e-02
-8.898233905277656841e-02
-8.718159265071349917e-02
-8.536023297142546207e-02
-8.351881679543093906e-02
-8.165789845861480545e-02
-7.977803135865160766e-02
-7.787976992694542466e-02
-7.596367191517844342e-02
-7.403030081356959391e-02
-7.208022819656398350e-02
-7.011403578350783317e-02
-6.813231700899784193e-02
-6.613567792135160994e-02
-6.412473726806790231e-02
-6.210012568300884300e-02
-6.006248395839772214e-02
-5.801246046112496640e-02
-5.595070783144925897e-02
-5.387787917607522042e-02
-5.179462402952579592e-02
-4.970158440073953188e-02
-4.759939123997333071e-02
-4.548866165042197984e-02
-4.336999712788233013e-02
-4.124398304173985258e-02
-3.911118947602707646e-02
-3.697217343763373187e-02
-3.482748231968855329e-02
-3.267765839278563567e-02
-3.052324399668525021e-02
-2.836478703096261336e-02
-2.620284630342818374e-02
-2.403799629531666593e-02
-2.187083094374716111e-02
-1.970196612190379046e-02
-1.753204060875305711e-02
-1.536171547227270159e-02
-1.319167192997715808e-02
-1.102260788365004227e-02
-8.855233437809008346e-03
-6.690265791636813321e-03
-4.528423933530817055e-03
-2.370423562049386607e-03
-2.169726079776696285e-04
1.931232354540256919e-03
4.073508633921364176e-03
6.209188838113523061e-03
8.337621263133955518e-03
1.045816944398852456e-02
1.257021113989204887e-02
1.467313706834351590e-02
1.676634970216134279e-02
1.884926240083181770e-02
2.092129906845579049e-02
2.298189442580025194e-02
2.503049486728595868e-02
2.706655976053400081e-02
2.908956295142570841e-02
3.109899417422338705e-02
3.309436004314483121e-02
3.507518432277513531e-02
3.704100723832728925e-02
3.899138368604848637e-02
4.092588032763020550e-02
4.284407168573575730e-02
4.474553548478171078e-02
4.662984758659511481e-02
4.849657694164288130e-02
5.034528100431830827e-02
5.217550204147843040e-02
5.398676469869106986e-02
5.577857508536034070e-02
5.755042150924660066e-02
5.930177684699852736e-02
6.103210239553905070e-02
6.274085292420161775e-02
6.442748255183608497e-02
6.609145101546573531e-02
6.773222988171932746e-02
6.934930827861099378e-02
7.094219778823870892e-02
7.251043623185911280e-02
7.405359018642122815e-02
7.557125618382427856e-02
7.706306064923913735e-02
7.852865872296478644e-02
7.996773217441079107e-02
8.137998665333341652e-02
8.276514853223172763e-02
8.412296157800734642e-02
8.545318365612035449e-02
8.675558362371503518e-02
8.802993851712560824e-02
8.927603109081487520e-02
9.049364772479541463e-02
9.168257668947686623e-02
9.284260674197281071e-02
9.397352602525460563e-02
9.507512124836078882e-02
9.614717713815409961e-02
9.718947616632162001e-02
9.820179856520265538e-02
9.918392264925081359e-02
1.001356254536348023e-01
1.010566836874377677e-01
1.019468749776518413e-01
1.028059793546184930e-01
1.036337809036652347e-01
1.044300694857336620e-01
1.051946424157984422e-01
1.059273059849593773e-01
1.066278767219595025e-01
1.072961823125429814e-01
1.079320621287428034e-01
1.085353673614355141e-01
1.091059607937257675e-01
1.096437162945559096e-01
1.101485181461429180e-01
1.106202603408202034e-01
1.110588459893724067e-01
1.114641869726355899e-01
1.118362039415989190e-01
1.121748267312694669e-01
1.124799952046095786e-01
1.127516604906765446e-01
1.129897865319426098e-01
1.131943518156533490e-01
1.133653511379347084e-01
1.135027972403791496e-01
1.136067221681616168e-01
1.136771782250557000e-01
1.137142384407054813e-01
1.137179965140205223e-01
1.136885662475335818e-01
1.136260805345989805e-01
1.135306899988421242e-01
1.134025614088712275e-01
1.132418759987348922e-01
1.130488278156785709e-01
1.128236221935138422e-01
1.125664744162100522e-01
1.122776085971741028e-01
1.119572567607435704e-01
1.116056580789191177e-01
1.112230581926288431e-01
1.108097085356017086e-01
1.103658655811790845e-01
1.098917899471999193e-01
1.093877453189492921e-01
1.088539971813770324e-01
1.082908113851620419e-01
1.076984526024661187e-01
1.070771827538455762e-01
1.064272595051515002e-01
1.057489349410438428e-01
1.050424545199506038e-01
1.043080564049207043e-01
1.035459712477600491e-01
1.027564224822795219e-01
1.019396271586441582e-01
1.010957973265603493e-01
1.002251419516294040e-01
9.932786932724207984e-02
9.840418992401193943e-02
9.745431959954921342e-02
9.647848307303856508e-02
9.547691755137929781e-02
9.444987637677319803e-02
9.339763255051183877e-02
9.232048197561981695e-02
9.121874625396042546e-02
9.009277487339986679e-02
8.894294662973904753e-02
8.776967014781905663e-02
8.657338339727660426e-02
8.535455214047937833e-02
8.411366730178355955e-02
8.285124130572345258e-02
8.156780349350750692e-02
8.026389478793535814e-02
7.894006183202642579e-02
7.759685087184120533e-02
7.623480168532281720e-02
7.485444187355606849e-02
7.345628182684041385e-02
7.204081065492262681e-02
7.060849332942774337e-02
6.915976922896978352e-02
6.769505220663288303e-02
6.621473221924353836e-02
6.471917847245556299e-02
6.320874394968621635e-02
6.168377111107271188e-02
6.014459847540380016e-02
5.859156773772388610e-02
5.702503103191450262e-02
5.544535792431051768e-02
5.385294172393925716e-02
5.224820471878358075e-02
5.063160199601559469e-02
4.900362357625427656e-02
4.736479468487651834e-02
4.571567409272637300e-02
4.405685057807158522e-02
4.238893768372123394e-02
4.071256705920582586e-02
3.902838077892722968e-02
3.733702310459036805e-02
3.563913220685616112e-02
3.393533237180195589e-02
3.222622719011057624e-02
3.051239416179461414e-02
2.879438105088286820e-02
2.707270420020557039e-02
2.534784887601711570e-02
2.362027156710820586e-02
2.189040402526940682e-02
2.015865871472350204e-02
1.842543524695271565e-02
1.669112732106209016e-02
1.495612967192780710e-02
1.322084454893384525e-02
1.148568730372531016e-02
9.751090749883882872e-03
8.017508062455616646e-03
6.285414101350713864e-03
4.555305160105567637e-03
2.827697251368940096e-03
1.103123135104966835e-03
-6.178716308183908844e-04
-2.334733288979363303e-03
-4.046904778192582028e-03
-5.753830578351486202e-03
-7.454961182925856286e-03
-9.149756925431481655e-03
-1.083769095031830894e-02
-1.251825119436500086e-02
-1.419094132641973531e-02
-1.585528067551585443e-02
-1.751080325431852991e-02
-1.915705605102503012e-02
-2.079359681329032497e-02
-2.241999157840882453e-02
-2.403581221215473837e-02
-2.564063420330253695e-02
-2.723403492297364614e-02
-2.881559250069718955e-02
-3.038488539767226354e-02
-3.194149267910001422e-02
-3.348499490963342817e-02
-3.501497552724399526e-02
-3.653102249880469526e-02
-3.803273003140571207e-02
-3.951970011054960902e-02
-4.099154366057228271e-02
-4.244788117144782796e-02
-4.388834270418086325e-02
-4.531256726645425253e-02
