-2.913760674791409100e-01
-2.935938228477241729e-01
-2.958152600042247560e-01
-2.980401905346747315e-01
-3.002684236584922117e-01
-3.024997662397714282e-01
-3.047340227992191286e-01
-3.069709955267458934e-01
-3.092104842947123733e-01
-3.114522866718355543e-01
-3.136961979377590470e-01
-3.159420110982872898e-01
-3.181895169012908253e-01
-3.204385038532808760e-01
-3.226887582366607665e-01
-3.249400641276524171e-01
-3.271922034149007397e-01
-3.294449558187612093e-01
-3.316980989112680578e-01
-3.339514081367881970e-01
-3.362046568333600938e-01
-3.384576162547203726e-01
-3.407100555930184793e-01
-3.429617420022202934e-01
-3.452124406222016328e-01
-3.474619146035328732e-01
-3.497099251329530145e-01
-3.519562314595361396e-01
-3.542005909215468207e-01
-3.564427589739871949e-01
-3.586824892168340440e-01
-3.609195334239646558e-01
-3.631536415727709688e-01
-3.653845618744613888e-01
-3.676120408050478905e-01
-3.698358231370177940e-01
-3.720556519716872179e-01
-3.742712687722377640e-01
-3.764824133974271625e-01
-3.786888241359793184e-01
-3.808902377416464313e-01
-3.830863894689413018e-01
-3.852770131095366590e-01
-3.874618410293284021e-01
-3.896406042061601460e-01
-3.918130322682034095e-01
-3.939788535329896146e-01
-3.961377950470922338e-01
-3.982895826264511996e-01
-4.004339408973364711e-01
-4.025705933379469803e-01
-4.046992623206371875e-01
-4.068196691547679711e-01
-4.089315341301756890e-01
-4.110345765612513635e-01
-4.131285148316291567e-01
-4.152130664394718118e-01
-4.172879480433505650e-01
-4.193528755087106985e-01
-4.214075639549160202e-01
-4.234517278028674947e-01
-4.254850808231832038e-01
-4.275073361849378029e-01
-4.295182065049494846e-01
-4.315174038976078985e-01
-4.335046400252359211e-01
-4.354796261489712328e-01
-4.374420731801670348e-01
-4.393916917322965854e-01
-4.413281921733529511e-01
-4.432512846787375338e-01
-4.451606792846261595e-01
-4.470560859417991306e-01
-4.489372145699324079e-01
-4.508037751123319947e-01
-4.526554775911056927e-01
-4.544920321627608506e-01
-4.563131491742140611e-01
-4.581185392192043127e-01
-4.599079131950996602e-01
-4.616809823600790397e-01
-4.634374583906866740e-01
-4.651770534397386414e-01
-4.668994801945733353e-01
-4.686044519356355464e-01
-4.702916825953744606e-01
-4.719608868174504646e-01
-4.736117800162318314e-01
-4.752440784365724036e-01
-4.768574992138532309e-01
-4.784517604342772290e-01
-4.800265811954010364e-01
-4.815816816668923583e-01
-4.831167831514958100e-01
-4.846316081461959357e-01
-4.861258804035613612e-01
-4.875993249932538687e-01
-4.890516683636919604e-01
-4.904826384038496467e-01
-4.918919645051770817e-01
-4.932793776236283900e-01
-4.946446103417816431e-01
-4.959873969310314434e-01
-4.973074734138454023e-01
-4.986045776260613627e-01
-4.998784492792164302e-01
-5.011288300228844417e-01
-5.023554635070133223e-01
-5.035580954442396839e-01
-5.047364736721680067e-01
-5.058903482155968634e-01
-5.070194713486745330e-01
-5.081235976569716817e-01
-5.092024840994453516e-01
-5.102558900702889311e-01
-5.112835774606411254e-01
-5.122853107201440492e-01
-5.132608569183276792e-01
-5.142099858058094553e-01
-5.151324698752849374e-01
-5.160280844222994157e-01
-5.168966076057771586e-01
-5.177378205082955320e-01
-5.185515071960826727e-01
-5.193374547787229512e-01
-5.200954534685562347e-01
-5.208252966397463046e-01
-5.215267808870055477e-01
-5.221997060839598248e-01
-5.228438754411315337e-01
-5.234590955635261000e-01
-5.240451765078032453e-01
-5.246019318390189312e-01
-5.251291786869127787e-01
-5.256267378017336345e-01
-5.260944336095756402e-01
-5.265320942672159221e-01
-5.269395517164302545e-01
-5.273166417377745940e-01
-5.276632040038086169e-01
-5.279790821317529304e-01
-5.282641237355520936e-01
-5.285181804773370073e-01
-5.287411081182612493e-01
-5.289327665686994751e-01
-5.290930199377880117e-01
-5.292217365822928787e-01
-5.293187891547876944e-01
-5.293840546511245915e-01
-5.294174144571819340e-01
-5.294187543948722929e-01
-5.293879647673954691e-01
-5.293249404037182471e-01
-5.292295807022677767e-01
-5.291017896738191562e-01
-5.289414759835653346e-01
-5.287485529923504624e-01
-5.285229387970539205e-01
-5.282645562701072661e-01
-5.279733330981303263e-01
-5.276492018196737854e-01
-5.272920998620472810e-01
-5.269019695772254597e-01
-5.264787582768128971e-01
-5.260224182660554471e-01
-5.255329068768845868e-01
-5.250101864999799917e-01
-5.244542246158359067e-01
-5.238649938248196580e-01
-5.232424718762104243e-01
-5.225866416962001715e-01
-5.218974914148499789e-01
-5.211750143919848810e-01
-5.204192092420185656e-01
-5.196300798576934943e-01
-5.188076354327247897e-01
-5.179518904833380066e-01
-5.170628648686885764e-01
-5.161405838101527088e-01
-5.151850779094766519e-01
-5.141963831657783146e-01
-5.131745409913869294e-01
-5.121195982265129842e-01
-5.110316071527398751e-01
-5.099106255053243997e-01
-5.087567164843018741e-01
-5.075699487643831054e-01
-5.063503965036384447e-01
-5.050981393509573758e-01
-5.038132624522785319e-01
-5.024958564555827012e-01
-5.011460175146396079e-01
-4.997638472915038599e-01
-4.983494529577522925e-01
-4.969029471944587106e-01
-4.954244481908974262e-01
-4.939140796419716484e-01
-4.923719707443625637e-01
-4.907982561913931119e-01
-4.891930761666016814e-01
-4.875565763360233396e-01
-4.858889078391731564e-01
-4.841902272787316219e-01
-4.824606967089222209e-01
-4.807004836225887701e-01
-4.789097609369600828e-01
-4.770887069781073464e-01
-4.752375054640890495e-01
-4.733563454867842357e-01
-4.714454214924113096e-01
-4.695049332607340586e-01
-4.675350858829556699e-01
-4.655360897382943564e-01
-4.635081604692533608e-01
-4.614515189555746244e-01
-4.593663912868849453e-01
-4.572530087340334060e-01
-4.551116077191235121e-01
-4.529424297842427061e-01
-4.507457215588916433e-01
-4.485217347261167276e-01
-4.462707259873507915e-01
-4.439929570259653069e-01
-4.416886944695381234e-01
-4.393582098508427292e-01
-4.370017795675645855e-01
-4.346196848407488100e-01
-4.322122116719880891e-01
-4.297796507993519310e-01
-4.273222976520724692e-01
-4.248404523039858716e-01
-4.223344194257418471e-01
-4.198045082357880209e-01
-4.172510324501377266e-01
-4.146743102309289331e-01
-4.120746641337856286e-01
-4.094524210539897124e-01
-4.068079121714724966e-01
-4.041414728946392532e-01
-4.014534428030336333e-01
-3.987441655888559477e-01
-3.960139889973448568e-01
-3.932632647660364578e-01
-3.904923485629088198e-01
-3.877015999234289523e-01
-3.848913821865140306e-01
-3.820620624294160383e-01
-3.792140114015492003e-01
-3.763476034572708628e-01
-3.734632164876297011e-01
-3.705612318510975167e-01
-3.676420343032978932e-01
-3.647060119257494182e-01
-3.617535560536352390e-01
-3.587850612026191599e-01
-3.558009249947204355e-01
-3.528015480832659700e-01
-3.497873340769391270e-01
-3.467586894629351990e-01
-3.437160235292492927e-01
-3.406597482861083992e-01
-3.375902783865682433e-01
-3.345080310462943962e-01
-3.314134259625423073e-01
-3.283068852323584030e-01
-3.251888332700223483e-01
-3.220596967237459030e-01
-3.189199043916514098e-01
-3.157698871370481775e-01
-3.126100778030294625e-01
-3.094409111264069812e-01
-3.062628236510052671e-01
-3.030762536403390217e-01
-2.998816409896905566e-01
-2.966794271376116954e-01
-2.934700549768708977e-01
-2.902539687648677535e-01
-2.870316140335357757e-01
-2.838034374987571939e-01
-2.805698869693113440e-01
-2.773314112553805222e-01
-2.740884600766331780e-01
-2.708414839699113674e-01
-2.675909341965426180e-01
-2.643372626493011857e-01
-2.610809217590402409e-01
-2.578223644010229632e-01
-2.545620438009691400e-01
-2.513004134408496348e-01
-2.480379269644455154e-01
-2.447750380827003469e-01
-2.415122004788882171e-01
-2.382498677136222209e-01
-2.349884931297273050e-01
-2.317285297570043090e-01
-2.284704302169062728e-01
-2.252146466271542913e-01
-2.219616305063173978e-01
-2.187118326783807909e-01
-2.154657031773274389e-01
-2.122236911517572655e-01
-2.089862447695709502e-01
-2.057538111227426858e-01
-2.025268361322039856e-01
-1.993057644528683781e-01
-1.960910393788187767e-01
-1.928831027486836158e-01
-1.896823948512267044e-01
-1.864893543311768320e-01
-1.833044180953195545e-01
-1.801280212188802465e-01
-1.769605968522187933e-01
-1.738025761278645664e-01
-1.706543880679147751e-01
-1.675164594918211458e-01
-1.643892149245904100e-01
-1.612730765054218307e-01
-1.581684638968086642e-01
-1.550757941941260099e-01
-1.519954818357297233e-01
-1.489279385135921785e-01
-1.458735730844973322e-01
-1.428327914818201816e-01
-1.398059966279138755e-01
-1.367935883471298186e-01
-1.337959632794919473e-01
-1.308135147950503785e-01
-1.278466329089383291e-01
-1.248957041971539977e-01
-1.219611117130906947e-01
-1.190432349048398813e-01
-1.161424495332865486e-01
-1.132591275910224266e-01
-1.103936372220978152e-01
-1.075463426426345043e-01
-1.047176040623215426e-01
-1.019077776068152558e-01
-9.911721524106494041e-02
-9.634626469358587020e-02
-9.359526938170042998e-02
-9.086456833776770936e-02
-8.815449613642213633e-02
-8.546538282284094068e-02
-8.279755384206169411e-02
-8.015132996936751020e-02
-7.752702724176110949e-02
-7.492495689054576302e-02
-7.234542527503207143e-02
-6.978873381738937010e-02
-6.725517893865917696e-02
-6.474505199595029237e-02
-6.225863922082996299e-02
-5.979622165893217628e-02
-5.735807511079618615e-02
-5.494447007395594773e-02
-5.255567168629180635e-02
-5.019193967066530593e-02
-4.785352828084855903e-02
-4.554068624876635163e-02
-4.325365673306432596e-02
-4.099267726901691111e-02
-3.875797971979175194e-02
-3.654979022908166897e-02
-3.436832917511937341e-02
-3.221381112608643488e-02
-3.008644479693093135e-02
-2.798643300760362759e-02
-2.591397264272669865e-02
-2.386925461270489671e-02
-2.185246381629234527e-02
-1.986377910462088642e-02
-1.790337324670759206e-02
-1.597141289644308029e-02
-1.406805856107703513e-02
-1.219346457120406776e-02
-1.034777905226423253e-02
-8.531143897560929806e-03
-6.743694742807847947e-03
-4.985560942210329714e-03
-3.256865546088146338e-03
-1.557725280047056330e-03
1.117494742961428779e-04
1.751454697027617861e-03
3.361292746087240265e-03
4.941172371849089466e-03
6.491008730126694715e-03
8.010723393603289694e-03
9.500244361678780378e-03
1.095950606873391693e-02
1.238844939080839362e-02
1.378702165068868696e-02
1.515517662140758968e-02
1.649287452815256447e-02
1.780008204858035681e-02
1.907677231154170094e-02
2.032292489421264059e-02
2.153852581763504581e-02
2.272356754066747267e-02
2.387804895234527450e-02
2.500197536265759413e-02
2.609535849173631739e-02
2.715821645746653926e-02
2.819057376151728328e-02
2.919246127379913208e-02
3.016391621535093048e-02
3.110498213966160150e-02
3.201570891243173816e-02
3.289615268977993945e-02
3.374637589490108586e-02
3.456644719318224118e-02
3.535644146578188762e-02
3.611643978168278118e-02
3.684652936822235825e-02
3.754680358011280861e-02
3.821736186695554038e-02
3.885830973926147208e-02
3.946975873298661647e-02
4.005182637259032535e-02
4.060463613263062821e-02
4.112831739790174385e-02
4.162300542213125815e-02
4.208884128524239404e-02
4.252597184919659767e-02
4.293454971242968710e-02
4.331473316289000813e-02
4.366668612969581975e-02
4.399057813342309442e-02
4.428658423503836067e-02
4.455488498349011173e-02
4.479566636197440666e-02
4.500911973288866663e-02
4.519544178148859198e-02
4.535483445826603982e-02
4.548750492006028989e-02
4.559366546992293240e-02
4.567353349575068583e-02
4.572733140770272181e-02
4.575528657442225894e-02
4.575763125807832260e-02
4.573460254824621152e-02
4.568644229464423334e-02
4.561339703874724150e-02
4.551571794429414702e-02
4.539366072670986130e-02
4.524748558145978011e-02
4.507745711135885402e-02
4.488384425285314727e-02
4.466692020129599261e-02
4.442696233523852484e-02
4.416425213975572195e-02
4.387907512882961020e-02
4.357172076681053996e-02
4.324248238897833441e-02
4.289165712122632035e-02
4.251954579888823915e-02
4.212645288473297611e-02
4.171268638614752944e-02
4.127855777153344868e-02
4.082438188593748296e-02
4.035047686594091937e-02
3.985716405383137040e-02
3.934476791107904131e-02
3.881361593114437958e-02
3.826403855163721529e-02
3.769636906585452363e-02
3.711094353372027671e-02
3.650810069215112280e-02
3.588818186487338635e-02
3.525153087171641747e-02
3.459849393740541817e-02
3.392941959988111933e-02
3.324465861816972012e-02
3.254456387982879173e-02
3.182949030799490930e-02
3.109979476805782225e-02
3.035583597398659739e-02
2.959797439433491800e-02
2.882657215794794461e-02
2.804199295939950945e-02
2.724460196418460739e-02
2.643476571369190314e-02
2.561285202998314636e-02
2.477922992040507491e-02
2.393426948205970919e-02
2.307834180615924227e-02
2.221181888229015189e-02
2.133507350261499777e-02
2.044847916603498988e-02
1.955240998234122549e-02
1.864724057637943272e-02
1.773334599225473429e-02
1.681110159760191430e-02
1.588088298794635214e-02
1.494306589118267296e-02
1.399802607219591093e-02
1.304613923765086947e-02
1.208778094097528837e-02
1.112332648756204738e-02
1.015315084021603184e-02
9.177628524871040902e-03
8.197133536601057535e-03
7.212039245952474482e-03
6.222718305620243001e-03
5.229542557494241094e-03
4.232882940100333828e-03
3.233109396458858000e-03
2.230590782388881723e-03
1.225694775277256067e-03
2.187877833408536266e-04
-7.897651445952054905e-04
-1.799600408782364019e-03
-2.810355947668961157e-03
-3.821671326434623699e-03
-4.833187824915976746e-03
-5.844548524899384132e-03
-6.855398396760509390e-03
-7.865384385423510386e-03
-8.874155495622804840e-03
-9.881362876441758883e-03
-1.088665990510809777e-02
-1.188970227002328871e-02
-1.289014805300530905e-02
-1.388765781072418513e-02
-1.488189465530721269e-02
-1.587252433409603800e-02
-1.685921530853265807e-02
-1.784163883215686419e-02
-1.881946902769252722e-02
-1.979238296320607465e-02
-2.076006072731516328e-02
-2.172218550343014282e-02
-2.267844364301001628e-02
-2.362852473781349577e-02
-2.457212169112760192e-02
-2.550893078795604674e-02
-2.643865176415046911e-02
-2.736098787446537839e-02
-2.827564595952397619e-02
-2.918233651167441087e-02
-3.008077373972217750e-02
-3.097067563252406744e-02
-3.185176402142466529e-02
-3.272376464152564751e-02
-3.358640719176704537e-02
-3.443942539381165263e-02
-3.528255704971523798e-02
-3.611554409836967988e-02
-3.693813267070601009e-02
-3.775007314364529909e-02
-3.855112019278269381e-02
-3.934103284379424775e-02
-4.011957452255513618e-02
-4.088651310395561428e-02
-4.164162095940535102e-02
-4.238467500301677099e-02
-4.311545673645349880e-02
-4.383375229243761939e-02
-4.453935247690474913e-02
-4.523205280979789716e-02
-4.591165356449133927e-02
-4.657795980583694095e-02
-4.723078142682524821e-02
-4.786993318385140972e-02
-4.849523473058318934e-02
-4.910651065042005714e-02
-4.970359048754096482e-02
-5.028630877653140346e-02
-5.085450507058694725e-02
-5.140802396828774573e-02
-5.194671513893835135e-02
-5.247043334646939172e-02
-5.297903847189826959e-02
-5.347239553434338100e-02
-5.395037471059059564e-02
-5.441285135320942518e-02
-5.485970600721583323e-02
-5.529082442528086838e-02
-5.570609758148246937e-02
-5.610542168360221904e-02
-5.648869818396351494e-02
-5.685583378881318289e-02
-5.720674046624563830e-02
-5.754133545267187122e-02
-5.785954125783285273e-02
-5.816128566835922220e-02
-5.844650174988094693e-02
-5.871512784768626037e-02
-5.896710758593593643e-02
-5.920238986543437110e-02
-5.942092885996076018e-02
-5.962268401116471023e-02
-5.980762002203218741e-02
-5.997570684892421927e-02
-6.012691969219548238e-02
-6.026123898539653689e-02
-6.037865038306745868e-02
-6.047914474712832306e-02
-6.056271813187350667e-02
-6.062937176757620533e-02
-6.067911204271195236e-02
-6.071195048480909628e-02
-6.072790373993128960e-02
-6.072699355080597022e-02
-6.070924673360256901e-02
-6.067469515337428621e-02
-6.062337569816966115e-02
-6.055533025182513462e-02
-6.047060566545049698e-02
-6.036925372761591663e-02
-6.025133113325291390e-02
-6.011689945127930701e-02
-5.996602509096284755e-02
-5.979877926703210805e-02
-5.961523796354902677e-02
-5.941548189655711243e-02
-5.919959647551475274e-02
-5.896767176353073792e-02
-5.871980243641350405e-02
-5.845608774054975032e-02
-5.817663144962430949e-02
-5.788154182019929206e-02
-5.757093154616437641e-02
-5.724491771207542573e-02
-5.690362174539617679e-02
-5.654716936765872420e-02
-5.617569054455878036e-02
-5.578931943500342605e-02
-5.538819433912472306e-02
-5.497245764528074785e-02
-5.454225577605653630e-02
-5.409773913328498607e-02
-5.363906204210537598e-02
-5.316638269407513578e-02
-5.267986308935543316e-02
-5.217966897798792525e-02
-5.166596980028076436e-02
-5.113893862632246101e-02
-5.059875209464411577e-02
-5.004559035004690903e-02
-4.947963698061656063e-02
-4.890107895394137788e-02
-4.831010655255725539e-02
-4.770691330863544022e-02
-4.709169593793718217e-02
-4.646465427305209589e-02
-4.582599119594241849e-02
-4.517591256981384751e-02
-4.451462717033227018e-02
-4.384234661620894230e-02
-4.315928529917313627e-02
-4.246566031335509417e-02
-4.176169138410069925e-02
-4.104760079623597652e-02
-4.032361332180729729e-02
-3.958995614731643936e-02
-3.884685880047068079e-02
-3.809455307647423988e-02
-3.733327296387775607e-02
-3.656325457001080581e-02
-3.578473604601910968e-02
-3.499795751152686568e-02
-3.420316097894868235e-02
-3.340059027747071391e-02
-3.259049097672599843e-02
-3.177311031018240778e-02
-3.094869709827031620e-02
-3.011750167126769906e-02
-2.927977579196825234e-02
-2.843577257815215961e-02
-2.758574642488505549e-02
-2.672995292666391354e-02
-2.586864879943530371e-02
-2.500209180250581587e-02
-2.413054066036951842e-02
-2.325425498447154446e-02
-2.237349519493320171e-02
-2.148852244225856953e-02
-2.059959852904636596e-02
-1.970698583172716956e-02
-1.881094722235038957e-02
-1.791174599044064938e-02
-1.700964576494872274e-02
-1.610491043631382888e-02
-1.519780407866468640e-02
-1.428859087217664546e-02
-1.337753502560849565e-02
-1.246490069904137785e-02
-1.155095192683779082e-02
-1.063595254084565359e-02
-9.720166093865788975e-03
-8.803855783406177790e-03
-7.887284375741354311e-03
-6.970714130300527563e-03
-6.054406724402420018e-03
-5.138623178359087197e-03
-4.223623780968259814e-03
-3.309668015414210258e-03
-2.397014485597837377e-03
-1.485920842915418186e-03
-5.766437135056324539e-04
3.305613740157388393e-04
1.235440060313930909e-03
2.137739226566405439e-03
3.037207065150311462e-03
3.933593149764260007e-03
4.826648504969832665e-03
5.716125675129700261e-03
6.601778792729222529e-03
7.483363646060480108e-03
8.360637746251373820e-03
9.233360393623718174e-03
1.010129274336236081e-02
1.096419787047758429e-02
1.182184083404478128e-02
1.267398874070656614e-02
1.352041080741741598e-02
1.436087842341826626e-02
1.519516521142267804e-02
1.602304708800202787e-02
1.684430232315188222e-02
1.765871159902539927e-02
1.846605806782045806e-02
1.926612740880413385e-02
2.005870788446136727e-02
2.084359039575392133e-02
2.162056853647722349e-02
2.238943864669816139e-02
2.314999986526697015e-02
2.390205418138376808e-02
2.464540648521195559e-02
2.537986461752592127e-02
2.610523941837896572e-02
2.682134477478235676e-02
2.752799766738349072e-02
2.822501821613153383e-02
2.891222972492264731e-02
2.958945872521044976e-02
3.025653501857515290e-02
3.091329171824256858e-02
3.155956528953830775e-02
3.219519558927554093e-02
3.282002590406200848e-02
3.343390298752101086e-02
3.403667709641720190e-02
3.462820202568010763e-02
3.520833514231803268e-02
3.577693741821515172e-02
3.633387346180554783e-02
3.687901154861829289e-02
3.741222365068550687e-02
3.793338546481152262e-02
3.844237643969405926e-02
3.893907980189564855e-02
3.942338258065788276e-02
3.989517563155712404e-02
4.035435365899561755e-02
4.080081523752561445e-02
4.123446283200206397e-02
4.165520281656331925e-02
4.206294549243455583e-02
4.245760510455381942e-02
4.283909985701806616e-02
4.320735192734716235e-02
4.356228747956635006e-02
4.390383667610398694e-02
4.423193368850676654e-02
4.454651670696957444e-02
4.484752794868297060e-02
4.513491366499616797e-02
4.540862414739819941e-02
4.566861373231792531e-02
4.591484080474474844e-02
4.614726780067050088e-02
4.636586120835758246e-02
4.657059156843238595e-02
4.676143347281002532e-02
4.693836556245140068e-02
4.710137052395716589e-02
4.725043508500252620e-02
4.738555000861651573e-02
4.750671008631046632e-02
4.761391413006042794e-02
4.770716496314927196e-02
4.778646940987299474e-02
4.785183828411735535e-02
4.790328637681173091e-02
4.794083244226467894e-02
4.796449918338969998e-02
4.797431323582797280e-02
4.797030515097420317e-02
4.795250937791371154e-02
4.792096424427981505e-02
4.787571193603750580e-02
4.781679847620387558e-02
4.774427370251216329e-02
4.765819124403103402e-02
4.755860849674541091e-02
4.744558659811033002e-02
4.731919040058714387e-02
4.717948844417239190e-02
4.702655292792869146e-02
4.686045968053095118e-02
4.668128812983445702e-02
4.648912127148092238e-02
4.628404563654960752e-02
4.606615125826810792e-02
4.583553163779310879e-02
4.559228370907423417e-02
4.533650780281204412e-02
4.506830760952369730e-02
4.478779014172983713e-02
4.449506569527428290e-02
4.419024780978950129e-02
4.387345322832342243e-02
4.354480185613913285e-02
4.320441671870341865e-02
4.285242391887502528e-02
4.248895259331053609e-02
4.211413486809977014e-02
4.172810581364717192e-02
4.133100339881192603e-02
4.092296844432345010e-02
4.050414457548762170e-02
4.007467817419741590e-02
3.963471833026473157e-02
3.918441679208924111e-02
3.872392791667926548e-02
3.825340861904084899e-02
3.777301832095156242e-02
3.728291889913508406e-02
3.678327463285240018e-02
3.627425215092670158e-02
3.575602037821931645e-02
3.522875048157150801e-02
3.469261581522975479e-02
3.414779186577363013e-02
3.359445619655995752e-02
3.303278839170153969e-02
3.246296999960018165e-02
3.188518447604669903e-02
3.129961712691081005e-02
3.070645505043215553e-02
3.010588707913680606e-02
2.949810372139091003e-02
2.888329710261252140e-02
2.826166090615960316e-02
2.763339031390939574e-02
2.699868194654935979e-02
2.635773380359713106e-02
2.571074520316623049e-02
2.505791672149733709e-02
2.439945013227113810e-02
2.373554834572213015e-02
2.306641534757157205e-02
2.239225613779529181e-02
2.171327666924875374e-02
2.102968378616143497e-02
2.034168516252493966e-02
1.964948924038759787e-02
1.895330516807641752e-02
1.825334273836399027e-02
1.754981232659674067e-02
1.684292482880471800e-02
1.613289159980975385e-02
1.541992439134788097e-02
1.470423529022761404e-02
1.398603665653929719e-02
1.326554106193247699e-02
1.254296122798190770e-02
1.181850996465636482e-02
1.109240010891055124e-02
1.036484446341503704e-02
9.636055735443216017e-03
8.906246475932676557e-03
8.175629018735893275e-03
7.444415420080036962e-03
6.712817398251079946e-03
5.981046273519405321e-03
5.249312908323998383e-03
4.517827647731353230e-03
3.786800260185710539e-03
3.056439878567514951e-03
2.326954941574836330e-03
1.598553135445987495e-03
8.714413360371651420e-04
1.458255512726718060e-04
-5.780891360176522746e-04
-1.300098624858493472e-03
-2.019999852469769874e-03
-2.737590850175167061e-03
-3.452670798860159145e-03
-4.165040083968099896e-03
-4.874500350017608140e-03
-5.580854554626740044e-03
-6.283907022030717562e-03
-6.983463496078067163e-03
-7.679331192691396871e-03
-8.371318851779174092e-03
-9.059236788584227457e-03
-9.742896944457195632e-03
-1.042211293703951963e-02
-1.109670010984449041e-02
-1.176647558122324161e-02
-1.243125829270239589e-02
-1.309086905668185516e-02
-1.374513060348014210e-02
-1.439386762771478930e-02
-1.503690683400757053e-02
-1.567407698200088198e-02
-1.630520893067641600e-02
-1.693013568196220439e-02
-1.754869242362040033e-02
-1.816071657140205103e-02
-1.876604781046134832e-02
-1.936452813601705417e-02
-1.995600189325172358e-02
-2.054031581643991911e-02
-2.111731906729542169e-02
-2.168686327252789328e-02
-2.224880256060154243e-02
-2.280299359768437478e-02
-2.334929562278246010e-02
-2.388757048204989339e-02
-2.441768266226673062e-02
-2.493949932347578127e-02
-2.545289033077411875e-02
-2.595772828524948311e-02
-2.645388855405531731e-02
-2.694124929961770956e-02
-2.741969150796952706e-02
-2.788909901620399007e-02
-2.834935853904123337e-02
-2.880035969450500666e-02
-2.924199502870194339e-02
-2.967416003969939459e-02
-3.009675320049647745e-02
-3.050967598108541429e-02
-3.091283286959614976e-02
-3.130613139252487465e-02
-3.168948213403665476e-02
-3.206279875434529802e-02
-3.242599800716257363e-02
-3.277899975621686307e-02
-3.312172699083684724e-02
-3.345410584059876208e-02
-3.377606558903636230e-02
-3.408753868640937434e-02
-3.438846076153202064e-02
-3.467877063265709797e-02
-3.495841031741815652e-02
-3.522732504182658764e-02
-3.548546324831977627e-02
-3.573277660288556867e-02
-3.596922000121015317e-02
-3.619475157390387304e-02
-3.640933269077932521e-02
-3.661292796418662981e-02
-3.680550525140841023e-02
-3.698703565611559385e-02
-3.715749352888588625e-02
-3.731685646678732649e-02
-3.746510531202851269e-02
-3.760222414967939741e-02
-3.772820030446400602e-02
-3.784302433662976861e-02
-3.794669003689510323e-02
-3.803919442048131483e-02
-3.812053772022987175e-02
-3.819072337881160989e-02
-3.824975804003129948e-02
-3.829765153923217480e-02
-3.833441689280434050e-02
-3.836007028680596398e-02
-3.837463106469742730e-02
-3.837812171419864582e-02
-3.837056785327167679e-02
-3.835199821523822133e-02
-3.832244463303637744e-02
-3.828194202262268087e-02
-3.823052836552788547e-02
-3.816824469057274877e-02
-3.809513505475212169e-02
-3.801124652329104098e-02
-3.791662914888640351e-02
-3.781133595013828202e-02
-3.769542288917850786e-02
-3.756894884850806721e-02
-3.743197560704888960e-02
-3.728456781542096449e-02
-3.712679297045102383e-02
-3.695872138892600939e-02
-3.678042618059674390e-02
-3.659198322044308893e-02
-3.639347112021098368e-02
-3.618497119923026056e-02
-3.596656745452337517e-02
-3.573834653021593782e-02
-3.550039768625899012e-02
-3.525281276647460049e-02
-3.499568616593384807e-02
-3.472911479767942788e-02
-3.445319805880515257e-02
-3.416803779590005946e-02
-3.387373826987336717e-02
-3.357040612016656128e-02
-3.325815032837043522e-02
-3.293708218125213777e-02
-3.260731523321147574e-02
-3.226896526817196742e-02
-3.192215026092394548e-02
-3.156699033792932652e-02
-3.120360773760168585e-02
-3.083212677007500860e-02
-3.045267377647072060e-02
-3.006537708768128314e-02
-2.967036698267770320e-02
-2.926777564635965265e-02
-2.885773712695426096e-02
-2.844038729298488735e-02
-2.801586378981849729e-02
-2.758430599580564968e-02
-2.714585497802727079e-02
-2.670065344766220025e-02
-2.624884571498869307e-02
-2.579057764403496628e-02
-2.532599660688906323e-02
-2.485525143768806122e-02
-2.437849238629289164e-02
-2.389587107167217769e-02
-2.340754043499891981e-02
-2.291365469248369049e-02
-2.241436928795149247e-02
-2.190984084517934652e-02
-2.140022712001212607e-02
-2.088568695226253671e-02
-2.036638021741864202e-02
-1.984246777816826152e-02
-1.931411143575481951e-02
-1.878147388118108982e-02
-1.824471864627338902e-02
-1.770401005462175076e-02
-1.715951317240991744e-02
-1.661139375914910676e-02
-1.605981821833191506e-02
-1.550495354801797662e-02
-1.494696729136835329e-02
-1.438602748714023528e-02
-1.382230262015978796e-02
-1.325596157178451223e-02
-1.268717357036946991e-02
-1.211610814175547585e-02
-1.154293505978598762e-02
-1.096782429687680020e-02
-1.039094597464196648e-02
-9.812470314599511592e-03
-9.232567588963899036e-03
-8.651408071543442366e-03
-8.069161988754401313e-03
-7.485999470766407753e-03
-6.902090502792878127e-03
-6.317604876540167808e-03
-5.732712141828808297e-03
-5.147581558399986004e-03
-4.562382047921281769e-03
-3.977282146205053659e-03
-3.392449955652263125e-03
-2.808053097935798385e-03
-2.224258666934031230e-03
-1.641233181930310415e-03
-1.059142541090064144e-03
-4.781519752279324905e-04
1.015739981222957229e-04
6.798716203230193746e-04
1.256577936918608059e-03
1.831530842582796553e-03
2.404569125713330001e-03
2.975532512662813159e-03
3.544261711593341916e-03
4.110598455944113223e-03
4.674385547498262523e-03
5.235466899040992945e-03
5.793687576594886042e-03
6.348893841221577190e-03
6.900933190380528770e-03
7.449654398831584944e-03
7.994907559073460152e-03
8.536544121305436258e-03
9.074416932901809701e-03
9.608380277391158353e-03
1.013828991292781839e-02
1.066400311024778315e-02
1.118537869009786356e-02
1.170227706012945228e-02
1.221456025124654891e-02
1.272209195340094808e-02
1.322473755082340628e-02
1.372236415668240742e-02
1.421484064716402838e-02
1.470203769496208034e-02
1.518382780217004957e-02
1.566008533256905977e-02
1.613068654330345603e-02
1.659550961593435348e-02
1.705443468686528019e-02
1.750734387713374224e-02
1.795412132155918897e-02
1.839465319724187253e-02
1.882882775140626644e-02
1.925653532858223257e-02
1.967766839711707072e-02
2.009212157501409635e-02
2.049979165508979129e-02
2.090057762944484004e-02
2.129438071324552678e-02
2.168110436780659733e-02
2.206065432297366069e-02
2.243293859879908619e-02
2.279786752650705267e-02
2.315535376874395743e-02
2.350531233910868947e-02
2.384766062096029676e-02
2.418231838549912346e-02
2.450920780911707703e-02
2.482825349001471435e-02
2.513938246408147989e-02
2.544252422003802014e-02
2.573761071383367030e-02
2.602457638230272832e-02
2.630335815607336147e-02
2.657389547172651564e-02
2.683613028320698535e-02
2.709000707248233539e-02
2.733547285944834537e-02
2.757247721108104302e-02
2.780097224983494805e-02
2.802091266128369298e-02
2.823225570100829432e-02
2.843496120072652733e-02
2.862899157366900760e-02
2.881431181919723306e-02
2.899088952666999466e-02
2.915869487855108147e-02
2.931770065276802575e-02
2.946788222431565019e-02
2.960921756610973912e-02
2.974168724909142039e-02
2.986527444158286471e-02
2.997996490789908361e-02
3.008574700621557615e-02
3.018261168569345496e-02
3.027055248286929928e-02
3.034956551730570024e-02
3.041964948651236858e-02
3.048080566013562295e-02
3.053303787342329448e-02
3.057635251996674089e-02
3.061075854372369634e-02
3.063626743032792088e-02
3.065289319768813719e-02
3.066065238587984548e-02
3.065956404633737517e-02
3.064964973034943127e-02
3.063093347686119891e-02
3.060344179959298069e-02
3.056720367347447523e-02
3.052225052040775238e-02
3.046861619435601090e-02
3.040633696577173944e-02
3.033545150536567578e-02
3.025600086722475199e-02
3.016802847128396969e-02
3.007158008516122583e-02
2.996670380535935638e-02
2.985345003784300663e-02
2.973187147799900842e-02
2.960202308998520493e-02
2.946396208547699680e-02
2.931774790181618240e-02
2.916344217957562296e-02
2.900110873954045432e-02
2.883081355911903607e-02
2.865262474819031679e-02
2.846661252439460985e-02
2.827284918787792770e-02
2.807140909549769164e-02
2.786236863449955900e-02
2.764580619567065869e-02
2.742180214598497964e-02
2.719043880074100555e-02
2.695180039521050119e-02
2.670597305579933481e-02
2.645304477073550514e-02
2.619310536029071171e-02
2.592624644654709792e-02
2.565256142271798295e-02
2.537214542203257081e-02
2.508509528619432341e-02
2.479150953342378061e-02
2.449148832609739090e-02
2.418513343798745635e-02
2.387254822112008790e-02
2.355383757225754451e-02
2.322910789901669326e-02
2.289846708563390842e-02
2.256202445838700540e-02
2.221989075068638714e-02
2.187217806784396562e-02
2.151899985153225489e-02
2.116047084394504646e-02
2.079670705166800082e-02
2.042782570927444835e-02
2.005394524265299502e-02
1.967518523208319770e-02
1.929166637506373599e-02
1.890351044891223908e-02
1.851084027314118738e-02
1.811377967162714278e-02
1.771245343457809179e-02
1.730698728031754632e-02
1.689750781689141126e-02
1.648414250350990415e-02
1.606701961184052105e-02
1.564626818715653123e-02
1.522201800935825931e-02
1.479439955387496647e-02
1.436354395246220751e-02
1.392958295390241130e-02
1.349264888462324216e-02
1.305287460924456355e-02
1.261039349106403244e-02
1.216533935249485172e-02
1.171784643546584792e-02
1.126804936179637458e-02
1.081608309355557365e-02
1.036208289342071057e-02
9.906184285042583457e-03
9.448523013430928583e-03
8.989235005372230372e-03
8.528456329889150950e-03
8.066323158753434253e-03
7.602971727065355872e-03
7.138538293908070452e-03
6.673159103090074359e-03
6.206970343986488621e-03
5.740108112487761136e-03
5.272708372072652284e-03
4.804906915007930816e-03
4.336839323695169078e-03
3.868640932166270835e-03
3.400446787746104135e-03
2.932391612886800242e-03
2.464609767188587382e-03
1.997235209616169457e-03
1.530401460919136435e-03
1.064241566270744547e-03
5.988880581315520922e-04
1.344729193499608338e-04
-3.288724534898902437e-04
-7.910172864665056605e-04
-1.251831464448734587e-03
-1.711185566951561703e-03
-2.168950903703616932e-03
-2.624999549920283178e-03
-3.079204381271886341e-03
-3.531439108538110289e-03
-3.981578311938305421e-03
-4.429497475130604253e-03
-4.875073018869392760e-03
-5.318182334312054893e-03
-5.758703815965952356e-03
-6.196516894270556047e-03
-6.631502067800680057e-03
-7.063540935087288079e-03
-7.492516226044187121e-03
-7.918311832994968935e-03
-8.340812841290045840e-03
-8.759905559509407677e-03
-9.175477549238260366e-03
-9.587417654413234527e-03
-9.995616030227943982e-03
-1.039996417159303778e-02
-1.080035494114175813e-02
-1.119668259677624941e-02
-1.158884281874485687e-02
-1.197673273624647039e-02
-1.236025095355490662e-02
-1.273929757565445305e-02
-1.311377423338475415e-02
-1.348358410808390279e-02
-1.384863195572807668e-02
-1.420882413056201790e-02
-1.456406860820802507e-02
-1.491427500825916359e-02
-1.525935461634117876e-02
-1.559922040564410382e-02
-1.593378705791732505e-02
-1.626297098392082835e-02
-1.658669034333270023e-02
-1.690486506410322429e-02
-1.721741686125657922e-02
-1.752426925513081435e-02
-1.782534758905724923e-02
-1.812057904647083190e-02
-1.840989266745281239e-02
-1.869321936469640552e-02
-1.897049193889923518e-02
-1.924164509357254721e-02
-1.950661544926970969e-02
-1.976534155722804373e-02
-2.001776391242385267e-02
-2.026382496603480049e-02
-2.050346913731244947e-02
-2.073664282485788990e-02
-2.096329441730305013e-02
-2.118337430339215302e-02
-2.139683488146456106e-02
-2.160363056833725440e-02
-2.180371780758381950e-02
-2.199705507721288339e-02
-2.218360289674101149e-02
-2.236332383366213677e-02
-2.253618250931196249e-02
-2.270214560412929169e-02
-2.286118186230940916e-02
-2.301326209585505614e-02
-2.315835918802202145e-02
-2.329644809616096546e-02
-2.342750585395532090e-02
-2.355151157305663059e-02
-2.366844644411912613e-02
-2.377829373723239909e-02
-2.388103880175593968e-02
-2.397666906555526861e-02
-2.406517403364272223e-02
-2.414654528622321369e-02
-2.422077647614796769e-02
-2.428786332577877530e-02
-2.434780362326305694e-02
-2.440059721822522912e-02
-2.444624601687422905e-02
-2.448475397653163826e-02
-2.451612709958281289e-02
-2.454037342685383080e-02
-2.455750303041870364e-02
-2.456752800583873741e-02
-2.457046246383923563e-02
-2.456632252142509562e-02
-2.455512629244192488e-02
-2.453689387758512322e-02
-2.451164735386033786e-02
-2.447941076350172024e-02
-2.444021010235074981e-02
-2.439407330770174825e-02
-2.434103024561679735e-02
-2.428111269771724562e-02
-2.421435434745495413e-02
-2.414079076587039019e-02
-2.406045939684061524e-02
-2.397339954182478236e-02
-2.387965234411112969e-02
-2.377926077256826629e-02
-2.367226960492651439e-02
-2.355872541055432576e-02
-2.343867653277707797e-02
-2.331217307072255829e-02
-2.317926686070702694e-02
-2.304001145716423615e-02
-2.289446211312654716e-02
-2.274267576026474738e-02
-2.258471098849177197e-02
-2.242062802513851080e-02
-2.225048871370880615e-02
-2.207435649221997989e-02
-2.189229637113719595e-02
-2.170437491090692131e-02
-2.151066019910003249e-02
-2.131122182716900515e-02
-2.110613086682883860e-02
-2.089545984606815468e-02
-2.067928272479896412e-02
-2.045767487015380873e-02
-2.023071303143537600e-02
-1.999847531473018802e-02
-1.976104115719120452e-02
-1.951849130100047694e-02
-1.927090776701782110e-02
-1.901837382812505972e-02
-1.876097398227383195e-02
-1.849879392524571287e-02
-1.823192052313294884e-02
-1.796044178454690374e-02
-1.768444683256714667e-02
-1.740402587643473734e-02
-1.711927018300159198e-02
-1.683027204794498854e-02
-1.653712476675264775e-02
-1.623992260549144556e-02
-1.593876077136691452e-02
-1.563373538308148597e-02
-1.532494344100144602e-02
-1.501248279714300152e-02
-1.469645212498404269e-02
-1.437695088911181661e-02
-1.405407931471611485e-02
-1.372793835693665761e-02
-1.339862967007325427e-02
-1.306625557666919388e-02
-1.273091903647603947e-02
-1.239272361530932912e-02
-1.205177345380518093e-02
-1.170817323608459512e-02
-1.136202815833822072e-02
-1.101344389733815640e-02
-1.066252657888683633e-02
-1.030938274621232519e-02
-9.954119328319072438e-03
-9.596843608303384093e-03
-9.237663191643602154e-03
-8.876685974471857851e-03
-8.514020111839215588e-03
-8.149773985982818741e-03
-7.784056174601734247e-03
-7.416975419154207133e-03
-7.048640593183405287e-03
-6.679160670679195298e-03
-6.308644694489310215e-03
-5.937201744784771640e-03
-5.564940907589939825e-03
-5.191971243386901864e-03
-4.818401755801287809e-03
-4.444341360380932651e-03
-4.069898853472819940e-03
-3.695182881209945706e-03
-3.320301908614741501e-03
-2.945364188829875576e-03
-2.570477732481760841e-03
-2.195750277188250003e-03
-1.821289257218104479e-03
-1.447201773309138685e-03
-1.073594562655738605e-03
-7.005739690720203449e-04
-3.282459133392855622e-04
4.328413625294942835e-05
4.139111931659886722e-04
7.835307816627907563e-04
1.152038965640891661e-03
1.519332377243218625e-03
1.885308245234794313e-03
2.249864423141536424e-03
2.612899417141662482e-03
2.974312413702473977e-03
3.334003306954606144e-03
3.691872725799171320e-03
4.047822060736238486e-03
4.401753490412474087e-03
4.753570007876810680e-03
5.103175446539303522e-03
5.450474505827291802e-03
5.795372776529505651e-03
6.137776765824350285e-03
6.477593921984274757e-03
6.814732658749958656e-03
7.149102379368956449e-03
7.480613500292316795e-03
7.809177474522413162e-03
8.134706814607801581e-03
8.457115115276624476e-03
8.776317075706582121e-03
9.092228521421925544e-03
9.404766425816056194e-03
9.713848931290732652e-03
1.001939537000951126e-02
1.032132628425875935e-02
1.061956344641207597e-02
1.091402987849340346e-02
1.120464987133265589e-02
1.149134900331199444e-02
1.177405415869676834e-02
1.205269354554555812e-02
1.232719671319763843e-02
1.259749456933347347e-02
1.286351939660199811e-02
1.312520486881348786e-02
1.338248606669355939e-02
1.363529949319492070e-02
1.388358308836268838e-02
1.412727624375125293e-02
1.436631981638928669e-02
1.460065614228903477e-02
1.483022904949866591e-02
1.505498387069366915e-02
1.527486745530579580e-02
1.548982818118564350e-02
1.569981596579931443e-02
1.590478227695366759e-02
1.610468014305091802e-02
1.629946416287003999e-02
1.648909051487225733e-02
1.667351696602986655e-02
1.685270288017769180e-02
1.702660922588473610e-02
1.719519858384533847e-02
1.735843515378875795e-02
1.751628476090745165e-02
1.766871486180054962e-02
1.781569454993582602e-02
1.795719456062673178e-02
1.809318727552461370e-02
1.822364672662803164e-02
1.834854859980626987e-02
1.846787023784016851e-02
1.858159064297732269e-02
1.868969047900543093e-02
1.879215207284168701e-02
1.888895941563993250e-02
1.898009816341725969e-02
1.906555563719921492e-02
1.914532082268605509e-02
1.921938436944154935e-02
1.928773858960362159e-02
1.935037745612131627e-02
1.940729660051716127e-02
1.945849331017854289e-02
1.950396652517845386e-02
1.954371683462942724e-02
1.957774647256989992e-02
1.960605931338983351e-02
1.962866086679377828e-02
1.964555827230483193e-02
1.965676029331565530e-02
1.966227731068296083e-02
1.966212131587511194e-02
1.965630590367108479e-02
1.964484626441615964e-02
1.962775917583700971e-02
1.960506299441983069e-02
1.957677764635525064e-02
1.954292461805269207e-02
1.950352694622867547e-02
1.945860920757347054e-02
1.940819750799896784e-02
1.935231947147210418e-02
1.929100422843904941e-02
1.922428240384299949e-02
1.915218610474082178e-02
1.907474890752344429e-02
1.899200584474395118e-02
1.890399339155756850e-02
1.881074945178018085e-02
1.871231334356784209e-02
1.860872578472560698e-02
1.850002887764683537e-02
1.838626609389133054e-02
1.826748225840719303e-02
1.814372353339861743e-02
1.801503740184997107e-02
1.788147265070864911e-02
1.774307935373220860e-02
1.759990885400758431e-02
1.745201374614601189e-02
1.729944785816163108e-02
1.714226623303679795e-02
1.698052510998359840e-02
1.681428190540557033e-02
1.664359519356599718e-02
1.646852468696967733e-02
1.628913121646442808e-02
1.610547671106729584e-02
1.591762417752509012e-02
1.572563767961161416e-02
1.552958231717175772e-02
1.532952420491755750e-02
1.512553045098192009e-02
1.491766913523945998e-02
1.470600928739825182e-02
1.449062086487186256e-02
1.427157473043634897e-02
1.404894262968133141e-02
1.382279716825991593e-02
1.359321178894712032e-02
1.336026074851015023e-02
1.312401909440231128e-02
1.288456264128329601e-02
1.264196794737577380e-02
1.239631229066497607e-02
1.214767364494748030e-02
1.189613065573667805e-02
1.164176261603381071e-02
1.138464944197054886e-02
1.112487164832941071e-02
1.086251032395175314e-02
1.059764710703897314e-02
1.033036416035473803e-02
1.006074414633557901e-02
9.788870202117062533e-03
9.514825914484185618e-03
9.238695294751091483e-03
8.960562753579034284e-03
8.680513075739974133e-03
8.398631394833464686e-03
8.115003167962649838e-03
7.829714150377338824e-03
7.542850370094349513e-03
7.254498102497542421e-03
6.964743844928192318e-03
6.673674291273449036e-03
6.381376306557307553e-03
6.087936901544408960e-03
5.793443207362150571e-03
5.497982450148756160e-03
5.201641925734610400e-03
4.904508974365187624e-03
4.606670955469786832e-03
4.308215222486666898e-03
4.009229097749227554e-03
3.709799847442304434e-03
3.410014656632827813e-03
3.109960604384921171e-03
2.809724638964462926e-03
2.509393553141038135e-03
2.209053959593046401e-03
1.908792266423961102e-03
1.608694652795477969e-03
1.308847044685537957e-03
1.009335090776473888e-03
7.102441384814174802e-04
4.116592101131770032e-04
1.136649792062730744e-04
-1.836542530070624853e-04
-4.802145809554959162e-04
-7.759325179184202925e-04
-1.070725019039084997e-03
-1.364509504156127730e-03
-1.657203880447147152e-03
-1.948726564876949920e-03
-2.238996506445692716e-03
-2.527933208231728304e-03
-2.815456749221127014e-03
-3.101487805920179978e-03
-3.385947673743378190e-03
-3.668758288173140127e-03
-3.949842245684503407e-03
-4.229122824429196008e-03
-4.506524004674602318e-03
-4.781970488991617134e-03
-5.055387722186775387e-03
-5.326701910972288581e-03
-5.595840043371429207e-03
-5.862729907851201884e-03
-6.127300112179203014e-03
-6.389480102001379030e-03
-6.649200179131336576e-03
-6.906391519552548125e-03
-7.160986191123973679e-03
-7.412917170988463610e-03
-7.662118362675707922e-03
-7.908524612900341699e-03
-8.152071728046250340e-03
-8.392696490337508280e-03
-8.630336673687857840e-03
-8.864931059228866109e-03
-9.096419450509426324e-03
-9.324742688366530891e-03
-9.549842665460281724e-03
-9.771662340473531716e-03
-9.990145751969188928e-03
-1.020523803190436299e-02
-1.041688541879788599e-02
-1.062503527054815301e-02
-1.082963607689776085e-02
-1.103063747154194897e-02
-1.122799024388193914e-02
-1.142164635041423466e-02
-1.161155892575873455e-02
-1.179768229332162598e-02
-1.197997197559030891e-02
-1.215838470405905709e-02
-1.233287842878273526e-02
-1.250341232755782482e-02
-1.266994681472703721e-02
-1.283244354960901175e-02
-1.299086544454830690e-02
-1.314517667258572470e-02
-1.329534267474849138e-02
-1.344133016695748389e-02
-1.358310714655150409e-02
-1.372064289842682763e-02
-1.385390800079317614e-02
-1.398287433054204790e-02
-1.410751506822915773e-02
-1.422780470267084527e-02
-1.434371903515198332e-02
-1.445523518324706193e-02
-1.456233158425319744e-02
-1.466498799823474225e-02
-1.476318551068143622e-02
-1.485690653477739730e-02
-1.494613481328403368e-02
-1.503085542003480823e-02
-1.511105476104443977e-02
-1.518672057523214221e-02
-1.525784193475886001e-02
-1.532440924498125120e-02
-1.538641424402163553e-02
-1.544385000195518803e-02
-1.549671091961745718e-02
-1.554499272702985005e-02
-1.558869248144857840e-02
-1.562780856503423466e-02
-1.566234068214788708e-02
-1.569228985627203407e-02
-1.571765842655991133e-02
-1.573845004401443204e-02
-1.575466966729877072e-02
-1.576632355818117365e-02
-1.577341927661497778e-02
-1.577596567545824432e-02
-1.577397289483246576e-02
-1.576745235612622698e-02
-1.575641675564284222e-02
-1.574088005789760561e-02
-1.572085748856594592e-02
-1.569636552708533403e-02
-1.566742189891438819e-02
-1.563404556745191798e-02
-1.559625672561985692e-02
-1.555407678711098404e-02
-1.550752837730849133e-02
-1.545663532387690428e-02
-1.540142264703006983e-02
-1.534191654947998293e-02
-1.527814440606873637e-02
-1.521013475308829674e-02
-1.513791727729175279e-02
-1.506152280459928557e-02
-1.498098328850401735e-02
-1.489633179818137219e-02
-1.480760250630473555e-02
-1.471483067657400681e-02
-1.461805265095905693e-02
-1.451730583666431020e-02
-1.441262869281690132e-02
-1.430406071688552182e-02
-1.419164243083135928e-02
-1.407541536699840300e-02
-1.395542205374600969e-02
-1.383170600083034711e-02
-1.370431168453677649e-02
-1.357328453257094364e-02
-1.343867090871193708e-02
-1.330051809723176680e-02
-1.315887428708887794e-02
-1.301378855589778970e-02
-1.286531085368116528e-02
-1.271349198641097238e-02
-1.255838359934176654e-02
-1.240003816014123399e-02
-1.223850894182668472e-02
-1.207385000550811882e-02
-1.190611618294773119e-02
-1.173536305893745080e-02
-1.156164695350306477e-02
-1.138502490393827893e-02
-1.120555464667673945e-02
-1.102329459900384598e-02
-1.083830384061812944e-02
-1.065064209504505525e-02
-1.046036971090962692e-02
-1.026754764307461452e-02
-1.007223743364810131e-02
-9.874501192868739147e-03
-9.674401579871228299e-03
-9.472001783340670833e-03
-9.267365502060842183e-03
-9.060556925361186106e-03
-8.851640713469249855e-03
-8.640681977774946829e-03
-8.427746261011342596e-03
-8.212899517358065310e-03
-7.996208092474655846e-03
-7.777738703468008857e-03
-7.557558418800464604e-03
-7.335734638144460022e-03
-7.112335072189589387e-03
-6.887427722409161790e-03
-6.661080860789344964e-03
-6.433363009529600302e-03
-6.204342920719444106e-03
-5.974089555995810291e-03
-5.742672066190360365e-03
-5.510159770968867457e-03
-5.276622138471174540e-03
-5.042128764955363697e-03
-4.806749354455261067e-03
-4.570553698453312316e-03
-4.333611655577163102e-03
-4.095993131323970825e-03
-3.857768057820494621e-03
-3.619006373622371021e-03
-3.379778003559491626e-03
-3.140152838632640549e-03
-2.900200715968197836e-03
-2.659991398833966292e-03
-2.419594556724815725e-03
-2.179079745521855186e-03
-1.938516387730118131e-03
-1.697973752802413045e-03
-1.457520937552663019e-03
-1.217226846665229317e-03
-9.771601733054825160e-04
-7.373893798360589514e-04
-4.979826786458534929e-04
-2.590080130946429619e-04
-2.053303858130721445e-05
2.173748962620275353e-04
4.546487682434419402e-04
6.912218981464410099e-04
9.270279691239376478e-04
1.162001044944010499e-03
1.396075588084434759e-03
1.629186477669874924e-03
1.861269027247296464e-03
2.092259002395132229e-03
2.322092638161370095e-03
2.550706656326096142e-03
2.778038282483924308e-03
3.004025262941295918e-03
3.228605881425746903e-03
3.451718975601159208e-03
3.673303953385401166e-03
3.893300809066351387e-03
4.111650139212353131e-03
4.328293158372104044e-03
4.543171714560909936e-03
4.756228304528944094e-03
4.967406088808101229e-03
5.176648906532833883e-03
5.383901290032078180e-03
5.589108479188806440e-03
5.792216435561982520e-03
5.993171856270421149e-03
6.191922187632334026e-03
6.388415638557621429e-03
6.582601193692750631e-03
6.774428626310382770e-03
6.963848510943866990e-03
7.150812235763832382e-03
7.335272014690702967e-03
7.517180899244112376e-03
7.696492790125296878e-03
7.873162448527287749e-03
8.047145507174349732e-03
8.218398481085150906e-03
8.386878778059330894e-03
8.552544708883095051e-03
8.715355497253085212e-03
8.875271289416600609e-03
9.032253163524159995e-03
9.186263138695119693e-03
9.337264183792255354e-03
9.485220225904415770e-03
9.630096158535838419e-03
9.771857849499833437e-03
9.910472148515843752e-03
1.004590689450762277e-02
1.017813092260298063e-02
1.030711407083161404e-02
1.043282718652077147e-02
1.055524213238885275e-02
1.067433179233351175e-02
1.079007007691565150e-02
1.090243192853764150e-02
1.101139332631402568e-02
1.111693129063600315e-02
1.121902388742761734e-02
1.131765023209433361e-02
1.141279049316223579e-02
1.150442589560893465e-02
1.159253872388540073e-02
1.167711232462875261e-02
1.175813110906563652e-02
1.183558055510752945e-02
1.190944720913601415e-02
1.197971868747961521e-02
1.204638367758370521e-02
1.210943193887091714e-02
1.216885430329581706e-02
1.222464267559171709e-02
1.227679003321294898e-02
1.232529042596989914e-02
1.237013897536235439e-02
1.241133187360715998e-02
1.244886638236600805e-02
1.248274083116931478e-02
1.251295461554280397e-02
1.253950819483344060e-02
1.256240308974029482e-02
1.258164187954695715e-02
1.259722819906198762e-02
1.260916673526589482e-02
1.261746322366684957e-02
1.262212444436799919e-02
1.262315821784706395e-02
1.262057340045044142e-02
1.261437987960508170e-02
1.260458856874758192e-02
1.259121140197566428e-02
1.257426132842213128e-02
1.255375230635426796e-02
1.252969929700173402e-02
1.250211825811451023e-02
1.247102613725351722e-02
1.243644086481740518e-02
1.239838134680712814e-02
1.235686745733161063e-02
1.231192003085675862e-02
1.226356085420230758e-02
1.221181265828648853e-02
1.215669910962543197e-02
1.209824480158623421e-02
1.203647524539972966e-02
1.197141686093604503e-02
1.190309696724440973e-02
1.183154377286138939e-02
1.175678636589167630e-02
1.167885470386453677e-02
1.159777960336848268e-02
1.151359272946865346e-02
1.142632658491018159e-02
1.133601449911109116e-02
1.124269061694963684e-02
1.114638988734693859e-02
1.104714805165181099e-02
1.094500163183020902e-02
1.083998791846333548e-02
1.073214495855789527e-02
1.062151154317337969e-02
1.050812719487004103e-02
1.039203215498154913e-02
1.027326737071559970e-02
1.015187448208875257e-02
1.002789580869751541e-02
9.901374336330882528e-03
9.772353703428750260e-03
9.640878187389748111e-03
9.506992690733750279e-03
9.370742727122714083e-03
9.232174407244338188e-03
9.091334424562638045e-03
8.948270040941487535e-03
8.803029072142918784e-03
8.655659873207318528e-03
8.506211323717800463e-03
8.354732812954776544e-03
8.201274224945079641e-03
8.045885923409674262e-03
7.888618736613629487e-03
7.729523942126582774e-03
7.568653251493354626e-03
7.406058794822774523e-03
7.241793105298937813e-03
7.075909103617562465e-03
6.908460082354762714e-03
6.739499690271528662e-03
6.569081916557373453e-03
6.397261075020760877e-03
6.224091788228388114e-03
6.049628971599162706e-03
5.873927817457366696e-03
5.697043779049677792e-03
5.519032554530562198e-03
5.339950070921424541e-03
5.159852468046422294e-03
4.978796082451992025e-03
4.796837431312502183e-03
4.614033196328250555e-03
4.430440207620299324e-03
4.246115427625049045e-03
4.061115934995859073e-03
3.875498908513007237e-03
3.689321611011085224e-03
3.502641373323246363e-03
3.315515578250325009e-03
3.128001644558646519e-03
2.940157011010352019e-03
2.752039120430635043e-03
2.563705403818093871e-03
2.375213264499923416e-03
2.186620062337964882e-03
1.997983097990637356e-03
1.809359597233318974e-03
1.620806695342937335e-03
1.432381421550116361e-03
1.244140683563338444e-03
1.056141252170374667e-03
8.684397459190279717e-04
6.810926158840358317e-04
4.941561305214265017e-04
3.076863606172711737e-04
1.217391643314805194e-04
-6.362982765561278370e-05
-2.483652268927387667e-04
-4.324119017983520889e-04
-6.157149921879590242e-04
-7.982199236863228185e-04
-9.798724220178671711e-04
-1.160618527173651066e-03
-1.340404607451321350e-03
-1.519177373362902905e-03
-1.696883891407730991e-03
-1.873471597707688065e-03
-2.048888311499386626e-03
-2.223082248482078586e-03
-2.396002034016059875e-03
-2.567596716169604637e-03
-2.737815778609743299e-03
-2.906609153335090821e-03
-3.073927233247388154e-03
-3.239720884557060598e-03
-3.403941459021688452e-03
-3.566540806013341995e-03
-3.727471284412337861e-03
-3.886685774324234472e-03
-4.044137688616927101e-03
-4.199780984276407954e-03
-4.353570173576876146e-03
-4.505460335063659304e-03
-4.655407124345666003e-03
-4.803366784696016384e-03
-4.949296157456582225e-03
-5.093152692246380973e-03
-5.234894456969056697e-03
-5.374480147619070669e-03
-5.511869097884216327e-03
-5.647021288540302227e-03
-5.779897356639781061e-03
-5.910458604488741559e-03
-6.038667008412140942e-03
-6.164485227304738330e-03
-6.287876610967121048e-03
-6.408805208223758605e-03
-6.527235774821931596e-03
-6.643133781110265729e-03
-6.756465419495429406e-03
-6.867197611675061528e-03
-6.975298015645576416e-03
-7.080735032484365352e-03
-7.183477812904351216e-03
-7.283496263580622153e-03
-7.380761053246602879e-03
-7.475243618560858255e-03
-7.566916169741021506e-03
-7.655751695967260954e-03
-7.741723970551010053e-03
-7.824807555870531492e-03
-7.904977808073197429e-03
-7.982210881540647771e-03
-8.056483733120416504e-03
-8.127774126120255668e-03
-8.196060634067409492e-03
-8.261322644230762249e-03
-8.323540360905962165e-03
-8.382694808464799877e-03
-8.438767834166398946e-03
-8.491742110732111021e-03
-8.541601138683982061e-03
-8.588329248445139910e-03
-8.631911602205281225e-03
-8.672334195549410291e-03
-8.709583858849604190e-03
-8.743648258423376146e-03
-8.774515897456015845e-03
-8.802176116687274524e-03
-8.826619094867080295e-03
-8.847835848975599965e-03
-8.865818234212653748e-03
-8.880558943755020515e-03
-8.892051508282443686e-03
-8.900290295275453331e-03
-8.905270508083608025e-03
-8.906988184765901595e-03
-8.905440196706205722e-03
-8.900624247001684072e-03
-8.892538868628691723e-03
-8.881183422385292500e-03
-8.866558094613667673e-03
-8.848663894701104538e-03
-8.827502652364109872e-03
-8.803077014716465323e-03
-8.775390443120005199e-03
-8.744447209824339137e-03
-8.710252394394542991e-03
-8.672811879927936826e-03
-8.632132349065114313e-03
-8.588221279792963153e-03
-8.541086941045175629e-03
-8.490738388099827727e-03
-8.437185457778398345e-03
-8.380438763445949291e-03
-8.320509689815906024e-03
-8.257410387562686555e-03
-8.191153767742090017e-03
-8.121753496022792937e-03
-8.049223986733711547e-03
-7.973580396724966324e-03
-7.894838619049463976e-03
-7.813015276463773293e-03
-7.728127714755092352e-03
-7.640193995892193349e-03
-7.549232891007021974e-03
-7.455263873207282690e-03
-7.358307110223429905e-03
-7.258383456893160654e-03
-7.155514447485357768e-03
-7.049722287867825517e-03
-6.941029847519298267e-03
-6.829460651392072097e-03
-6.715038871624580234e-03
-6.597789319108881417e-03
-6.477737434916358041e-03
-6.354909281583758646e-03
-6.229331534263045540e-03
-6.101031471737418908e-03
-5.970036967308444895e-03
-5.836376479555619064e-03
-5.700079042972866841e-03
-5.561174258482889932e-03
-5.419692283836793738e-03
-5.275663823898235974e-03
-5.129120120816811450e-03
-4.980092944094518907e-03
-4.828614580548621499e-03
-4.674717824172804764e-03
-4.518435965901367035e-03
-4.359802783279499716e-03
-4.198852530043011531e-03
-4.035619925611098890e-03
-3.870140144494421414e-03
-3.702448805623437863e-03
-3.532581961599938047e-03
-3.360576087874872844e-03
-3.186468071855486865e-03
-3.010295201947542094e-03
-2.832095156532259995e-03
-2.651905992885071010e-03
-2.469766136037811633e-03
-2.285714367587930902e-03
-2.099789814458944207e-03
-1.912031937614144545e-03
-1.722480520729165491e-03
-1.531175658824538181e-03
-1.338157746864263769e-03
-1.143467468321263721e-03
-9.471457837143589659e-04
-7.492339191213973461e-04
-5.497733546694875007e-04
-3.488058130081103160e-04
-1.463732477666138284e-04
5.748216799887121250e-05
2.627180533665792773e-04
4.692918311149656303e-04
6.771607392899856763e-04
8.862818427690107677e-04
1.096612044820533633e-03
1.308108098654080665e-03
1.520726618958045213e-03
1.734424093422190592e-03
1.949156894241886118e-03
2.164881289599171043e-03
2.381553455119354325e-03
2.599129485299053917e-03
2.817565404902684038e-03
3.036817180323319893e-03
3.256840730907380188e-03
3.477591940236032624e-03
3.699026667364593499e-03
3.921100758013129975e-03
4.143770055708109745e-03
4.366990412869319743e-03
4.590717701843308532e-03
4.814907825874588550e-03
5.039516730016814321e-03
5.264500411978994404e-03
5.489814932903016101e-03
5.715416428072553172e-03
5.941261117546347420e-03
6.167305316717432324e-03
6.393505446793123180e-03
6.619818045193598399e-03
6.846199775866537544e-03
7.072607439515580900e-03
7.298997983739803803e-03
7.525328513080920163e-03
7.751556298977915066e-03
7.977638789623740095e-03
8.203533619724760056e-03
8.429198620157797237e-03
8.654591827525008260e-03
8.879671493602312241e-03
9.104396094680691082e-03
9.328724340796864731e-03
9.552615184852392485e-03
9.776027831619158587e-03
9.998921746627253970e-03
1.022125666493637133e-02
1.044299259978628651e-02
1.066408985112583981e-02
1.088450901401788982e-02
1.110421098691946606e-02
1.132315697983360576e-02
1.154130852233338847e-02
1.175862747145488274e-02
1.197507601945884195e-02
1.219061670145652615e-02
1.240521240290341255e-02
1.261882636695407095e-02
1.283142220168058054e-02
1.304296388715074813e-02
1.325341578236593175e-02
1.346274263205778435e-02
1.367090957334126181e-02
1.387788214222385186e-02
1.408362627997017218e-02
1.428810833931909788e-02
1.449129509055544635e-02
1.469315372743202480e-02
1.489365187294407374e-02
1.509275758495298887e-02
1.529043936166020815e-02
1.548666614692930689e-02
1.568140733545668464e-02
1.587463277778937767e-02
1.606631278519028705e-02
1.625641813434924865e-02
1.644492007194089597e-02
1.663179031902679156e-02
1.681700107530436153e-02
1.700052502319957665e-02
1.718233533180448316e-02
1.736240566065980553e-02
1.754071016338138583e-02
1.771722349113065420e-02
1.789192079592944254e-02
1.806477773381931842e-02
1.823577046786412428e-02
1.840487567099787641e-02
1.857207052871702110e-02
1.873733274161563933e-02
1.890064052776799230e-02
1.906197262495470252e-02
1.922130829273435357e-02
1.937862731436175781e-02
1.953390999855121254e-02
1.968713718108852997e-02
1.983829022628822575e-02
1.998735102829992880e-02
2.013430201226259000e-02
2.027912613530774913e-02
2.042180688741364325e-02
2.056232829210775936e-02
2.070067490702317756e-02
2.083683182430485017e-02
2.097078467087017811e-02
2.110251960852415828e-02
2.123202333392694083e-02
2.135928307841925694e-02
2.148428660770467999e-02
2.160702222138850825e-02
2.172747875237741183e-02
2.184564556613712710e-02
2.196151255981391645e-02
2.207507016121720844e-02
2.218630932766504568e-02
2.229522154469796430e-02
2.240179882465570191e-02
2.250603370512363130e-02
2.260791924724801089e-02
2.270744903392160272e-02
2.280461716784214915e-02
2.289941826944253897e-02
2.299184747469810650e-02
2.308190043280956144e-02
2.316957330376380117e-02
2.325486275577479112e-02
2.333776596260606420e-02
2.341828060077599805e-02
2.349640484664709816e-02
2.357213737340336721e-02
2.364547734791373063e-02
2.371642442748747581e-02
2.378497875651953281e-02
2.385114096303049200e-02
2.391491215510109514e-02
2.397629391720416600e-02
2.403528830643504588e-02
2.409189784864423922e-02
2.414612553447113494e-02
2.419797481528292854e-02
2.424744959902085453e-02
2.429455424595418703e-02
2.433929356434494373e-02
2.438167280602440701e-02
2.442169766188531654e-02
2.445937425729007367e-02
2.449470914739685160e-02
2.452770931240640107e-02
2.455838215273202854e-02
2.458673548409309739e-02
2.461277753253589620e-02
2.463651692938323076e-02
