1.276976888873844196e-01
1.089493961783785936e-01
9.062207952274378697e-02
7.273581142248090881e-02
5.527779124611058303e-02
3.819982685438941955e-02
2.142009434274912832e-02
4.829306030241816219e-03
-1.169932773948781542e-02
-2.829766305018898906e-02
-4.508955219832822686e-02
-6.217918789125395640e-02
-7.964274581258344587e-02
-9.752467973239323240e-02
-1.158392196290146808e-01
-1.345767003258032946e-01
-1.537134924585335793e-01
-1.732236952666023067e-01
-1.930905068932546043e-01
-2.133153568429953795e-01
-2.339234199743713272e-01
-2.549649048553318531e-01
-2.765123449975427361e-01
-2.986548355370811092e-01
-3.214906022502432847e-01
-3.451193855424189993e-01
-3.696358757324356148e-01
-3.951249344121392504e-01
-4.216587232652022066e-01
-4.492952996618121975e-01
-4.780778709235948831e-01
-5.080338157857802184e-01
-5.391727979938215620e-01
-5.714837527423473063e-01
-6.049311007319980726e-01
-6.394510840561495879e-01
-6.749494738422663342e-01
-7.113019610093601619e-01
-7.483582631023043552e-01
-7.859503937657118522e-01
-8.239047527364529167e-01
-8.620568624307306527e-01
-9.002668828754853969e-01
-9.384336430823141395e-01
-9.765049429231542621e-01
-1.014482332812838505e+00
-1.052419404624201693e+00
-1.090413678971069888e+00
-1.128593248974485430e+00
-1.167100223414884619e+00
-1.206073520484999051e+00
-1.245633589236374128e+00
-1.285871171431189675e+00
-1.326841358346597666e+00
-1.368563127054505335e+00
-1.411023487296425349e+00
-1.454184558508336167e+00
-1.497991498195501814e+00
-1.542379296194503757e+00
-1.587277000837810093e+00
-1.632608813836991857e+00
-1.678292467267079147e+00
-1.724236139533312784e+00
-1.770335669304275772e+00
-1.816473859549728509e+00
-1.862523213006684886e+00
-1.908352608235817982e+00
-1.953837409043452267e+00
-1.998871544082645446e+00
-2.043379431099990207e+00
-2.087325416686037993e+00
-2.130718714431431682e+00
-2.173612587789270467e+00
-2.216097569920357557e+00
-2.258289610527366875e+00
-2.300314952419273862e+00
-2.342294081628637503e+00
-2.384327168448158396e+00
-2.426483034594292931e+00
-2.468792952824425679e+00
-2.511249683096446361e+00
-2.553811266624936405e+00
-2.596408403171775792e+00
-2.638953835892942745e+00
-2.681352096013568609e+00
-2.723508180053225036e+00
-2.765334157966152340e+00
-2.806753230069627403e+00
-2.847701255896842198e+00
-2.888126184078067649e+00
-2.927986067700556028e+00
-2.967246437566338102e+00
-3.005877738626043794e+00
-3.043853345788084752e+00
-3.081148410473296462e+00
-3.117739501821000569e+00
-3.153604751642314241e+00
-3.188724041985410373e+00
-3.223078730067439501e+00
-3.256650509148116157e+00
-3.289419248631148651e+00
-3.321360000509153032e+00
-3.352439727325636110e+00
-3.382614602442473029e+00
-3.411828859059942598e+00
-3.440016048352840361e+00
-3.467103188468998454e+00
-3.493017691445398754e+00
-3.517696257555784634e+00
-3.541094287471757696e+00
-3.563193954944304576e+00
-3.584009046565422629e+00
-3.603585075757158140e+00
-3.621993978263486458e+00
-3.639323754106760678e+00
-3.655664514399816767e+00
-3.671093267853506870e+00
-3.685660219457313147e+00
-3.699379219917898975e+00
-3.712224295319522138e+00
-3.724133035459362251e+00
-3.735016270393923588e+00
-3.744772215702050211e+00
-3.753302397270970925e+00
-3.760526367590462549e+00
-3.766392554109508684e+00
-3.770883444914642890e+00
-3.774014505081250803e+00
-3.775827451073122898e+00
-3.776379520244459886e+00
-3.775730960958992632e+00
-3.773933055412459492e+00
-3.771018616083921415e+00
-3.766996211451659970e+00
-3.761848571004646757e+00
-3.755534880793325758e+00
-3.747996142600867664e+00
-3.739162488440800569e+00
-3.728961298470666375e+00
-3.717325094730662638e+00
-3.704198389406987424e+00
-3.689542884793834521e+00
-3.673340617415133735e+00
-3.655594811477338890e+00
-3.636328379367244956e+00
-3.615580202780489749e+00
-3.593399553408312297e+00
-3.569839246985567094e+00
-3.544948326776541592e+00
-3.518765191591502361e+00
-3.491312077785994283e+00
-3.462591656985296584e+00
-3.432586234833075345e+00
-3.401259672453607052e+00
-3.368561761207333749e+00
-3.334434427193717188e+00
-3.298818881590596774e+00
-3.261662706513085652e+00
-3.222925892713579099e+00
-3.182585021702919903e+00
-3.140635085613451949e+00
-3.097088818514937003e+00
-3.051973812528570917e+00
-3.005328042121163890e+00
-2.957194654322994332e+00
-2.907616951807848960e+00
-2.856634381007312040e+00
-2.804280059606049758e+00
-2.750579997996762671e+00
-2.695553777540178775e+00
-2.639216142495573347e+00
-2.581578821084373310e+00
-2.522651950223216755e+00
-2.462444717387607618e+00
-2.400965177174270604e+00
-2.338219540221524007e+00
-2.274211456628393080e+00
-2.208941846344350868e+00
-2.142409647149474683e+00
-2.074613509676956458e+00
-2.005554079364892939e+00
-1.935236203928658361e+00
-1.863670309841143791e+00
-1.790872360166063659e+00
-1.716862211073117983e+00
-1.641660713595045840e+00
-1.565286394216176991e+00
-1.487752822568359834e+00
-1.409067718990511420e+00
-1.329234447479912928e+00
-1.248255870511538301e+00
-1.166139793241553813e+00
-1.082904618577970046e+00
-9.985835682610094688e-01
-9.132260065530213300e-01
-8.268950143051166934e-01
-7.396612574277741103e-01
-6.515941429328691026e-01
-5.627520031557982083e-01
-4.731733907519049542e-01
-3.828714080626774430e-01
-2.918323729023395430e-01
-2.000191975922979981e-01
-1.073788616645115074e-01
-1.385253199182246743e-02
8.061358713445354596e-02
1.760586209926413570e-01
2.725001705149319720e-01
3.699311234004781790e-01
4.683202284345163724e-01
5.676158168126619330e-01
6.677515588851010708e-01
7.686529448887676752e-01
8.702432727492218634e-01
9.724482477624384336e-01
1.075198739889577260e+00
1.178431686986043614e+00
1.282089478093145329e+00
1.386118340807301452e+00
1.490466279254686777e+00
1.595080996717660904e+00
1.699908052128289881e+00
1.804889315401484895e+00
1.909961665646394025e+00
2.015055853894196503e+00
2.120095527434774141e+00
2.224996550621667346e+00
2.329666898602340996e+00
2.434007482344913154e+00
2.537914237435906717e+00
2.641281658394620813e+00
2.744007705491195104e+00
2.845999706531301410e+00
2.947180594481569660e+00
3.047494634012153814e+00
3.146911744932055832e+00
3.245429641908082807e+00
3.343073253943554146e+00
3.439891211188245368e+00
3.535949526093846718e+00
3.631322893368471139e+00
3.726084253659479373e+00
3.820293403113427022e+00
3.913985502571133424e+00
4.007160374730306174e+00
4.099773497834767966e+00
4.191729613415203559e+00
4.282879841586018976e+00
4.373023099363657629e+00
4.461912400349458352e+00
4.549266248568557991e+00
4.634784829223860925e+00
4.718170090729123523e+00
4.799148190610075027e+00
4.877492250776916727e+00
4.953043043001932766e+00
5.025725185505402592e+00
5.095556713998358411e+00
5.162650479601008868e+00
5.227206655888404718e+00
5.289496605266144513e+00
5.349839340130347232e+00
5.408572696351784614e+00
5.466022010154556021e+00
5.522469473661977268e+00
5.578127387860707387e+00
5.633118215914956650e+00
5.687463681258631887e+00
5.741084208574869230e+00
5.793808865278188946e+00
5.845394754366822987e+00
5.895553686793217452e+00
5.943983075200284460e+00
5.990397470708125560e+00
6.034557093167928876e+00
6.076290101540171129e+00
6.115506164373718967e+00
6.152200009401730618e+00
6.186444903555550212e+00
6.218377271278257901e+00
6.248174739068034000e+00
6.276030664289921290e+00
6.302128572934656781e+00
6.326619847899275229e+00
6.349607481091262606e+00
6.371137787780578599e+00
6.391200792272489828e+00
6.409738691041297898e+00
6.426660577500481253e+00
6.441860673349416366e+00
6.455236827797462773e+00
6.466706122855709893e+00
6.476215065755974720e+00
6.483742951677540667e+00
6.489298334616411701e+00
6.492909883304376351e+00
6.494613949961165922e+00
6.494441726949848892e+00
6.492408802547907420e+00
6.488509278444236195e+00
6.482715532480148646e+00
6.474983446353392402e+00
6.465261749098424993e+00
6.453503302380701356e+00
6.439675836638889983e+00
6.423769882785339114e+00
6.405802354053963477e+00
6.385815238451319154e+00
6.363869930859450186e+00
6.340038631392634016e+00
6.314394779899706656e+00
6.287004589422714673e+00
6.257921390101886416e+00
6.227183799106675188e+00
6.194817856968315439e+00
6.160842407236183149e+00
6.125276319954379822e+00
6.088145795058156118e+00
6.049489984059788661e+00
6.009363517324167958e+00
5.967835136386097972e+00
5.924982380657271008e+00
5.880883024561231132e+00
5.835604573606282486e+00
5.789193506289671554e+00
5.741666037646969478e+00
5.693001974912742291e+00
5.643142779552388966e+00
5.591994325678343536e+00
5.539434159621638543e+00
5.485322432074597465e+00
5.429515191374699512e+00
5.371878461277781014e+00
5.312301503430799876e+00
5.250707863246189433e+00
5.187063160441435450e+00
5.121379033397087888e+00
5.053713099432041389e+00
4.984165187613215586e+00
4.912870401244038732e+00
4.839989767690888733e+00
4.765699349368876625e+00
4.690178745153667172e+00
4.613599923918318524e+00
4.536117304186915611e+00
4.457859913773623006e+00
4.378926311014780026e+00
4.299382710472886338e+00
4.219264434148583653e+00
4.138580431995445785e+00
4.057320233217804883e+00
3.975462364970191675e+00
3.892983067273620090e+00
3.809864083639246779e+00
3.726098429229310227e+00
3.641693314967029416e+00
3.556669794732826517e+00
3.471059147468873007e+00
3.384896448565053007e+00
3.298212174169738997e+00
3.211022978497485081e+00
3.123322959368040941e+00
3.035076762014196294e+00
2.946215754122023966e+00
2.856638233888415979e+00
2.766214218808873859e+00
2.674794835933392623e+00
2.582225746219068530e+00
2.488363457595184514e+00
2.393092895800774222e+00
2.296344288463023187e+00
2.198107337169021402e+00
2.098440833388472093e+00
1.997476306228916920e+00
1.895414923213751379e+00
1.792517618298570481e+00
1.689089195158632428e+00
1.585457847273099574e+00
1.481952061089164330e+00
1.378877160984742112e+00
1.276493783213555000e+00
1.175000334132197288e+00
1.074521032407555587e+00
9.751005193898795165e-01
8.767053274474091440e-01
7.792318087457539288e-01
6.825195249939275399e-01
5.863686416996856110e-01
4.905595928823163754e-01
3.948731921464869732e-01
2.991094494378848112e-01
2.031035813346226682e-01
1.067380416462397480e-01
9.949813344852806093e-03
-8.726734087894263969e-02
-1.848655072674418032e-01
-2.827495295437382206e-01
-3.807872292580671836e-01
-4.788217115743235719e-01
-5.766844182243938688e-01
-6.742076425314458277e-01
-7.712354317011096416e-01
-8.676321299619206284e-01
-9.632881977093445958e-01
-1.058123299790256100e+00
-1.152086922512458589e+00
-1.245156914662557845e+00
-1.337336355325667636e+00
-1.428649074649926964e+00
-1.519134063951130598e+00
-1.608838981598887941e+00
-1.697813037539761982e+00
-1.786099721319942324e+00
-1.873730071936545061e+00
-1.960717378379433828e+00
-2.047054241668762042e+00
-2.132712742916511584e+00
-2.217648026754891255e+00
-2.301804981467378219e+00
-2.385127004268343232e+00
-2.467565254131289354e+00
-2.549086486318608014e+00
-2.629677653631101730e+00
-2.709345981618238586e+00
-2.788114103922323395e+00
-2.866010907904746219e+00
-2.943059756801955196e+00
-3.019266482966139975e+00
-3.094609798245556487e+00
-3.169036452677893134e+00
-3.242462626799675895e+00
-3.314781823416122819e+00
-3.385878179309538272e+00
-3.455642931120473271e+00
-3.523991002109891468e+00
-3.590874504691529800e+00
-3.656290430998919483e+00
-3.720280847148532022e+00
-3.782925311921141009e+00
-3.844326724082641977e+00
-3.904593062035673245e+00
-3.963818257378843857e+00
-4.022065583032461866e+00
-4.079356413527750469e+00
-4.135666145596523791e+00
-4.190927680358802476e+00
-4.245041455949898790e+00
-4.297889871210611723e+00
-4.349353281280770922e+00
-4.399324685046348549e+00
-4.447720737904426791e+00
-4.494487662744232281e+00
-4.539601764551871810e+00
-4.583065320899613937e+00
-4.624899399102059050e+00
-4.665135504295419011e+00
-4.703807865731625348e+00
-4.740947702859000579e+00
-4.776580135937015470e+00
-4.810723703958214692e+00
-4.843391889744778744e+00
-4.874595732124071823e+00
-4.904346554380515144e+00
-4.932658011588804570e+00
-4.959546965787217765e+00
-4.985033034423025811e+00
-5.009136941111570707e+00
-5.031877984919907121e+00
-5.053271033472829465e+00
-5.073323464074110944e+00
-5.092032462252970682e+00
-5.109383063730721375e+00
-5.125347295868692754e+00
-5.139884718643206618e+00
-5.152944554859284487e+00
-5.164469416344649844e+00
-5.174400385043760764e+00
-5.182682935446894845e+00
-5.189272953080140915e+00
-5.194141984352702579e+00
-5.197280898844331531e+00
-5.198701369323306842e+00
-5.198434940958635231e+00
-5.196529889870882712e+00
-5.193046460505625461e+00
-5.188051326694512966e+00
-5.181612182801163868e+00
-5.173793231344043342e+00
-5.164652037394825257e+00
-5.154237851502440293e+00
-5.142591157834404569e+00
-5.129743963779694660e+00
-5.115720257100153212e+00
-5.100536119846066363e+00
-5.084199170972220294e+00
-5.066707257195561809e+00
-5.048046566473051833e+00
-5.028189554034948827e+00
-5.007093217553354236e+00
-4.984698320944449534e+00
-4.960930139221493285e+00
-4.935701176485513209e+00
-4.908916095057882067e+00
-4.880478793375768731e+00
-4.850301207522866420e+00
-4.818313032752540082e+00
-4.784471235344867068e+00
-4.748768030569070930e+00
-4.711236009777840295e+00
-4.671949347933106900e+00
-4.631020502448481402e+00
-4.588592460064247369e+00
-4.544827288759032413e+00
-4.499892370941251052e+00
-4.453946104192773703e+00
-4.407124966965385582e+00
-4.359533629906018781e+00
-4.311239288428176053e+00
-4.262270697588498969e+00
-4.212621641875287537e+00
-4.162257912252138148e+00
-4.111126408972534563e+00
-4.059164812412038970e+00
-4.006310377729406014e+00
-3.952506767170254065e+00
-3.897708346310406746e+00
-3.841881924271699500e+00
-3.785006400480698030e+00
-3.727071103405882990e+00
-3.668073721138106258e+00
-3.608018628432736907e+00
-3.546916152296478941e+00
-3.484782962336478551e+00
-3.421643409565944705e+00
-3.357531347590850146e+00
-3.292491808375300533e+00
-3.226581893075532559e+00
-3.159870364524963726e+00
-3.092435653299278275e+00
-3.024362261522575590e+00
-2.955735814867795686e+00
-2.886637231211018229e+00
-2.817136617346045036e+00
-2.747287562689364471e+00
-2.677122473297326444e+00
-2.606649491775623328e+00
-2.535851394474552212e+00
-2.464686665506955698e+00
-2.393092738508315165e+00
-2.320991193956122078e+00
-2.248294524149533125e+00
-2.174913947561699423e+00
-2.100767679805555233e+00
-2.025789050229817256e+00
-1.949933881745660624e+00
-1.873186610688727827e+00
-1.795564696693393136e+00
-1.717120948564489602e+00
-1.637943470264404455e+00
-1.558153021247740355e+00
-1.477897704503145615e+00
-1.397345060255930527e+00
-1.316671861053946735e+00
-1.236052166644888706e+00
-1.155644477527130398e+00
-1.075579080360187012e+00
-9.959468531062869445e-01
-9.167908406244115183e-01
-8.381017838954407662e-01
-7.598184742148624826e-01
-6.818333255220281330e-01
-6.040029649257425692e-01
-5.261630128163595765e-01
-4.481456549066153983e-01
-3.697981932184983278e-01
-2.910005755399017735e-01
-2.116799811210829385e-01
-1.318208765842606989e-01
-5.146949693923120323e-02
2.926763549132679887e-02
1.102308700185810342e-01
1.912193918268788040e-01
2.720066840375755524e-01
3.523579316672667550e-01
4.320477448887820593e-01
5.108766625385972038e-01
5.886850880136723640e-01
6.653635716551716817e-01
7.408586645173724783e-01
8.151739214567926828e-01
8.883660264187772659e-01
9.605364418201873811e-01
1.031819420127689346e+00
1.102367609421122108e+00
1.172336770823043439e+00
1.241871240475908245e+00
1.311091670792404074e+00
1.380086272584545082e+00
1.448906294358198066e+00
1.517565898316133532e+00
1.586046023642839309e+00
1.654301359112721581e+00
1.722269243160901020e+00
1.789879194008895391e+00
1.857061830295001048e+00
1.923756133222135123e+00
1.989914276557885442e+00
2.055503571525152839e+00
2.120505415815034489e+00
2.184911487351562265e+00
2.248717771923649078e+00
2.311917334396876633e+00
2.374492992004049174e+00
2.436411166996523381e+00
2.497618128170647989e+00
2.558039544049217628e+00
2.617583776069729140e+00
2.676148702732472628e+00
2.733631196787468909e+00
2.789937813637888286e+00
2.844994919460370308e+00
2.898756480935471558e+00
2.951208078913487132e+00
3.002366345525223856e+00
3.052273842340087473e+00
3.100990238780330976e+00
3.148581348903868982e+00
3.195108000262879333e+00
3.240616753823595708e+00
3.285134152310138944e+00
3.328665503231651890e+00
3.371198323195644164e+00
3.412709645554943716e+00
3.453175600887774088e+00
3.492581177688788063e+00
3.530927968406012418e+00
3.568238040994385241e+00
3.604552802614789719e+00
3.639926714576037003e+00
3.674416791286975403e+00
3.708069759348241679e+00
3.740909369236692150e+00
3.772926499535416589e+00
3.804074317580649733e+00
3.834269908208627786e+00
3.863402599204249555e+00
3.891347916056503209e+00
3.917984940203243838e+00
3.943214058623556895e+00
3.966971850259800370e+00
3.989240229199126464e+00
4.010047911024312128e+00
4.029463628725073576e+00
4.047582050944681598e+00
4.064504757489534548e+00
4.080319626049559112e+00
4.095082370065977528e+00
4.108803645879936184e+00
4.121444163373329417e+00
4.132918770726116797e+00
4.143108825991426158e+00
4.151880645540031445e+00
4.159106734955154039e+00
4.164686071128478773e+00
4.168559985417194191e+00
4.170721115004207391e+00
4.171214232348973816e+00
4.170129244382711597e+00
4.167587979321395686e+00
4.163727312223169719e+00
4.158681585130296732e+00
4.152567136608307230e+00
4.145471156314412653e+00
4.137446180623096659e+00
4.128510530162941450e+00
4.118654032262416109e+00
4.107847605954753512e+00
4.096054800874233237e+00
4.083243212828656432e+00
4.069393845650067121e+00
4.054506914032637077e+00
4.038603218496741754e+00
4.021720977990727697e+00
4.003908765381078538e+00
3.985215836758862373e+00
3.965681570271458956e+00
3.945325861244601384e+00
3.924142136786441970e+00
3.902094193361138608e+00
3.879117416016627740e+00
3.855124231426074299e+00
3.830013006310694301e+00
3.803679132097741000e+00
3.776026796607848901e+00
3.746979944873804591e+00
3.716491141211163196e+00
3.684547402466435528e+00
3.651172507087324881e+00
3.616425730111885617e+00
3.580397357206551945e+00
3.543201653235969140e+00
3.504968177202199442e+00
3.465832431370799771e+00
3.425926804445156737e+00
3.385372626343535085e+00
3.344273920541822154e+00
3.302713158994847298e+00
3.260749044082690506e+00
3.218416110988034706e+00
3.175725799123639614e+00
3.132668596701090991e+00
3.089216905840546090e+00
3.045328372085135182e+00
3.000949526433852821e+00
2.956019659016337009e+00
2.910474857884755018e+00
2.864252105262671488e+00
2.817293250650263925e+00
2.769548611827544971e+00
2.720979925822661016e+00
2.671562402355676102e+00
2.621285720051403256e+00
2.570153927671198879e+00
2.518184333540652187e+00
2.465405552528427968e+00
2.411854912123658323e+00
2.357575400306773705e+00
2.302612292141462902e+00
2.247009555868370700e+00
2.190806147081171051e+00
2.134032368968080906e+00
2.076706598928738767e+00
2.018832821273023548e+00
1.960399507786370732e+00
1.901380395718539118e+00
1.841737585065524652e+00
1.781427103745150120e+00
1.720406698680971180e+00
1.658645166705625673e+00
1.596132128409728734e+00
1.532886862101561887e+00
1.468964729527227009e+00
1.404459883258285302e+00
1.339503348011903627e+00
1.274256170020204637e+00
1.208898046094898149e+00
1.143612566456743362e+00
1.078570812026060866e+00
1.013915426534477193e+00
9.497473546147955359e-01
8.861171635635769483e-01
8.230222711494099563e-01
7.604105668390434003e-01
6.981899714072239416e-01
6.362425905880786381e-01
5.744414405640235755e-01
5.126673792893493564e-01
4.508239274191978563e-01
3.888480876504622485e-01
3.267159795358654528e-01
2.644429539117413297e-01
2.020786745673884832e-01
1.396983114669790860e-01
7.739138578270929325e-02
1.524991299963060140e-02
-4.664266094506035187e-02
-1.082205673658961781e-01
-1.694421211382113879e-01
-2.302930975317000473e-01
-2.907871069765690653e-01
-3.509632598438637840e-01
-4.108815857243384162e-01
-4.706167667683870404e-01
-5.302507820303093977e-01
-5.898650557271652994e-01
-6.495326672070034224e-01
-7.093111213520930658e-01
-7.692361029106471459e-01
-8.293165577675314371e-01
-8.895313709556212922e-01
-9.498278542724460927e-01
-1.010122215133038681e+00
-1.070302138912654355e+00
-1.130231554642590952e+00
-1.189757540434584371e+00
-1.248719142290955375e+00
-1.306957631552090549e+00
-1.364327444779479093e+00
-1.420706794393925776e+00
-1.476006781574087157e+00
-1.530177851021556235e+00
-1.583212638178139064e+00
-1.635144666765926846e+00
-1.686042902387055786e+00
-1.736002760397597822e+00
-1.785134688518066559e+00
-1.833551790471608989e+00
-1.881358055328416157e+00
-1.928638590043981749e+00
-1.975452859299058117e+00
-2.021831404139524224e+00
-2.067775952432360675e+00
-2.113262362347073431e+00
-2.158245540695528319e+00
-2.202665391264562622e+00
-2.246452961636105528e+00
-2.289536210906584657e+00
-2.331845125845738664e+00
-2.373316174569906956e+00
-2.413896230046473690e+00
-2.453546086274232874e+00
-2.492243543338325207e+00
-2.529985814999471838e+00
-2.566790804027659245e+00
-2.602696688735705255e+00
-2.637759336164003265e+00
-2.672047322484118137e+00
-2.705634761451830794e+00
-2.738592627755291886e+00
-2.770979694121100234e+00
-2.802834459256999367e+00
-2.834169440144594709e+00
-2.864968905945438404e+00
-2.895190579058333213e+00
-2.924771122319090200e+00
-2.953634512746282414e+00
-2.981701825736395417e+00
-3.008900649483554179e+00
-3.035172394246255845e+00
-3.060476158836893834e+00
-3.084788495542909015e+00
-3.108099240469105240e+00
-3.130404380225884076e+00
-3.151697540152133659e+00
-3.171961973984577465e+00
-3.191164846573239178e+00
-3.209255147863677493e+00
-3.226165853366243841e+00
-3.241820105776243466e+00
-3.256140408571757572e+00
-3.269059253251731523e+00
-3.280529354249287710e+00
-3.290531773976957286e+00
-3.299080642768972726e+00
-3.306223809906093880e+00
-3.312039462590794070e+00
-3.316629378511783965e+00
-3.320109923103380378e+00
-3.322602104471462869e+00
-3.324221954870249629e+00
-3.325072265821454653e+00
-3.325236345004555005e+00
-3.324774076635981235e+00
-3.323720230720050850e+00
-3.322084730957075127e+00
-3.319854474265047095e+00
-3.316996285561589541e+00
-3.313460658009302673e+00
-3.309186030686554147e+00
-3.304103453422288172e+00
-3.298141551829484097e+00
-3.291231716777007321e+00
-3.283313397708303327e+00
-3.274339287575063651e+00
-3.264280069192202927e+00
-3.253128277565846993e+00
-3.240900754068187339e+00
-3.227639159743185271e+00
-3.213408103147420647e+00
-3.198290635927981018e+00
-3.182381169985941671e+00
-3.165776243692599135e+00
-3.148563958915675531e+00
-3.130813256670272438e+00
-3.112564422167763301e+00
-3.093822243776870096e+00
-3.074553053246298795e+00
-3.054686443499560866e+00
-3.034121838841561392e+00
-3.012739369550573532e+00
-2.990413800731738014e+00
-2.967029716992699129e+00
-2.942495885479500028e+00
-2.916756780008837424e+00
-2.889799653300524795e+00
-2.861656226846511331e+00
-2.832398904434253240e+00
-2.802132249511549489e+00
-2.770981145362237719e+00
-2.739077464385923033e+00
-2.706547153029531305e+00
-2.673499404687842418e+00
-2.640019115410574990e+00
-2.606163204723156657e+00
-2.571960754115999670e+00
-2.537416371771974433e+00
-2.502515805698752871e+00
-2.467232633332589575e+00
-2.431534854379914012e+00
-2.395390379512458701e+00
-2.358770698023933132e+00
-2.321652371376111024e+00
-2.284016382554678426e+00
-2.245845721141939144e+00
-2.207121855589906811e+00
-2.167820903790699472e+00
-2.127910343953519412e+00
-2.087347012917369682e+00
-2.046076940499421237e+00
-2.004037302981685809e+00
-1.961160489885494185e+00
-1.917380006915981205e+00
-1.872637715857363272e+00
-1.826891756617081697e+00
-1.780124411262514306e+00
-1.732349148360487145e+00
-1.683616117463272444e+00
-1.634015438381771324e+00
-1.583677742768592189e+00
-1.532771576471627650e+00
-1.481497463534467318e+00
-1.430078669599365027e+00
-1.378748981680070207e+00
-1.327738131657650644e+00
-1.277255809014219645e+00
-1.227475498720984826e+00
-1.178519597343374858e+00
-1.130447355176416258e+00
-1.083247120623863191e+00
-1.036834097131105192e+00
-9.910543611697834043e-01
-9.456952639014799544e-01
-9.005016160067182973e-01
-8.551963300280469582e-01
-8.095035773823938685e-01
-7.631721130626746286e-01
-7.159963090260703655e-01
-6.678326525317006546e-01
-6.186099895748237154e-01
-5.683325542837233124e-01
-5.170757098228323523e-01
-4.649752017888539868e-01
-4.122114621426494763e-01
-3.589909986713278878e-01
-3.055271038743024303e-01
-2.520220107777841889e-01
-1.986522519119475194e-01
-1.455584179248248511e-01
-9.283986009606184919e-02
-4.055423483534325441e-02
1.127876620898052816e-02
6.267055691886726232e-02
1.136549366711186587e-01
1.642787968060593351e-01
2.145933888546757984e-01
2.646470093466925522e-01
3.144796034107453231e-01
3.641194257715279492e-01
4.135815804875839219e-01
4.628680347157543284e-01
5.119685923634642588e-01
5.608623227748443796e-01
6.095190468030590170e-01
6.579006492435248710e-01
7.059621660117325614e-01
7.536527431533538435e-01
8.009166531979454717e-01
8.476945732076787143e-01
8.939252893415564616e-01
9.395479203411897240e-01
9.845046758044756485e-01
1.028744104815421778e+00
1.072224750222466660e+00
1.114919089669309082e+00
1.156817591709121018e+00
1.197932621558840172e+00
1.238301790872133656e+00
1.277990181136781978e+00
1.317090731233207190e+00
1.355722034798425346e+00
1.394022908827170282e+00
1.432143411764908780e+00
1.470232500219017080e+00
1.508423153928448945e+00
1.546816452602850722e+00
1.585466609679186734e+00
1.624369214543329942e+00
1.663454804739466164e+00
1.702589352067680473e+00
1.741582356036732948e+00
1.780202130003920358e+00
1.818196730590728727e+00
1.855318028324428825e+00
1.891345829902497222e+00
1.926108859569644727e+00
1.959499819936287190e+00
1.991482617444183312e+00
2.022091008116214894e+00
2.051419193725420254e+00
2.079606058239854782e+00
2.106815583450810880e+00
2.133216384106308539e+00
2.158963203392320729e+00
2.184182649138199928e+00
2.208964553913702833e+00
2.233359291412382319e+00
2.257380381470606601e+00
2.281010949940111221e+00
2.304212202179193980e+00
2.326932063022669528e+00
2.349112488428251933e+00
2.370694550770820364e+00
2.391621087894555853e+00
2.411837330189984030e+00
2.431290357077217745e+00
2.449928415483841881e+00
2.467701050640959348e+00
2.484560699477371681e+00
2.500465960468537308e+00
2.515386276899309603e+00
2.529307345163541942e+00
2.542236260759865640e+00
2.554205292531542160e+00
2.565273253426374023e+00
2.575523708047902982e+00
2.585059689862630794e+00
2.593995134111060086e+00
2.602443785631647355e+00
2.610506822725707110e+00
2.618260761613323329e+00
2.625747304552375816e+00
2.632966637186478387e+00
2.639875280030673288e+00
2.646389011201140118e+00
2.652390691681808743e+00
2.657742145921256238e+00
2.662298681369881237e+00
2.665924452642875142e+00
2.668506739793495175e+00
2.669967330727030852e+00
2.670269556438759295e+00
2.669420077579894190e+00
2.667465193499775733e+00
2.664482157654276762e+00
2.660566646402781288e+00
2.655818053977494930e+00
2.650324599769000589e+00
2.644150284601080703e+00
2.637325505372017709e+00
2.629842658596746485e+00
2.621657398909710945e+00
2.612695463797860551e+00
2.602864238025125232e+00
2.592067610185397442e+00
2.580222244884478933e+00
2.567273198877245477e+00
2.553206855939170516e+00
2.538059425109636003e+00
2.521919706447881993e+00
2.504925436771508362e+00
2.487253239679649397e+00
2.469102965587989473e+00
2.450677949665206246e+00
2.432163350697618132e+00
2.413705160685262197e+00
2.395392594767807637e+00
2.377246313255226617e+00
2.359214276587374481e+00
2.341176048696137713e+00
2.322955179820460181e+00
2.304338109792628320e+00
2.285097051622629660e+00
2.265013731303739508e+00
2.243900791085541524e+00
2.221618128133281633e+00
2.198082350163850673e+00
2.173268708283511153e+00
2.147206089328556722e+00
2.119966688678323052e+00
2.091652658186493596e+00
2.062382230382371784e+00
2.032277552799516496e+00
2.001455810110598588e+00
1.970024321591771654e+00
1.938079368993536944e+00
1.905707725086237314e+00
1.872989367927439197e+00
1.839999765852366576e+00
1.806810407411597152e+00
1.773486851887305260e+00
1.740084347658894748e+00
1.706641830297774609e+00
1.673175694517534451e+00
1.639674998189915023e+00
1.606099635860652297e+00
1.572382531251210303e+00
1.538436141410102431e+00
1.504162697600195608e+00
1.469466812856122351e+00
1.434268532249526107e+00
1.398514707855041728e+00
1.362186790161742156e+00
1.325303702913209758e+00
1.287919297896001236e+00
1.250114810124348885e+00
1.211987576532848720e+00
1.173637886076643655e+00
1.135156088496823701e+00
1.096611964173807907e+00
1.058047884202529154e+00
1.019476569884223416e+00
9.808834400361419181e-01
9.422327725345986948e-01
9.034763434164363449e-01
8.645629345111205399e-01
8.254471449067298794e-01
7.860962601696300789e-01
7.464944293923261309e-01
7.066439494189380444e-01
6.665639381267908226e-01
6.262870084651257496e-01
5.858546978753598200e-01
5.453123834097713951e-01
5.047042810980599814e-01
4.640689642032448936e-01
4.234357028838296455e-01
3.828218593436745754e-01
3.422315599484916371e-01
3.016558685714633148e-01
2.610746493482952735e-01
2.204601878630192413e-01
1.797824235570425477e-01
1.390153585883474874e-01
9.814391085209193955e-02
5.717025144514868013e-02
1.611858441766475525e-02
-2.496256441087047959e-02
-6.600118042861986833e-02
-1.069058952772523052e-01
-1.475730884338271043e-01
-1.878961392102230787e-01
-2.277756619030834595e-01
-2.671294010868558444e-01
-3.059005277498169639e-01
-3.440633387638886154e-01
-3.816257629351577640e-01
-4.186285346275251396e-01
-4.551413254592487911e-01
-4.912564551286348613e-01
-5.270809918609088429e-01
-5.627280936030958358e-01
-5.983083581273159757e-01
-6.339217920684294683e-01
-6.696508329879806709e-01
-7.055547147301158839e-01
-7.416653831368638095e-01
-7.779851458789464047e-01
-8.144862475744041319e-01
-8.511125517463886681e-01
-8.877834350856065315e-01
-9.243998251658748222e-01
-9.608520415521956126e-01
-9.970287736796622502e-01
-1.032826222176988828e+00
-1.068156234774972457e+00
-1.102952264308934893e+00
-1.137172208292910991e+00
-1.170797644661332848e+00
-1.203829583671470971e+00
-1.236281491420940348e+00
-1.268170866475581082e+00
-1.299510944558013081e+00
-1.330304093336806659e+00
-1.360538136163792045e+00
-1.390186277864396303e+00
-1.419210618973113514e+00
-1.447568580804670324e+00
-1.475221051957757323e+00
-1.502140793131786278e+00
-1.528319628497447624e+00
-1.553773179429345452e+00
-1.578542292799111735e+00
-1.602690799642690678e+00
-1.626299737076759344e+00
-1.649458623295288584e+00
-1.672254759258645418e+00
-1.694761819855770346e+00
-1.717029170612804245e+00
-1.739073375880152650e+00
-1.760873220233095449e+00
-1.782369225702386872e+00
-1.803468119877398523e+00
-1.824052041372837163e+00
-1.843991551228795878e+00
-1.863160874573660086e+00
-1.881453355138356320e+00
-1.898794968013577611e+00
-1.915153949872045791e+00
-1.930545145718022715e+00
-1.945028443490923742e+00
-1.958701531496161552e+00
-1.971688013635304104e+00
-1.984122520394227873e+00
-1.996134775813400264e+00
-2.007834600716594142e+00
-2.019299586601460916e+00
-2.030566738141263539e+00
-2.041628844934118447e+00
-2.052435785708246918e+00
-2.062900448668751441e+00
-2.072908502982384160e+00
-2.082330894220502771e+00
-2.091037672189838048e+00
-2.098911610225996593e+00
-2.105860067459618179e+00
-2.111823709007500938e+00
-2.116781050906108241e+00
-2.120748325187028716e+00
-2.123774813004316808e+00
-2.125934474882307246e+00
-2.127315292642402600e+00
-2.128008100155541094e+00
-2.128096722752127690e+00
-2.127650932065628275e+00
-2.126723098357299779e+00
-2.125348609205086614e+00
-2.123549301162074521e+00
-2.121338514209356596e+00
-2.118726087378684397e+00
-2.115721748270350311e+00
-2.112335883486260446e+00
-2.108577479713649616e+00
-2.104449889058618073e+00
-2.099945767010091835e+00
-2.095042865659236142e+00
-2.089702239405527351e+00
-2.083869858012807441e+00
-2.077481763211095789e+00
-2.070471972089851675e+00
-2.062781567201297683e+00
-2.054367020066393490e+00
-2.045205876214330143e+00
-2.035298469054635184e+00
-2.024665196085145169e+00
-2.013339876982483734e+00
-2.001360589646815402e+00
-1.988759952291461186e+00
-1.975556968995061835e+00
-1.961752262424749871e+00
-1.947327853198435710e+00
-1.932251752680374413e+00
-1.916486691170213197e+00
-1.900001481501601974e+00
-1.882782962558459783e+00
-1.864846270603410350e+00
-1.846241380030717361e+00
-1.827054408460775381e+00
-1.807403007024552810e+00
-1.787426123886594498e+00
-1.767269379933049445e+00
-1.747068069438398430e+00
-1.726930258969012311e+00
-1.706922518037755410e+00
-1.687060457915196432e+00
-1.667305539256599412e+00
-1.647568660629314063e+00
-1.627720027076737352e+00
-1.607603896784672193e+00
-1.587056162470392717e+00
-1.565922432251651397e+00
-1.544074350386421601e+00
-1.521422290580839887e+00
-1.497923162954006404e+00
-1.473582778016334416e+00
-1.448452891996071745e+00
-1.422623631266885402e+00
-1.396212411763981143e+00
-1.369350720410713373e+00
-1.342170222656912548e+00
-1.314789626127285116e+00
-1.287303586023969659e+00
-1.259774697300504620e+00
-1.232229291148459582e+00
-1.204657351728218861e+00
-1.177016418384841723e+00
-1.149238881247411248e+00
-1.121241672410685508e+00
-1.092937065515345640e+00
-1.064243179850948851e+00
-1.035092873152628767e+00
-1.005439995989594326e+00
-9.752624261228982627e-01
-9.445618261300549046e-01
-9.133605765905811191e-01
-8.816967376027522452e-01
-8.496181138647371789e-01
-8.171765116364564374e-01
-7.844230919442969352e-01
-7.514053945041844207e-01
-7.181662073104158051e-01
-6.847440709549525995e-01
-6.511749067388828971e-01
-6.174940911562954993e-01
-5.837382832862041404e-01
-5.499464328831216164e-01
-5.161596193558281032e-01
-4.824196457811698036e-01
-4.487665848613747177e-01
-4.152356982053960754e-01
-3.818542911281518348e-01
-3.486391026970585560e-01
-3.155947626231048186e-01
-2.827136868509261269e-01
-2.499775604047130007e-01
-2.173603060852314084e-01
-1.848322008631318736e-01
-1.523646141724165348e-01
-1.199347304888177396e-01
-8.752959669478442561e-02
-5.514890429490015844e-02
-2.280606826643339496e-02
9.472618865288910325e-03
4.165071981846717175e-02
7.368595996860723141e-02
1.055355403672818687e-01
1.371616856366068005e-01
1.685365488879965457e-01
1.996456183305726495e-01
2.304889428857947731e-01
2.610798126397944063e-01
2.914409582016075362e-01
3.215988031827878291e-01
3.515767263782003660e-01
3.813885711383092070e-01
4.110337036451557347e-01
4.404947333837893608e-01
4.697385840117526135e-01
4.987210099423921572e-01
5.273940025331911308e-01
5.557149469758688731e-01
5.836559943961213692e-01
6.112119860412540406e-01
6.384054380464974088e-01
6.652875384868394137e-01
6.919347440807945837e-01
7.184412783974960526e-01
7.449085011287472913e-01
7.714326250341831948e-01
7.980925208043561092e-01
8.249393314535740096e-01
8.519893261966461351e-01
8.792209126775677452e-01
9.065760837907852476e-01
9.339659088638104789e-01
9.612790994680091572e-01
9.883922840886236738e-01
1.015180479453637652e+00
1.041526372213183116e+00
1.067327394948472286e+00
1.092500117687220884e+00
1.116982064497221261e+00
1.140731572237964953e+00
1.163726615496585737e+00
1.185963551525675008e+00
1.207456481425149164e+00
1.228237444398568190e+00
1.248357091208249336e+00
1.267884986765545730e+00
1.286908428329191167e+00
1.305528740680286903e+00
1.323854442116492836e+00
1.341991385709919715e+00
1.360030805925480424e+00
1.378036933443336887e+00
1.396036281672131674e+00
1.414010719276828976e+00
1.431895985849833020e+00
1.449586456126618295e+00
1.466945880614806352e+00
1.483822750363412490e+00
1.500068075854713578e+00
1.515552909327538611e+00
1.530182963830339471e+00
1.543908176220624373e+00
1.556725917689236294e+00
1.568677602594056975e+00
1.579839488645609524e+00
1.590309319234430196e+00
1.600191000978660627e+00
1.609579672631382019e+00
1.618549311680823832e+00
1.627144508154105385e+00
1.635377317210814807e+00
1.643229305929121642e+00
1.650658154442337544e+00
1.657607556932908288e+00
1.664018765519460930e+00
1.669841969959497296e+00
1.675045817223907996e+00
1.679623726473899792e+00
1.683596196804779677e+00
1.687008960385547374e+00
1.689927502876239274e+00
1.692429044879240507e+00
1.694593446217829813e+00
1.696494580493542736e+00
1.698193502187660631e+00
1.699734230622799824e+00
1.701142310141250169e+00
1.702425630698208847e+00
1.703576480752794886e+00
1.704573599083114788e+00
1.705383165658898026e+00
1.705958194810366368e+00
1.706236534069876853e+00
1.706138421435448027e+00
1.705565082215792394e+00
1.704399966847369052e+00
1.702513857102058825e+00
1.699774248839025059e+00
1.696058335654671900e+00
1.691267840533007716e+00
1.685343163488548290e+00
1.678274064967918422e+00
1.670104494803019479e+00
1.660930152977742269e+00
1.650888728586409337e+00
1.640144202698488707e+00
1.628867789556905254e+00
1.617218756053750761e+00
1.605328353114744200e+00
1.593289423951535833e+00
1.581153083540656423e+00
1.568932459476195973e+00
1.556612154743672205e+00
1.544161112866730967e+00
1.531546116352124454e+00
1.518743283010130396e+00
1.505745564437199535e+00
1.492565218023532259e+00
1.479231287568859576e+00
1.465783061646764862e+00
1.452261111264166571e+00
1.438697753374652111e+00
1.425108653335834363e+00
1.411486856122629030e+00
1.397799959438614792e+00
1.383990556459297361e+00
1.369979598708565227e+00
1.355672025901264677e+00
1.340963886894043222e+00
1.325750194337474097e+00
1.309932850387725889e+00
1.293428088578147506e+00
1.276172957114898754e+00
1.258130413768908884e+00
1.239292634059631748e+00
1.219682189663799043e+00
1.199350866007753424e+00
1.178376069605496124e+00
1.156855011669347233e+00
1.134897105555104924e+00
1.112615231500532431e+00
1.090116659050554881e+00
1.067494452341279709e+00
1.044820119341033804e+00
1.022138128688623082e+00
9.994627419046920869e-01
9.767774245180508297e-01
9.540369211978272368e-01
9.311719042711453787e-01
9.080959192804793911e-01
8.847141468054791069e-01
8.609332851625617344e-01
8.366716650693621915e-01
8.118685839121937420e-01
7.864918447697007986e-01
7.605426365627141472e-01
7.340571938391172724e-01
7.071050834229690718e-01
6.797844022504724304e-01
6.522145455948142878e-01
6.245274409246007741e-01
5.968582015457818413e-01
5.693360471212601803e-01
5.420761215790810272e-01
5.151725944056874118e-01
4.886932376459834360e-01
4.626755773807255667e-01
4.371247287259771852e-01
4.120130959310102092e-01
3.872821830892559936e-01
3.628467426858666967e-01
3.386013399068266150e-01
3.144291259391853721e-01
2.902122390323847445e-01
2.658428725302952045e-01
2.412337654352613436e-01
2.163267721056477966e-01
1.910983046127162632e-01
1.655608125951439913e-01
1.397600151161503546e-01
1.137682291738205537e-01
8.767473225096329703e-02
6.157454015320919932e-02
3.555719504429900174e-02
9.697106932150246356e-03
-1.595330886894280598e-02
-4.136694379555357071e-02
-6.654158590379792571e-02
-9.149618976782983304e-02
-1.162646986717116721e-01
-1.408885873307839931e-01
-1.654093793869711171e-01
-1.898622711059430590e-01
-2.142716956411305496e-01
-2.386492510007102441e-01
-2.629939649907868104e-01
-2.872944614220161452e-01
-3.115322957167291906e-01
-3.356855976513140050e-01
-3.597322174934840522e-01
-3.836518054762019236e-01
-4.074266107340364651e-01
-4.310411798589768861e-01
-4.544814666438058981e-01
-4.777340406461532130e-01
-5.007860441933751350e-01
-5.236262912268822012e-01
-5.462474854645958944e-01
-5.686490711672786968e-01
-5.908398548650083404e-01
-6.128393761480629420e-01
-6.346771352644270392e-01
-6.563892026142570391e-01
-6.780123550056228465e-01
-6.995765554673560871e-01
-7.210971405457126115e-01
-7.425683458577954088e-01
-7.639596970094062467e-01
-7.852163207544488044e-01
-8.062634869351639200e-01
-8.270148425202047404e-01
-8.473830406305975504e-01
-8.672909739513714467e-01
-8.866817024511601808e-01
-9.055254378033240625e-01
-9.238225362952097175e-01
-9.416022122051997956e-01
-9.589174368735685627e-01
-9.758370715184645494e-01
-9.924365855929607738e-01
-1.008788707233637894e+00
-1.024955089456847990e+00
-1.040979667413775012e+00
-1.056883965544321180e+00
-1.072664309484540723e+00
-1.088290774749583356e+00
-1.103707760615762590e+00
-1.118836244138887492e+00
-1.133577934050221225e+00
-1.147821591068991953e+00
-1.161451629803400776e+00
-1.174358754174062547e+00
-1.186451866628877250e+00
-1.197669959018455854e+00
-1.207992298523621111e+00
-1.217445110345794612e+00
-1.226103217745714069e+00
-1.234085730165769945e+00
-1.241545777759096136e+00
-1.248655304335142269e+00
-1.255586840170126006e+00
-1.262494781331227278e+00
-1.269498862201122291e+00
-1.276672176112276125e+00
-1.284035335966896341e+00
-1.291557327295073332e+00
-1.299162503993174678e+00
-1.306742234564578053e+00
-1.314169104143591449e+00
-1.321311412295284926e+00
-1.328045973914236511e+00
-1.334267830478758521e+00
-1.339896245709492950e+00
-1.344877106541315204e+00
-1.349182416600565926e+00
-1.352807857714417361e+00
-1.355769389256868074e+00
-1.358099615615850020e+00
-1.359844290994859817e+00
-1.361058976557096623e+00
-1.361805625850792678e+00
-1.362148811741331178e+00
-1.362151424577638714e+00
-1.361869917203467173e+00
-1.361349463731521325e+00
-1.360619643286751668e+00
-1.359691380432708430e+00
-1.358555827313055797e+00
-1.357185656029071819e+00
-1.355538879071669367e+00
-1.353564894465315360e+00
-1.351212038470057220e+00
-1.348435599488762016e+00
-1.345205066539931771e+00
-1.341509396236357787e+00
-1.337359297290581006e+00
-1.332785933499860409e+00
-1.327835986116035816e+00
-1.322563617897794419e+00
-1.317020448013315637e+00
-1.311245076870086290e+00
-1.305253901863636656e+00
-1.299034879241437013e+00
-1.292545502558777981e+00
-1.285715631963144867e+00
-1.278455023741662089e+00
-1.270664617917763639e+00
-1.262249994256403385e+00
-1.253135029785997778e+00
-1.243273754025977507e+00
-1.232658698631796890e+00
-1.221324602368973666e+00
-1.209347036552064214e+00
-1.196836221155395563e+00
-1.183926888705237657e+00
-1.170765449843302441e+00
-1.157495905101700417e+00
-1.144245962284061946e+00
-1.131114711114606930e+00
-1.118163025757430651e+00
-1.105407637475145144e+00
-1.092819542016284062e+00
-1.080327060240275028e+00
-1.067823441190032474e+00
-1.055178395649307266e+00
-1.042252425217972345e+00
-1.028912353175001293e+00
-1.015046171846127443e+00
-1.000575288111250405e+00
-9.854625234018152824e-01
-9.697147942219156436e-01
-9.533801838808393381e-01
-9.365399820878462789e-01
-9.192970566060340021e-01
-9.017624792969072267e-01
-8.840425484344296425e-01
-8.662281862696944446e-01
-8.483881763291614142e-01
-8.305669379311036993e-01
-8.127866637027713059e-01
-7.950528371572044284e-01
-7.773615570472025560e-01
-7.597068367125102695e-01
-7.420861688241657816e-01
-7.245031223638810358e-01
-7.069664703170602804e-01
-6.894861792672309919e-01
-6.720673460529879017e-01
-6.547036738141943646e-01
-6.373722211942703941e-01
-6.200308941794112627e-01
-6.026195328350781866e-01
-5.850646133247168201e-01
-5.672867342957365056e-01
-5.492093932229048514e-01
-5.307672505256432194e-01
-5.119122114853840166e-01
-4.926162033534124407e-01
-4.728703555276510540e-01
-4.526811954034438701e-01
-4.320652176572681857e-01
-4.110435724261877755e-01
-3.896385392079897980e-01
-3.678729196595676432e-01
-3.457726252651442400e-01
-3.233717748288496008e-01
-3.007188039949258984e-01
-2.778816439111117531e-01
-2.549500771589239267e-01
-2.320339294930719720e-01
-2.092566802766440137e-01
-1.867451497126804694e-01
-1.646168816668457935e-01
-1.429674472572692034e-01
-1.218599933602789731e-01
-1.013189253019416841e-01
-8.132875142528978030e-02
-6.183804240500745397e-02
-4.276743440553560510e-02
-2.401987888923227260e-02
-5.491077752143570974e-03
1.292171826616659094e-02
3.131371759636253360e-02
4.976970077132949338e-02
6.836368964900592371e-02
8.716002529892816209e-02
1.062145011630983016e-01
1.255744152174916861e-01
1.452769562272215598e-01
1.653460480959724754e-01
1.857884311801415167e-01
2.065901744457400158e-01
2.277148768912442556e-01
2.491045214498073257e-01
2.706833775287976196e-01
2.923646639886502974e-01
3.140590575731657119e-01
3.356837096850914803e-01
3.571703009070689716e-01
3.784708239560942156e-01
3.995601789972148543e-01
4.204351849156514609e-01
4.411101425719148872e-01
4.616095398141260575e-01
4.819588125547318858e-01
5.021742634226293855e-01
5.222533111787650562e-01
5.421662316188283759e-01
5.618504753176971622e-01
5.812085095078975971e-01
6.001099110396791447e-01
6.183981082492334691e-01
6.359017172409513474e-01
6.524498583721854983e-01
6.678902268964768130e-01
6.821081196835137028e-01
6.950441996861316252e-01
7.067086184042925545e-01
7.171892882820668502e-01
7.266526213347147545e-01
7.353358815924796454e-01
7.435313303540267427e-01
7.515634248061361378e-01
7.597612966830040726e-01
7.684294373115160282e-01
7.778198389953808745e-01
7.881087398561599233e-01
7.993806048077818360e-01
8.116211245234392635e-01
8.247199477051635474e-01
8.384827262007716886e-01
8.526509972800649928e-01
8.669275852533123716e-01
8.810046737947782036e-01
8.945915332596489078e-01
9.074390860256728031e-01
9.193590111797583786e-01
9.302358423205748794e-01
9.400313881315929265e-01
9.487816859752196130e-01
9.565874744083958658e-01
9.635997552670807487e-01
9.700023575253424735e-01
9.759934985252052275e-01
9.817681842971422990e-01
9.875029490179065839e-01
9.933439727926176577e-01
9.993991126014628579e-01
1.005733905146416030e+00
1.012371209962465324e+00
1.019293892990917216e+00
1.026449816470189624e+00
1.033758388202873135e+00
1.041118000666534149e+00
1.048413815827708762e+00
1.055525481753644801e+00
1.062334468146382438e+00
1.068730761814814745e+00
1.074618671608782439e+00
1.079921475054280045e+00
1.084584626769188542e+00
1.088577274494862746e+00
1.091891916214956737e+00
1.094542188031417451e+00
1.096558982296238272e+00
1.097985324111976801e+00
1.098870634206406960e+00
1.099265129061899327e+00
1.099215118092476295e+00
1.098759838099376829e+00
1.097930229096497401e+00
1.096749740219673530e+00
1.095236913412194424e+00
1.093409184432275527e+00
1.091287116162386495e+00
1.088898172526413521e+00
1.086279166762398329e+00
1.083476671355068532e+00
1.080544941286089466e+00
1.077541251686503054e+00
1.074518953734299176e+00
1.071518969536886523e+00
1.068560828283992237e+00
1.065634630690510898e+00
1.062695447877732180e+00
1.059661550495608395e+00
1.056417484412206509e+00
1.052822366734015747e+00
1.048722937399646060e+00
1.043969997273857864e+00
1.038436069935491535e+00
1.032031628826807657e+00
1.024717186906985100e+00
1.016509024955722706e+00
1.007477298573066671e+00
9.977365577565111554e-01
9.874300901166004341e-01
9.767106727052531356e-01
9.657210272608621748e-01
9.545773486012987252e-01
9.433586797414530434e-01
9.321037526072419865e-01
9.208154384258059322e-01
9.094714688605027852e-01
8.980389117160660906e-01
8.864892581974422869e-01
8.748110226843710535e-01
8.630174412338198486e-01
8.511480119988530380e-01
8.392639808874826635e-01
8.274391348737869523e-01
8.157481529744149418e-01
8.042551042572685382e-01
7.930044271434608660e-01
7.820159650557314546e-01
7.712845715139050595e-01
7.607836952865211222e-01
7.504714733345014821e-01
7.402973937596230014e-01
7.302076340412531064e-01
7.201476988774840882e-01
7.100618325281435883e-01
6.998896450074981734e-01
6.895612327458375823e-01
6.789925924719616424e-01
6.680832039540296474e-01
6.567172796655577072e-01
6.447694367719876141e-01
6.321146050162068653e-01
6.186410451105093244e-01
6.042646088991538988e-01
5.889419701866343004e-01
5.726805664888031666e-01
5.555434098040398228e-01
5.376476691747567038e-01
5.191568666230139684e-01
5.002675008463121076e-01
4.811917588253402100e-01
4.621385575070490748e-01
4.432953833386913400e-01
4.248132327029359723e-01
4.067964315992366187e-01
3.892983196478676522e-01
3.723228601433748453e-01
3.558313463941979449e-01
3.397526709314902527e-01
3.239952278507465255e-01
3.084584887825501109e-01
2.930426164917370180e-01
2.776550747536579711e-01
2.622139263490280148e-01
2.466482287126476880e-01
2.308964960430477942e-01
2.149044942741274722e-01
1.986236264850892996e-01
1.820108700781810640e-01
1.650307192867149220e-01
1.476589825118783950e-01
1.298877153191655143e-01
1.117301598723103168e-01
9.322440232676167116e-02
7.443459434082956572e-02
5.544899723131702790e-02
3.637472107261385812e-02
1.732972067204933617e-02
-1.566776634257084329e-03
-2.020384759156361107e-02
-3.848683298294028332e-02
-5.634237014816224215e-02
-7.371981359091742125e-02
-9.058916600393558671e-02
-1.069364383496477916e-01
-1.227579428087807317e-01
-1.380552399609306091e-01
-1.528322448359599461e-01
-1.670953912513032380e-01
-1.808569105230682372e-01
-1.941404148141924191e-01
-2.069873091105590146e-01
-2.194622557656644157e-01
-2.316560476705429306e-01
-2.436847607323077147e-01
-2.556848080419614755e-01
-2.678043125141882363e-01
-2.801918674249226915e-01
-2.929841406834917672e-01
-3.062938613377154673e-01
-3.201995510909645404e-01
-3.347380281104289090e-01
-3.499003237082931039e-01
-3.656312949028051040e-01
-3.818329184363230544e-01
-3.983710000305552557e-01
-4.150847900075572694e-01
-4.317987364628916858e-01
-4.483353390433453267e-01
-4.645278420588007662e-01
-4.802314056307643297e-01
-4.953314951647455056e-01
-5.097485711058681312e-01
-5.234387163232677720e-01
-5.363905118155554153e-01
-5.486191172269448968e-01
-5.601589750726486683e-01
-5.710567156805688160e-01
-5.813656453002226110e-01
-5.911426933976893228e-01
-6.004479977958410153e-01
-6.093465871702955505e-01
-6.179110523560161772e-01
-6.262238134499618081e-01
-6.343776502361765379e-01
-6.424735479681704664e-01
-6.506155261225055053e-01
-6.589028252511225370e-01
-6.674204746428807900e-01
-6.762297187498746975e-01
-6.853599542937772737e-01
-6.948036902394644221e-01
-7.045156152966663976e-01
-7.144162188614299192e-01
-7.243996738288559500e-01
-7.343449828774359922e-01
-7.441288382627491149e-01
-7.536383472999840238e-01
-7.627817860612898793e-01
-7.714958617941944929e-01
-7.797485338497376350e-01
-7.875371617793132106e-01
-7.948824907129100614e-01
-8.018196215117560088e-01
-8.083875446187303027e-01
-8.146189827999266164e-01
-8.205321792944487713e-01
-8.261259195395694865e-01
-8.313785538703938327e-01
-8.362511782632745527e-01
-8.406945138372087234e-01
-8.446584780247891056e-01
-8.481030224701068265e-01
-8.510085728366389990e-01
-8.533843781445032972e-01
-8.552732804703822023e-01
-8.567518463174401688e-01
-8.579254258326157734e-01
-8.589184576668731363e-01
-8.598611140865967117e-01
-8.608740578053956094e-01
-8.620535297929940999e-01
-8.634590993504851486e-01
-8.651061261951179526e-01
-8.669643205827545218e-01
-8.689628293562192685e-01
-8.710011779201314308e-01
-8.729643570694844978e-01
-8.747395599808451827e-01
-8.762317127148780971e-01
-8.773750921005667447e-01
-8.781389830132255714e-01
-8.785263879602156489e-01
-8.785660779128376952e-01
-8.782995282993841801e-01
-8.777652789520050680e-01
-8.769837967351137298e-01
-8.759458930188072090e-01
-8.746071497742092804e-01
-8.728897409623664894e-01
-8.706916923361869287e-01
-8.679022478693328990e-01
-8.644208560189552415e-01
-8.601765644855371429e-01
-8.551444486640221720e-01
-8.493561247369350031e-01
-8.429023351617506155e-01
-8.359268743025767279e-01
-8.286125199179126266e-01
-8.211609113411921790e-01
-8.137692545595259785e-01
-8.066071894899623507e-01
-7.997970656709667558e-01
-7.934002751463034020e-01
-7.874113072416317749e-01
-7.817600020563792995e-01
-7.763212968139634462e-01
-7.709307782035308421e-01
-7.654037229278742860e-01
-7.595551022632510696e-01
-7.532182333559782617e-01
-7.462602893665732928e-01
-7.385935841141232361e-01
-7.301822539228423059e-01
-7.210445178129237798e-01
-7.112510100600712981e-01
-7.009197289461984726e-01
-6.902079972178745138e-01
-6.793016118991881402e-01
-6.684012269649679538e-01
-6.577060917222160574e-01
-6.473956220361399838e-01
-6.376098758305601688e-01
-6.284307063534337878e-01
-6.198659750685336922e-01
-6.118395016929423225e-01
-6.041892371582976429e-01
-5.966753910744858613e-01
-5.889989856156341297e-01
-5.808297315789696658e-01
-5.718405157439672148e-01
-5.617444735812620049e-01
-5.503298825280628082e-01
-5.374881295772614420e-01
-5.232308161544162450e-01
-5.076935387673465749e-01
-4.911257683995790546e-01
-4.738682097642659130e-01
-4.563207105321042123e-01
-4.389049304588343303e-01
-4.220264082232521585e-01
-4.060403604684600931e-01
-3.912246319490229607e-01
-3.777619097414908755e-01
-3.657318886899254551e-01
-3.551127880093644662e-01
-3.457906641286255245e-01
-3.375744391856349558e-01
-3.302144605922689991e-01
-3.234226310929912418e-01
-3.168925570976410810e-01
-3.103186056697684880e-01
-3.034131204462195974e-01
-2.959212650847394821e-01
-2.876330454162498440e-01
-2.783920657645932439e-01
-2.681005842433143438e-01
-2.567205241695192930e-01
-2.442703201686833858e-01
-2.308178267435727904e-01
-2.164699451769040162e-01
-2.013600480590656550e-01
-1.856346040608347070e-01
-1.694405459915532819e-01
-1.529148335756844446e-01
-1.361773352282826532e-01
-1.193276341903070636e-01
-1.024457366207459641e-01
-8.559602918382240577e-02
-6.883331261635465548e-02
-5.220942158750580681e-02
-3.577889292968226831e-02
-1.960238067773446835e-02
-3.747001822473600315e-03
1.171655427918647484e-02
2.671962964342852395e-02
4.120279745226410745e-02
5.512316808372485361e-02
6.846024396109737231e-02
8.121902546685612345e-02
9.342960886646510532e-02
1.051432247038576739e-01
1.164253922816009396e-01
1.273474577220919390e-01
1.379781139197185091e-01
1.483765011508657305e-01
1.585881590105872041e-01
1.686445137491237034e-01
1.785658620147627107e-01
1.883670991670980677e-01
1.980648792939108116e-01
2.076845941481451630e-01
2.172655767037963703e-01
2.268632680185405370e-01
2.365476699183044762e-01
2.463981290280118364e-01
2.564952202510575319e-01
2.669110779857601368e-01
2.776998443269340644e-01
2.888898978029549869e-01
3.004791922496549694e-01
3.124344409967846903e-01
3.246941525445603549e-01
3.371748185031446798e-01
3.497790281174106841e-01
3.624040512707307760e-01
3.749495388288707209e-01
3.873233972700680927e-01
3.994454889875554970e-01
4.112494268263965358e-01
4.226832007380970091e-01
4.337095642690853570e-01
4.443069634839512672e-01
4.544713498956572395e-01
4.642186082794959034e-01
4.735867325547267748e-01
4.826364889677084435e-01
4.914492624831385270e-01
5.001211500958131495e-01
5.087530966061009075e-01
5.174378157454144755e-01
5.262451850731381109e-01
5.352085111766076153e-01
5.443143354337218742e-01
5.534981799033664718e-01
5.626478239352814548e-01
5.716144799409526023e-01
5.802308221430234614e-01
5.883334868896828995e-01
5.957866755927397895e-01
6.025030615834857661e-01
6.084584396657130023e-01
6.136974474027498960e-01
6.183290921688187058e-01
6.225124992924706557e-01
6.264349574000567245e-01
6.302856754879407886e-01
6.342294313099889891e-01
6.383843306692066344e-01
6.428071919977663695e-01
6.474887402722476759e-01
6.523590810241000071e-01
6.573021496101435490e-01
6.621763297139785509e-01
6.668374920283561824e-01
6.711604893660759741e-01
6.750556765340821608e-01
6.784781649421643968e-01
6.814290116763440652e-01
6.839490566743359201e-01
6.861073493539990853e-01
6.879868221451332921e-01
6.896699803626363812e-01
6.912269380117688211e-01
6.927073089894416613e-01
6.941364986961859884e-01
6.955160663145850686e-01
6.968272160064981069e-01
6.980362029847062555e-01
6.991004846878560164e-01
6.999747096376550681e-01
7.006159851167662600e-01
7.009881790217601383e-01
7.010652143675504266e-01
7.008333871536611692e-01
7.002927095736920515e-01
6.994572091839994510e-01
6.983540620590050763e-01
6.970214478666070246e-01
6.955051033485566414e-01
6.938537067692710503e-01
6.921134198046342556e-01
6.903221068017881823e-01
6.885039062560363021e-01
6.866649122203889455e-01
6.847907073508767706e-01
6.828463559911231995e-01
6.807792087894781741e-01
6.785245020934964622e-01
6.760132924854180825e-01
6.731818132836896451e-01
6.699809614329530483e-01
6.663844132188159186e-01
6.623939040725096428e-01
6.580405306812205923e-01
6.533815233621156349e-01
6.484927084284153320e-01
6.434576940236520493e-01
6.383554996977813811e-01
6.332487504521727706e-01
6.281745597379542190e-01
6.231398029604270361e-01
6.181216969396511329e-01
6.130735992858937777e-01
6.079349269383632626e-01
6.026432777051587975e-01
5.971463979675382117e-01
5.914116728044493954e-01
5.854313214348393357e-01
5.792223608459002859e-01
5.728214736936221296e-01
5.662759605115117445e-01
5.596327517477688307e-01
5.529278325847001296e-01
5.461783092753401680e-01
5.393787429087057994e-01
5.325024228822845540e-01
5.255071567635001273e-01
5.183441613904581358e-01
5.109679796980904909e-01
5.033451733889040547e-01
4.954598944244938963e-01
4.873152313423566584e-01
4.789302627566596193e-01
4.703337709235244080e-01
4.615563185323351414e-01
4.526226900485795235e-01
4.435464843265505830e-01
4.343279946221182963e-01
4.249556161902511286e-01
4.154101296431296220e-01
4.056705566972927390e-01
3.957200318130890682e-01
3.855503169192107671e-01
3.751641210333007126e-01
3.645750931764992209e-01
3.538060200855091542e-01
3.428861914100991837e-01
3.318489852238316051e-01
3.207304719358642919e-01
3.095693318645560410e-01
2.984077951477687174e-01
2.872928251170971392e-01
2.762765274021543038e-01
2.654148535208846194e-01
2.547640644993520720e-01
2.443750263175720472e-01
2.342860657484146791e-01
2.245156472376150791e-01
2.150563924446839137e-01
2.058718739268708409e-01
1.968971801500922769e-01
1.880435635185521148e-01
1.792067026494056081e-01
1.702774150145859311e-01
1.611532052421474071e-01
1.517489251608757916e-01
1.420050651156434529e-01
1.318927160545130262e-01
1.214148969120922017e-01
1.106045652609674024e-01
9.952007562212158986e-02
8.823903455322025524e-02
7.685142188377198924e-02
6.545257899423125025e-02
5.413633527619337443e-02
4.298828985516094797e-02
3.207918951693011084e-02
2.145847967420138822e-02
1.114840701700769987e-02
1.139406991754333964e-03
-8.612229943560582857e-03
-1.818338625446365431e-02
-2.767908531786894208e-02
-3.722321793851203486e-02
-4.694562185951178801e-02
-5.696692097907922470e-02
-6.738318182952116042e-02
-7.825275584788934924e-02
-8.958753529729457377e-02
-1.013502451919953140e-01
-1.134584177381157549e-01
-1.257945342931884036e-01
-1.382207083147017623e-01
-1.505954553546406671e-01
-1.627897321598925362e-01
-1.746996094664771404e-01
-1.862536387638671354e-01
-1.974140389084423075e-01
-2.081720418410589191e-01
-2.185388464931645458e-01
-2.285344110163960163e-01
-2.381766159800842997e-01
-2.474731114113299657e-01
-2.564174866216818449e-01
-2.649904331639406085e-01
-2.731655189430684527e-01
-2.809182683657469037e-01
-2.882366188486195635e-01
-2.951305925875651881e-01
-3.016391934801889163e-01
-3.078330463924153215e-01
-3.138120230386844955e-01
-3.196979094392189413e-01
-3.256229363904765695e-01
-3.317156156403235912e-01
-3.380857338106499910e-01
-3.448105196272083783e-01
-3.519239104944066332e-01
-3.594105158621584972e-01
-3.672053398215029962e-01
-3.751996358935290043e-01
-3.832524955725758464e-01
-3.912070101244224940e-01
-3.989091949345589527e-01
-4.062274272503049732e-01
-4.130700004829350180e-01
-4.193985817893723933e-01
-4.252358632949851391e-01
-4.306664553906119353e-01
-4.358309708141474004e-01
-4.409141509645856383e-01
-4.461286487988915805e-01
-4.516965879764328617e-01
-4.578311937780834562e-01
-4.647206247142405267e-01
-4.725156706320932654e-01
-4.813223176250536750e-01
-4.911994343539146102e-01
-5.021611344005286748e-01
-5.141828213969366068e-01
