-3.679831475382711048e+00
-3.694834411743056268e+00
-3.708701416514292415e+00
-3.721419254624314110e+00
-3.732974934685358015e+00
-3.743355670867254847e+00
-3.752548850481366216e+00
-3.760542001971248549e+00
-3.767322757957448864e+00
-3.772878808801008343e+00
-3.777197843709309666e+00
-3.780267478494580224e+00
-3.782075171437030647e+00
-3.782608131033925680e+00
-3.781853221449893443e+00
-3.779796873020750514e+00
-3.776425006034641374e+00
-3.771722976165524877e+00
-3.765675549354672302e+00
-3.758266912708361218e+00
-3.749480726233476169e+00
-3.739300218114131269e+00
-3.727708323920576383e+00
-3.714687867785040787e+00
-3.700221781314733782e+00
-3.684293353953365990e+00
-3.666886506704320148e+00
-3.647986079664589987e+00
-3.627578122696803575e+00
-3.605650177824100133e+00
-3.582191541592318007e+00
-3.557193495722152043e+00
-3.530649494925665710e+00
-3.502555301801173027e+00
-3.472909060285700011e+00
-3.441711301246772603e+00
-3.408964876401731736e+00
-3.374674819809498238e+00
-3.338848139576969576e+00
-3.301493546000114243e+00
-3.262621125925248222e+00
-3.222241976445780143e+00
-3.180367813908653751e+00
-3.137010576351437763e+00
-3.092182038755043827e+00
-3.045893460696955213e+00
-2.998155285070585041e+00
-2.948976904484312822e+00
-2.898366508833520427e+00
-2.846331023534967475e+00
-2.792876143215994755e+00
-2.738006460564868405e+00
-2.681725684873992765e+00
-2.624036939863768847e+00
-2.564943125961180126e+00
-2.504447328622402935e+00
-2.442553251700640082e+00
-2.379265653465458819e+00
-2.314590762700690529e+00
-2.248536653367866123e+00
-2.181113558509750305e+00
-2.112334107235465552e+00
-2.042213472578634725e+00
-1.970769422490887601e+00
-1.898022270993145133e+00
-1.823994731271264547e+00
-1.748711677059525460e+00
-1.672199822782197698e+00
-1.594487336447978798e+00
-1.515603402103893327e+00
-1.435577750666970465e+00
-1.354440179113131748e+00
-1.272220078339589611e+00
-1.188945989524396341e+00
-1.104645207566528509e+00
-1.019343448252034490e+00
-9.330645932596391967e-01
-8.458305240867067809e-01
-7.576610525526759066e-01
-6.685739518600323228e-01
-5.785850883862068139e-01
-4.877086505864807187e-01
-3.959574677719750468e-01
-3.033434082144891297e-01
-2.098778431768196506e-01
-1.155721611749974398e-01
-2.043831516902865422e-02
7.551061552684558420e-02
1.722598669643984060e-01
2.697924536978806853e-01
3.680886698770849952e-01
4.671256430429331918e-01
5.668769531188337929e-01
6.673123265307996377e-01
7.683974126643409175e-01
8.700936470882337792e-01
9.723582032767006389e-01
1.075144032023014118e+00
1.178399985411701323e+00
1.282071020158167318e+00
1.386098473329953285e+00
1.490420401943698625e+00
1.594971976667139302e+00
1.699685918851070676e+00
1.804492969347887721e+00
1.909322377067832255e+00
2.014102394988862788e+00
2.118760771388185749e+00
2.223225224457690885e+00
2.327423889208674268e+00
2.431285726695425975e+00
2.534740887101336604e+00
2.637721020103659608e+00
2.740159528133609523e+00
2.841991760584770432e+00
2.943155149599018916e+00
3.043589290630643429e+00
3.143235973410552830e+00
3.242039171029294398e+00
3.339944996486602147e+00
3.436901637051890557e+00
3.532859277064660741e+00
3.627770019289180414e+00
3.721587813649162690e+00
3.814268400154866345e+00
3.905769270245483593e+00
3.996049647807275562e+00
4.085070488036396164e+00
4.172794489404155094e+00
4.259186111537835551e+00
4.344211590121764388e+00
4.427838939213086356e+00
4.510037931754055762e+00
4.590780050633925136e+00
4.670038405303646556e+00
4.747787612498013843e+00
4.824003643733401958e+00
4.898663646560017071e+00
4.971745750552258869e+00
5.043228872287729203e+00
5.113092535628221746e+00
5.181316724172578603e+00
5.247881781543084934e+00
5.312768372205215250e+00
5.375957510915592152e+00
5.437430662999630293e+00
5.497169910966220208e+00
5.555158176099045164e+00
5.611379477314939912e+00
5.665819204430374789e+00
5.718464379634769834e+00
5.769303879920939515e+00
5.818328594696906109e+00
5.865531496855168392e+00
5.910907611938907458e+00
5.954453878249352350e+00
5.996168900083569397e+00
6.036052605941970128e+00
6.074105832582842979e+00
6.110329863361942060e+00
6.144725954593307726e+00
6.177294886141934782e+00
6.208036571799510739e+00
6.236949761174917839e+00
6.264031858143658482e+00
6.289278871905354507e+00
6.312685506180701900e+00
6.334245380974684814e+00
6.353951370623499351e+00
6.371796032486708228e+00
6.387772093438773169e+00
6.401872956883280175e+00
6.414093191672464833e+00
6.424428966144679620e+00
6.432878395232902946e+00
6.439441775794744416e+00
6.444121694259973054e+00
6.446923000607730714e+00
6.447852652718752076e+00
6.446919444491518547e+00
6.444133639077619158e+00
6.439506534640583091e+00
6.433049993841678749e+00
6.424775969678635512e+00
6.414696059418449892e+00
6.402821115417751230e+00
6.389160936978214522e+00
6.373724061503951432e+00
6.356517666578811898e+00
6.337547587656926495e+00
6.316818449263299939e+00
6.294333901303152068e+00
6.270096946540538063e+00
6.244110340728829200e+00
6.216377043366275501e+00
6.186900694687600399e+00
6.155686093290617222e+00
6.122739648750084029e+00
6.088069784654997818e+00
6.051687269690136262e+00
6.013605457627214435e+00
5.973840421304477566e+00
5.932410970763959845e+00
5.889338551498926932e+00
5.844647025051723510e+00
5.798362340674393600e+00
5.750512113117387969e+00
5.701125127431851070e+00
5.650230796574610359e+00
5.597858601189707350e+00
5.544037542864331591e+00
5.488795642163271538e+00
5.432159510704175354e+00
5.374154022442196421e+00
5.314802103385887655e+00
5.254124651485749808e+00
5.192140589906587778e+00
5.128867047941030322e+00
5.064319655074175586e+00
4.998512925887694358e+00
4.931460707208747962e+00
4.863176654707464408e+00
4.793674704402092424e+00
4.722969505419056802e+00
4.651076783850217389e+00
4.578013613390107928e+00
4.503798576181218039e+00
4.428451806325708340e+00
4.351994918107975785e+00
4.274450830356443909e+00
4.195843506771528730e+00
4.116197638799011571e+00
4.035538302183677928e+00
3.953890620325176464e+00
3.871279466830124250e+00
3.787729236262950216e+00
3.703263706319365411e+00
3.617906006936181473e+00
3.531678702821556382e+00
3.444603986248070182e+00
3.356703967459341520e+00
3.268001041439513976e+00
3.178518302772626036e+00
3.088279975427524526e+00
2.997311821955016775e+00
2.905641496980101213e+00
2.813298813025701062e+00
2.720315892376609757e+00
2.626727186529814073e+00
2.532569354123373806e+00
2.437880998469133864e+00
2.342702276072922807e+00
2.247074397081796793e+00
2.151039046661456844e+00
2.054637762270606682e+00
1.957911305190659590e+00
1.860899065232911598e+00
1.763638535249470563e+00
1.666164887137419059e+00
1.568510673846806425e+00
1.470705673110612732e+00
1.372776878906425635e+00
1.274748636827758963e+00
1.176642910352557081e+00
1.078479657126345748e+00
9.802772883859042219e-01
8.820531808737531732e-01
7.838242092281799689e-01
6.856072677673389348e-01
5.874197536309984091e-01
4.892799879491135928e-01
3.912075575893501633e-01
2.932235665226216592e-01
1.953507923870807517e-01
9.761374992178362131e-02
3.866817710580013490e-05
-9.734660748920380413e-02
-1.945127748132027545e-01
-2.914292801085501816e-01
-3.880645542504249645e-01
-4.843862643593963013e-01
-5.803615680013697320e-01
-6.759573589015335227e-01
-7.711404956773821873e-01
-8.658780076939051051e-01
-9.601372746372370814e-01
-1.053886178649937833e+00
-1.147093229759782673e+00
-1.239727666809926410e+00
-1.331759537120981829e+00
-1.423159758691735943e+00
-1.513900168907768018e+00
-1.603953563474877386e+00
-1.693293728735665082e+00
-1.781895469676819443e+00
-1.869734634906382142e+00
-1.956788138744611549e+00
-2.043033979436102321e+00
-2.128451251446853654e+00
-2.213020148965156420e+00
-2.296721957153592175e+00
-2.379539027471626600e+00
-2.461454733535856754e+00
-2.542453404523793647e+00
-2.622520234011417983e+00
-2.701641163318718508e+00
-2.779802739829230873e+00
-2.856991952249137157e+00
-2.933196046269230806e+00
-3.008402325493171769e+00
-3.082597943700420728e+00
-3.155769695471021485e+00
-3.227903812846291576e+00
-3.298985776042182572e+00
-3.369000146241974747e+00
-3.437930428201402488e+00
-3.505758969810193637e+00
-3.572466904885685413e+00
-3.638034144341988796e+00
-3.702439419486371897e+00
-3.765660379562212334e+00
-3.827673743782629145e+00
-3.888455506037443943e+00
-3.947981188231571181e+00
-4.006226135925514242e+00
-4.063165847699500510e+00
-4.118776327577182705e+00
-4.173034448089858017e+00
-4.225918310274574097e+00
-4.277407586223700875e+00
-4.327483829851201946e+00
-4.376130742367663196e+00
-4.423334380559335699e+00
-4.469083298292717998e+00
-4.513368614577779603e+00
-4.556184004837552592e+00
-4.597525615549630906e+00
-4.637391905886459220e+00
-4.675783423182068965e+00
-4.712702521783533882e+00
-4.748153036964918527e+00
-4.782139926996248569e+00
-4.814668897143834947e+00
-4.845746019381476977e+00
-4.875377360974540331e+00
-4.903568634008963478e+00
-4.930324876490426611e+00
-4.955650173978053630e+00
-4.979547428953318366e+00
-5.002018183352754832e+00
-5.023062497951091387e+00
-5.042678890616156373e+00
-5.060864333847423069e+00
-5.077614310455238922e+00
-5.092922924720767242e+00
-5.106783064895636493e+00
-5.119186611464910719e+00
-5.130124684249753209e+00
-5.139587920221350359e+00
-5.147566772907690158e+00
-5.154051823579151481e+00
-5.159034094056552888e+00
-5.162505351059524905e+00
-5.164458392516492857e+00
-5.164887307176408981e+00
-5.163787700143251058e+00
-5.161156878526926839e+00
-5.156993993138478949e+00
-5.151300133959316518e+00
-5.144078378836649534e+00
-5.135333796427483222e+00
-5.125073405723963305e+00
-5.113306095525460115e+00
-5.100042507951200399e+00
-5.085294890558736292e+00
-5.069076921886164655e+00
-5.051403515366998498e+00
-5.032290606634734154e+00
-5.011754929323653407e+00
-4.989813784635106941e+00
-4.966484810177244746e+00
-4.941785753907931067e+00
-4.915734259349875401e+00
-4.888347668524121836e+00
-4.859642849170038303e+00
-4.829636052677118485e+00
-4.798342808649350921e+00
-4.765777861090700895e+00
-4.731955149811571282e+00
-4.696887838823776029e+00
-4.660588391293903676e+00
-4.623068688197825793e+00
-4.584340185299130788e+00
-4.544414100696991810e+00
-4.503301623123562969e+00
-4.461014129638211756e+00
-4.417563400502109161e+00
-4.372961818940870771e+00
-4.327222544255506342e+00
-4.280359648276633955e+00
-4.232388207393202428e+00
-4.183324345135706501e+00
-4.133185223358088578e+00
-4.081988983209194011e+00
-4.029754640062454207e+00
-3.976501939181585232e+00
-3.922251180970332651e+00
-3.867023026042630374e+00
-3.810838291047501603e+00
-3.753717746139586531e+00
-3.695681924329578205e+00
-3.636750951714421198e+00
-3.576944405967859897e+00
-3.516281208567531458e+00
-3.454779554199955971e+00
-3.392456878752347915e+00
-3.329329865363134022e+00
-3.265414486251622339e+00
-3.200726076559928579e+00
-3.135279435239751944e+00
-3.069088947172004200e+00
-3.002168720219858589e+00
-2.934532730814647827e+00
-2.866194971956421256e+00
-2.797169598162558390e+00
-2.727471062872793173e+00
-2.657114245052508039e+00
-2.586114563129095156e+00
-2.514488075812610468e+00
-2.442251570674374594e+00
-2.369422642406252777e+00
-2.296019763361720312e+00
-2.222062349163964612e+00
-2.147570821824259291e+00
-2.072566671945903050e+00
-1.997072520286606867e+00
-1.921112177343206939e+00
-1.844710697907494756e+00
-1.767894425939887215e+00
-1.690691023826141226e+00
-1.613129479333762273e+00
-1.535240083495332142e+00
-1.457054373300334049e+00
-1.378605034449906785e+00
-1.299925761432757731e+00
-1.221051074645922663e+00
-1.142016096983393458e+00
-1.062856295010825569e+00
-9.836071922752792629e-01
-9.043040642745079349e-01
-8.249816259387667827e-01
-7.456737231041179470e-01
-6.664130393442959654e-01
-5.872308287421391659e-01
-5.081566838415328968e-01
-4.292183462829530227e-01
-3.504415656557622882e-01
-2.718500100780931739e-01
-1.934652300696639848e-01
-1.153066755253423364e-01
-3.739176409171775933e-02
4.026400200374107008e-02
1.176468746257196413e-01
1.947446586687694159e-01
2.715464766914784112e-01
3.480425052503075545e-01
4.242236894608778508e-01
5.000814427957880337e-01
5.756073395615491917e-01
6.507928078608052891e-01
7.256288310820848686e-01
8.001056660337799720e-01
8.742125856868759870e-01
9.479376540923325489e-01
1.021267540363486104e+00
1.094187377663069283e+00
1.166680671932176727e+00
1.238729263672532666e+00
1.310313344495947829e+00
1.381411528441409908e+00
1.452000976285755973e+00
1.522057569293595591e+00
1.591556127135126175e+00
1.660470663082695530e+00
1.728774668163908235e+00
1.796441414732114605e+00
1.863444268998678099e+00
1.929757001511362757e+00
1.995354084417293450e+00
2.060210964673107714e+00
2.124304303194251009e+00
2.187612171263595418e+00
2.250114197341457789e+00
2.311791659638795515e+00
2.372627522346979934e+00
2.432606416106482428e+00
2.491714565967747319e+00
2.549939672563498405e+00
2.607270754302931870e+00
2.663697959932957549e+00
2.719212361695924951e+00
2.773805739468246045e+00
2.827470365707107636e+00
2.880198799831159118e+00
2.931983698952103534e+00
2.982817649851301045e+00
3.032693024958095673e+00
3.081601863085849047e+00
3.129535773988492586e+00
3.176485864607029086e+00
3.222442684259339885e+00
3.267396186037499817e+00
3.311335702240136847e+00
3.354249932685276825e+00
3.396126946023072524e+00
3.436954195490473207e+00
3.476718551695646475e+00
3.515406355764201241e+00
3.553003496379160797e+00
3.589495513772428925e+00
3.624867732580383084e+00
3.659105423708912674e+00
3.692193993124754936e+00
3.724119193000315242e+00
3.754867348165280561e+00
3.784425588629752202e+00
3.812782077312509177e+00
3.839926221249861715e+00
3.865848854634563292e+00
3.890542383099127033e+00
3.914000880669679550e+00
3.936220133652698294e+00
3.957197629137048089e+00
3.976932489519301672e+00
3.995425358164968355e+00
4.012678244662762239e+00
4.028694340820542230e+00
4.043477820344213214e+00
4.057033635871653665e+00
4.069367326637127746e+00
4.080484848557328625e+00
4.090392436089680395e+00
4.099096502023865440e+00
4.106603577702786723e+00
4.112920292345284778e+00
4.118053386459011200e+00
4.122009751095981223e+00
4.124796482167020883e+00
4.126420937402534683e+00
4.126890782944875546e+00
4.126214017062440398e+00
4.124398960045794205e+00
4.121454201907635451e+00
4.117388502903843950e+00
4.112210645890419514e+00
4.105929243884126834e+00
4.098552510580085517e+00
4.090088005703560015e+00
4.080542370584137046e+00
4.069921071959393011e+00
4.058228173476414291e+00
4.045466154465324315e+00
4.031635794219714519e+00
4.016736137224818037e+00
4.000764550646636941e+00
3.983716880169948737e+00
3.965587704286420490e+00
3.946370680793771957e+00
3.926058973075843728e+00
3.904645738134245647e+00
3.882124653810998360e+00
3.858490459537167183e+00
3.833739483526458436e+00
3.807870129713754270e+00
3.780883299880772874e+00
3.752782730131978273e+00
3.723575225845606074e+00
3.693270785023512914e+00
3.661882606123018302e+00
3.629426982489520448e+00
3.595923091003763172e+00
3.561392687144989466e+00
3.525859722136628349e+00
3.489349900076104127e+00
3.451890193982141142e+00
3.413508339664122371e+00
3.374232325463582871e+00
3.334089894484031369e+00
3.293108074209467162e+00
3.251312746638579387e+00
3.208728270396860704e+00
3.165377164830628587e+00
3.121279864816034699e+00
3.076454553841951878e+00
3.030917081699457505e+00
2.984680971633626001e+00
2.937757519915934701e+00
2.890155988319587088e+00
2.841883886862293984e+00
2.792947340438756587e+00
2.743351528729148114e+00
2.693101184278292148e+00
2.642201129199830412e+00
2.590656826985423766e+00
2.538474922774437648e+00
2.485663743578627738e+00
2.432233729702306224e+00
2.378197770174505177e+00
2.323571418540699707e+00
2.268372970794059196e+00
2.212623394341789229e+00
2.156346105346343300e+00
2.099566601017573308e+00
2.042311962866534270e+00
1.984610255860601802e+00
1.926489856176537563e+00
1.867978746166379267e+00
1.809103818729323132e+00
1.749890234104906517e+00
1.690360870021481610e+00
1.630535901168066681e+00
1.570432536374055221e+00
1.510064932176591546e+00
1.449444290275493596e+00
1.388579134530777193e+00
1.327475751511491442e+00
1.266138768013610250e+00
1.204571830230947604e+00
1.142778343019148712e+00
1.080762224387352033e+00
1.018528630204019292e+00
9.560846070431541222e-01
8.934396368590405979e-01
8.306060452228253288e-01
7.675992545203585982e-01
7.044378740092683833e-01
6.411436291289132061e-01
5.777411422009277597e-01
5.142575849440897962e-01
4.507222295573576898e-01
3.871659291737218345e-01
3.236205601271605614e-01
2.601184577977289081e-01
1.966918750652499603e-01
1.333724880045343564e-01
7.019096789479545295e-02
7.176632411686119720e-03
-5.564281744650615563e-02
-1.182414741075746706e-01
-1.805953184731693140e-01
-2.426822420802572655e-01
-3.044820081665980394e-01
-3.659761651434238483e-01
-4.271479264468934223e-01
-4.879820300922986798e-01
-5.484645896608622007e-01
-6.085829461374198113e-01
-6.683255272476573694e-01
-7.276817179554397885e-01
-7.866417428631039543e-01
-8.451965586224661209e-01
-9.033377523412465804e-01
-9.610574405255219999e-01
-1.018348162459005835e+00
-1.075202762144359836e+00
-1.131614254016035881e+00
-1.187575669506801157e+00
-1.243079884059218321e+00
-1.298119427093807010e+00
-1.352686280539526109e+00
-1.406771674455643106e+00
-1.460365890756750495e+00
-1.513458087772460603e+00
-1.566036159104002401e+00
-1.618086639806896265e+00
-1.669594671273814335e+00
-1.720544033343676782e+00
-1.770917248301979940e+00
-1.820695756819740607e+00
-1.869860160862672371e+00
-1.918390523604151410e+00
-1.966266711830590319e+00
-2.013468762644286869e+00
-2.059977253800530317e+00
-2.105773656022964069e+00
-2.150840646245654852e+00
-2.195162362927835620e+00
-2.238724588236120638e+00
-2.281514846703191601e+00
-2.323522415571834365e+00
-2.364738247981642338e+00
-2.405154815965893533e+00
-2.444765885438835884e+00
-2.483566239584040325e+00
-2.521551369977656609e+00
-2.558717156216546051e+00
-2.595059554717944916e+00
-2.630574315781420314e+00
-2.665256745151420859e+00
-2.699101522486558657e+00
-2.732102584676646018e+00
-2.764253077232795341e+00
-2.795545372395564776e+00
-2.825971148472943728e+00
-2.855521521532746299e+00
-2.884187218074759862e+00
-2.911958775817161449e+00
-2.938826759218402085e+00
-2.964781976755546999e+00
-2.989815688116479020e+00
-3.013919791186332908e+00
-3.037086980774905687e+00
-3.059310873268262565e+00
-3.080586093622126764e+00
-3.100908323202402173e+00
-3.120274308840498723e+00
-3.138681835065181058e+00
-3.156129662786281820e+00
-3.172617438756230257e+00
-3.188145580965508152e+00
-3.202715145758457727e+00
-3.216327682907286434e+00
-3.228985085170331004e+00
-3.240689438942460754e+00
-3.251442882485492181e+00
-3.261247477826229701e+00
-3.270105101724141150e+00
-3.278017360112773559e+00
-3.284985529114981873e+00
-3.291010524178886065e+00
-3.296092897167224312e+00
-3.300232859475352498e+00
-3.303430327610654693e+00
-3.305684986291594019e+00
-3.306996363172695741e+00
-3.307363908895460280e+00
-3.306787076367753819e+00
-3.305265394000387769e+00
-3.302798529018649010e+00
-3.299386338772815730e+00
-3.295028910023320545e+00
-3.289726588225504678e+00
-3.283480000645639940e+00
-3.276290078477746892e+00
-3.268158083793254676e+00
-3.259085647049843271e+00
-3.249074819946489612e+00
-3.238128146717131006e+00
-3.226248754663457952e+00
-3.213440462040189072e+00
-3.199707898635287595e+00
-3.185056631824273232e+00
-3.169493288812253784e+00
-3.153025664468109834e+00
-3.135662803762045758e+00
-3.117415048433902047e+00
-3.098294039103704378e+00
-3.078312666476689330e+00
-3.057484968372047529e+00
-3.035825972751348800e+00
-3.013351490432610191e+00
-2.990077864462749258e+00
-2.966021685910325889e+00
-2.941199487961224435e+00
-2.915627431496190969e+00
-2.889320995828510430e+00
-2.862294687982482433e+00
-2.834561782949146735e+00
-2.806134105924456001e+00
-2.777021865786490906e+00
-2.747233547177282631e+00
-2.716775866653079241e+00
-2.685653796528929771e+00
-2.653870658306249908e+00
-2.621428285889779275e+00
-2.588327257107636115e+00
-2.554567190254851017e+00
-2.520147100392087225e+00
-2.485065807888463318e+00
-2.449322389200272010e+00
-2.412916657174911439e+00
-2.375849655403753591e+00
-2.338124148510080769e+00
-2.299745088014911509e+00
-2.260720031843960864e+00
-2.221059494908887988e+00
-2.180777208772199049e+00
-2.139890270342779566e+00
-2.098419162960547979e+00
-2.056387638056288658e+00
-2.013822451684072590e+00
-1.970752957325359489e+00
-1.927210564081737187e+00
-1.883228077228343400e+00
-1.838838945592684126e+00
-1.794076446795524804e+00
-1.748972846573861206e+00
-1.703558571750676931e+00
-1.657861437610023581e+00
-1.611905969296514751e+00
-1.565712853349878975e+00
-1.519298549743748117e+00
-1.472675087111401826e+00
-1.425850054641599085e+00
-1.378826793942979023e+00
-1.331604783652457380e+00
-1.284180199308935677e+00
-1.236546621708940030e+00
-1.188695859154781820e+00
-1.140618843200076560e+00
-1.092306554026960086e+00
-1.043750930670757970e+00
-9.949457229407103753e-01
-9.458872459538931743e-01
-8.965750043920535095e-01
-8.470121614786184638e-01
-7.972058367213855634e-01
-7.471672260894253181e-01
-6.969115478583685075e-01
-6.464578262868255765e-01
-5.958285330491455145e-01
-5.450491125021159622e-01
-4.941474211190343135e-01
-4.431531136020468442e-01
-3.920970082878062479e-01
-3.410104626070483702e-01
-2.899247858238551689e-01
-2.388707114120600383e-01
-1.878779456834741568e-01
-1.369748031229121865e-01
-8.618793279252087713e-02
-3.554213456031330570e-02
1.493974084196962246e-02
6.523681757390369096e-02
1.153301582974562423e-01
1.652026788093803877e-01
2.148390268116164292e-01
2.642254368863090064e-01
3.133495719720280626e-01
3.622003594205226440e-01
4.107678273792368384e-01
4.590429450455812410e-01
5.070174685193160613e-01
5.546837926622550929e-01
6.020348086489344386e-01
6.490637667155571000e-01
6.957641439090339608e-01
7.421295172567257126e-01
7.881534435442353326e-01
8.338293476308691332e-01
8.791504218050568698e-01
9.241095389600622045e-01
9.686991823132637958e-01
1.012911393989727404e+00
1.056737744098052989e+00
1.100169321031765124e+00
1.143196742748745054e+00
1.185810187822147643e+00
1.227999444222171999e+00
1.269753973145973491e+00
1.311062984791395047e+00
1.351915522770776201e+00
1.392300553833855759e+00
1.432207059659363901e+00
1.471624127623718525e+00
1.510541037579157253e+00
1.548947341768490915e+00
1.586832935025913827e+00
1.624188112418753605e+00
1.661003611486874920e+00
1.697270636360469931e+00
1.732980861291794961e+00
1.768126411666134157e+00
1.802699821350731035e+00
1.836693966340160244e+00
1.870101976024933998e+00
1.902917124974476959e+00
1.935132709762736436e+00
1.966741916950237146e+00
1.997737689688828588e+00
2.028112601398638137e+00
2.057858745429899550e+00
2.086967649472473596e+00
2.115430222652860515e+00
2.143236741779877441e+00
2.170376881108472933e+00
2.196839787435181268e+00
2.222614199459788775e+00
2.247688607368958813e+00
2.272051445741182008e+00
2.295691310354078585e+00
2.318597187510671898e+00
2.340758683264033024e+00
2.362166239514523536e+00
2.382811324465521352e+00
2.402686586310525563e+00
2.421785961227456596e+00
2.440104729616030532e+00
2.457639517838680288e+00
2.474388246255756041e+00
2.490350027844892455e+00
2.505525024872415685e+00
2.519914273722996700e+00
2.533519489892008369e+00
2.546342866145935968e+00
2.558386876928683051e+00
2.569654101195019358e+00
2.580147074113073202e+00
2.589868175606889533e+00
2.598819560715787347e+00
2.607003133472742817e+00
2.614420562673851034e+00
2.621073334780053887e+00
2.626962836485502439e+00
2.632090457363189806e+00
2.636457701626478745e+00
2.640066297469398027e+00
2.642918292733284602e+00
2.645016126731848605e+00
2.646362669908674192e+00
2.646961225457493239e+00
2.646815489973541435e+00
2.645929473430828960e+00
2.644307382092153880e+00
2.641953471146376131e+00
2.638871876703412500e+00
2.635066439030767871e+00
2.630540530415918621e+00
2.625296901600409072e+00
2.619337560246164820e+00
2.612663693331911841e+00
2.605275642761727628e+00
2.597172939942647307e+00
2.588354400873096761e+00
2.578818278692837307e+00
2.568562466048772031e+00
2.557584735454299540e+00
2.545883002458941835e+00
2.533455594271836642e+00
2.520301505781052054e+00
2.506420625814760328e+00
2.491813919002106470e+00
2.476483552538806698e+00
2.460432962200520546e+00
2.443666857603002729e+00
2.426191172425911091e+00
2.408012970479331383e+00
2.389140322530423521e+00
2.369582171262488046e+00
2.349348202264415875e+00
2.328448737442904815e+00
2.306894663809903712e+00
2.284697405535121462e+00
2.261868940989069099e+00
2.238421859877831821e+00
2.214369449221233133e+00
2.189725791551217604e+00
2.164505854963233666e+00
2.138725552999258372e+00
2.112401753051085240e+00
2.085552215082906002e+00
2.058195447746771212e+00
2.030350475977307223e+00
2.002036522260588036e+00
1.973272612248642144e+00
1.944077123445170363e+00
1.914467302550074690e+00
1.884458782114007080e+00
1.854065129887171537e+00
1.823297464413901503e+00
1.792164167932531083e+00
1.760670722699461344e+00
1.728819689786839753e+00
1.696610840768402628e+00
1.664041443131946574e+00
1.631106690426026962e+00
1.597800258777300808e+00
1.564114963122943847e+00
1.530043479856709299e+00
1.495579098006456498e+00
1.460716458816395003e+00
1.425452243830345411e+00
1.389785774223395665e+00
1.353719489028774037e+00
1.317259276744149332e+00
1.280414643157891774e+00
1.243198707603673014e+00
1.205628029662797696e+00
1.167722278012975679e+00
1.129503762061191630e+00
1.090996854658636162e+00
1.052227340103226494e+00
1.013221725381050042e+00
9.740065539589491950e-01
9.346077602835517473e-01
8.950500995441699192e-01
8.553566814309132571e-01
8.155486289657651877e-01
7.756448745029240754e-01
7.356620953655109707e-01
6.956147819487435990e-01
6.555154222395983554e-01
6.153747792033952280e-01
5.752022319695974106e-01
5.350061486027525293e-01
4.947942577214295423e-01
4.545739883336185616e-01
4.143527518027858014e-01
3.741381464283505265e-01
3.339380731587187623e-01
2.937607597340622934e-01
2.536146993424532314e-01
2.135085178825051611e-01
1.734507904949607049e-01
1.334498325878512859e-01
9.351349277246827352e-02
5.364897479167524824e-02
1.386271272356670928e-02
-2.583968121560034983e-02
-6.545338361834461549e-02
-1.049742366758579237e-01
-1.443985380488678749e-01
-1.837227548727407567e-01
-2.229431797833597850e-01
-2.620555521366803586e-01
-3.010546709282174715e-01
-3.399340270786169182e-01
-3.786854817011849894e-01
-4.172990138708213004e-01
-4.557625565930842337e-01
-4.940619335836166082e-01
-5.321809026250361452e-01
-5.701013042735429970e-01
-6.078033080342352124e-01
-6.452657423359549060e-01
-6.824664900514827437e-01
-7.193829282096425581e-01
-7.559923890160328286e-01
-7.922726193441622655e-01
-8.282022173204588444e-01
-8.637610272853897264e-01
-8.989304779480266072e-01
-9.336938526529416915e-01
-9.680364849869727006e-01
-1.001945877170351773e+00
-1.035411742541087587e+00
-1.068425976740810857e+00
-1.100982564833463684e+00
-1.133077433449807270e+00
-1.164708258177827638e+00
-1.195874236836195870e+00
-1.226575839091284648e+00
-1.256814542209873764e+00
-1.286592561711987992e+00
-1.315912584442005429e+00
-1.344777510217211702e+00
-1.373190206884811859e+00
-1.401153282388643229e+00
-1.428668876418699663e+00
-1.455738473428228597e+00
-1.482362738302245075e+00
-1.508541375741304202e+00
-1.534273014470484586e+00
-1.559555117636807431e+00
-1.584383921138327489e+00
-1.608754402034966446e+00
-1.632660279490233401e+00
-1.656094050770288817e+00
-1.679047064552820379e+00
-1.701509633085112494e+00
-1.723471183529952544e+00
-1.744920447136348862e+00
-1.765845682753776735e+00
-1.786234928790713550e+00
-1.806076275186650149e+00
-1.825358144572686303e+00
-1.844069569774701378e+00
-1.862200453439773362e+00
-1.879741795056053766e+00
-1.896685871161568171e+00
-1.913026356176209086e+00
-1.928758374038078705e+00
-1.943878474556668845e+00
-1.958384532890770746e+00
-1.972275575530898939e+00
-1.985551541223711691e+00
-1.998212990057698146e+00
-2.010260778031525586e+00
-2.021695717503576795e+00
-2.032518245709499016e+00
-2.042728123851596411e+00
-2.052324188040478781e+00
-2.061304170667107805e+00
-2.069664606757610770e+00
-2.077400834787356931e+00
-2.084507095630851126e+00
-2.090976727212973785e+00
-2.096802446386087038e+00
-2.101976704007536334e+00
-2.106492094486370981e+00
-2.110341797484978521e+00
-2.113520027238295906e+00
-2.116022464189647678e+00
-2.117846644354691055e+00
-2.118992283959270306e+00
-2.119461520257730935e+00
-2.119259053829070538e+00
-2.118392182758245035e+00
-2.116870724654449809e+00
-2.114706828099172320e+00
-2.111914680571010283e+00
-2.108510124892133852e+00
-2.104510200540863352e+00
-2.099932629634367220e+00
-2.094795269863517273e+00
-2.089115558110164361e+00
-2.082909968865089390e+00
-2.076193510934492448e+00
-2.068979284297694399e+00
-2.061278116456204401e+00
-2.053098294281388903e+00
-2.044445403327127320e+00
-2.035322281973369396e+00
-2.025729092729415370e+00
-2.015663507768818530e+00
-2.005121000450137192e+00
-1.994095229474869724e+00
-1.982578497680091534e+00
-1.970562263528335079e+00
-1.958037680420830373e+00
-1.944996137250872392e+00
-1.931429773334454092e+00
-1.917331942105712672e+00
-1.902697600803213041e+00
-1.887523607661305558e+00
-1.871808913691839882e+00
-1.855554642647928132e+00
-1.838764059774118165e+00
-1.821442436994592962e+00
-1.803596828705998467e+00
-1.785235777841926108e+00
-1.766368975880711956e+00
-1.747006902636617953e+00
-1.727160471804626285e+00
-1.706840706280658537e+00
-1.686058463416664432e+00
-1.664824224919026374e+00
-1.643147959548141523e+00
-1.621039059724623144e+00
-1.598506346261184152e+00
-1.575558129356167569e+00
-1.552202309315519724e+00
-1.528446497644931013e+00
-1.504298138486366065e+00
-1.479764611892602000e+00
-1.454853304030268024e+00
-1.429571634667783364e+00
-1.403927038722462273e+00
-1.377926905511491551e+00
-1.351578485955356568e+00
-1.324888783560712602e+00
-1.297864448944697102e+00
-1.270511699451561949e+00
-1.242836284764148980e+00
-1.214843516304281668e+00
-1.186538372834214261e+00
-1.157925687487890265e+00
-1.129010413095384191e+00
-1.099797953915856219e+00
-1.070294543615853078e+00
-1.040507642339214556e+00
-1.010446320771262174e+00
-9.801215967528101869e-01
-9.495466906249765415e-01
-9.187371691376908789e-01
-8.877109542768404360e-01
-8.564881822914375276e-01
-8.250909088784349477e-01
-7.935426680597607030e-01
-7.618679038344876586e-01
-7.300913042637540151e-01
-6.982370763405378877e-01
-6.663282060781828831e-01
-6.343857511582008391e-01
-6.024282129095439586e-01
-5.704710303314697306e-01
-5.385262315506096353e-01
-5.066022680610885454e-01
-4.747040450322842497e-01
-4.428331478070405280e-01
-4.109882514257509056e-01
-3.791656875981152530e-01
-3.473601329528741011e-01
-3.155653744082513867e-01
-2.837751027240252299e-01
-2.519836840479346418e-01
-2.201868616236824783e-01
-1.883823455525200363e-01
-1.565702571166734391e-01
-1.247534049648241217e-01
-9.293738256883171678e-02
-6.113048883056061700e-02
-2.934348559105631055e-02
2.410783796400418812e-03
3.411788246431763511e-02
6.576233675036387283e-02
9.732822129829370172e-02
1.287997327370129785e-01
1.601617154627451023e-01
1.914001087373490007e-01
2.225022917650007759e-01
2.534573119301608002e-01
2.842559902380586978e-01
3.148909065122362239e-01
3.453562744919282945e-01
3.756477231492559854e-01
4.057620050538111589e-01
4.356966552860216946e-01
4.654496253041747744e-01
4.950189154342521380e-01
5.244022275563140489e-01
5.535966564183120164e-01
5.825984341433588787e-01
6.114027382609921180e-01
6.400035692527666908e-01
6.683936994151016275e-01
6.965646909804618092e-01
7.245069780380022362e-01
7.522100039392441984e-01
7.796624036163368743e-01
8.068522186088536996e-01
8.337671316079995343e-01
8.603947069959553273e-01
8.867226241746417603e-01
9.127388914361832528e-01
9.384320297040983361e-01
9.637912175922355162e-01
9.888063918227421034e-01
1.013468299972892339e+00
1.037768505627977067e+00
1.061699349123504277e+00
1.085253869938569427e+00
1.108425699276457843e+00
1.131208933216082846e+00
1.153597997912784168e+00
1.175587518546353571e+00
1.197172203048456174e+00
1.218346750104465803e+00
1.239105788654995211e+00
1.259443853295655780e+00
1.279355396814473078e+00
1.298834837905177508e+00
1.317876639107027570e+00
1.336475407514981395e+00
1.354626008993212061e+00
1.372323685642704127e+00
1.389564166214251051e+00
1.406343759969238105e+00
1.422659426103138669e+00
1.438508813061216252e+00
1.453890264675556487e+00
1.468802792780328215e+00
1.483246018555947066e+00
1.497220087089640828e+00
1.510725561332433298e+00
1.523763302668908359e+00
1.536334345665209877e+00
1.548439774246706868e+00
1.560080605702452328e+00
1.571257687651001156e+00
1.581971611629165775e+00
1.592222645449957508e+00
1.602010685091261877e+00
1.611335225733358412e+00
1.620195350745970320e+00
1.628589736938964139e+00
1.636516674201666577e+00
1.643974097700531933e+00
1.650959630965063374e+00
1.657470638378498506e+00
1.663504285715864395e+00
1.669057607361676965e+00
1.674127578692352625e+00
1.678711191821058657e+00
1.682805532563517170e+00
1.686407856132513761e+00
1.689515658843657286e+00
1.692126743065375472e+00
1.694239272856727041e+00
1.695851818221886687e+00
1.696963386652402317e+00
1.697573441571430086e+00
1.697681908324877309e+00
1.697289169367545147e+00
1.696396051115175219e+00
1.695003805477296011e+00
1.693114089220774332e+00
1.690728944020761570e+00
1.687850779328164741e+00
1.684482359073298019e+00
1.680626791883109483e+00
1.676287523044667882e+00
1.671468325120810450e+00
1.666173283078900225e+00
1.660406769233040647e+00
1.654173403336330006e+00
1.647477993883542657e+00
1.640325458077996901e+00
1.632720719929026787e+00
1.624668588405920655e+00
1.616173620268549493e+00
1.607239974881956357e+00
1.597871270692209356e+00
1.588070454844984880e+00
1.577839698408642244e+00
1.567180329643822034e+00
1.556092816647766330e+00
1.544576808484296793e+00
1.532631240683659968e+00
1.520254506964150876e+00
1.507444694455603917e+00
1.494199874935301153e+00
1.480518439995518465e+00
1.466399464012284826e+00
1.451843075626493729e+00
1.436850816465897518e+00
1.421425965214378584e+00
1.405573805981569002e+00
1.389301822210618376e+00
1.372619800969267612e+00
1.355539837155845362e+00
1.338076232630126317e+00
1.320245291162929213e+00
1.302065016018252974e+00
1.283554722531806469e+00
1.264734582889605496e+00
1.245625124134090100e+00
1.226246703012147776e+00
1.206618982491462821e+00
1.186760434586136448e+00
1.166687892567980667e+00
1.146416172866215888e+00
1.125957783147189417e+00
1.105322728483985939e+00
1.084518422452929398e+00
1.063549704726542533e+00
1.042418961548851275e+00
1.021126340663103482e+00
9.996700480157916235e-01
9.780467101036406374e-01
9.562517832589885192e-01
9.342799896011485528e-01
9.121257588296947105e-01
8.897836554875542259e-01
8.672487727319866391e-01
8.445170759089463131e-01
8.215856822207593391e-01
7.984530663487516833e-01
7.751191858838567539e-01
7.515855246284885993e-01
7.278550560982378625e-01
7.039321336587683886e-01
6.798223175003006435e-01
6.555321519055382629e-01
6.310689088386246537e-01
6.064403156275436357e-01
5.816542853373487532e-01
5.567186682455667057e-01
5.316410416194623512e-01
5.064285527820889810e-01
4.810878272937136879e-01
4.556249501373985100e-01
4.300455232262419547e-01
4.043547976069909455e-01
3.785578736812323930e-01
3.526599579090610170e-01
3.266666601034696749e-01
3.005843118841250994e-01
2.744202844002303077e-01
2.481832822859746657e-01
2.218835911290368834e-01
1.955332575706936749e-01
1.691461844915673196e-01
1.427381284008292783e-01
1.163265919051887504e-01
8.993061062274906869e-02
6.357044070986068995e-02
3.726715980349071256e-02
1.104220017101066598e-02
-1.508316226811828691e-02
-4.108833600805142372e-02
-6.695393049872223890e-02
-9.266223292809067091e-02
-1.181976193504452738e-01
-1.435468784143759391e-01
-1.686994315970572755e-01
-1.936474405664815601e-01
-2.183857995589115752e-01
-2.429120178775279748e-01
-2.672260042305547589e-01
-2.913297701087822489e-01
-3.152270733291764326e-01
-3.389230249943542272e-01
-3.624236832934727981e-01
-3.857356559159742515e-01
-4.088657295667544322e-01
-4.318205405668442687e-01
-4.546062952782579103e-01
-4.772285436545151138e-01
-4.996920041152078107e-01
-5.220004336852245297e-01
-5.441565342969482133e-01
-5.661618845763510821e-01
-5.880168864150754349e-01
-6.097207170813506716e-01
-6.312712803088238456e-01
-6.526651533721892218e-01
-6.738975311388111233e-01
-6.949621720186872631e-01
-7.158513541039015493e-01
-7.365558522159364463e-01
-7.570649477150719342e-01
-7.773664826223624091e-01
-7.974469678042773735e-01
-8.172917518266277215e-01
-8.368852528386874212e-01
-8.562112508989396797e-01
-8.752532329389961507e-01
-8.939947775751457826e-01
-9.124199626768270122e-01
-9.305137754081009849e-01
-9.482625026685593816e-01
-9.656540796748759314e-01
-9.826783758817425607e-01
-9.993274004678019962e-01
-1.015595413965494354e+00
-1.031478938003909551e+00
-1.046976661137061448e+00
-1.062089244925444209e+00
-1.076819040386538084e+00
-1.091169730227111723e+00
-1.105145916566347308e+00
-1.118752676904208210e+00
-1.131995112713972018e+00
-1.144877915183764694e+00
-1.157404971330186605e+00
-1.169579031092757404e+00
-1.181401452275760988e+00
-1.192872035602402070e+00
-1.203988956964139767e+00
-1.214748798502498062e+00
-1.225146674758154752e+00
-1.235176445049046556e+00
-1.244830998778202025e+00
-1.254102596711590412e+00
-1.262983248623751997e+00
-1.271465106153440772e+00
-1.279540849330700780e+00
-1.287204046006050540e+00
-1.294449465259179810e+00
-1.301273328674703134e+00
-1.307673486952882769e+00
-1.313649513479727027e+00
-1.319202710953801816e+00
-1.324336031745441788e+00
-1.329053917065651680e+00
-1.333362064078714493e+00
-1.337267133574755906e+00
-1.340776413624317209e+00
-1.343897456625713804e+00
-1.346637708316856141e+00
-1.349004147598796832e+00
-1.351002955457237809e+00
-1.352639229902725004e+00
-1.353916761737725238e+00
-1.354837883190982195e+00
-1.355403398114591207e+00
-1.355612598616022346e+00
-1.355463368830649218e+00
-1.354952372146378314e+00
-1.354075313758899668e+00
-1.352827266136118478e+00
-1.351203041043652409e+00
-1.349197588454480012e+00
-1.346806400190746933e+00
-1.344025894755956463e+00
-1.340853759709152104e+00
-1.337289229253174394e+00
-1.333333277504865189e+00
-1.328988712147179063e+00
-1.324260158662194486e+00
-1.319153931830986837e+00
-1.313677798287027576e+00
-1.307840641144277782e+00
-1.301652044581282475e+00
-1.295121822225216102e+00
-1.288259517745251603e+00
-1.281073908848873844e+00
-1.273572546577993014e+00
-1.265761360304060279e+00
-1.257644355170294048e+00
-1.249223423138316802e+00
-1.240498281641897904e+00
-1.231466545645461208e+00
-1.222123930245905932e+00
-1.212464572476474212e+00
-1.202481453298517078e+00
-1.192166894456009985e+00
-1.181513100362365343e+00
-1.170512712783729148e+00
-1.159159345911487726e+00
-1.147448071426937721e+00
-1.135375827134676774e+00
-1.122941728336416034e+00
-1.110147267850007724e+00
-1.096996397938415857e+00
-1.083495494831234529e+00
-1.069653213494831112e+00
-1.055480246352563212e+00
-1.040989004438114929e+00
-1.026193242724824817e+00
-1.011107653010143048e+00
-9.957474477610723795e-01
-9.801279568819207810e-01
-9.642642566684201944e-01
-9.481708465709628442e-01
-9.318613851259066605e-01
-9.153484918736628506e-01
-8.986436175890475386e-01
-8.817569809888239352e-01
-8.646975664672861273e-01
-8.474731745291709251e-01
-8.300905145206060043e-01
-8.125553280463134742e-01
-7.948725311000172100e-01
-7.770463633463827735e-01
-7.590805340949687841e-01
-7.409783561754710313e-01
-7.227428610199957415e-01
-7.043768906243752514e-01
-6.858831645548896239e-01
-6.672643225969705494e-01
-6.485229458826226034e-01
-6.296615611977173232e-01
-6.106826345445894866e-01
-5.915885608021260733e-01
-5.723816564118915373e-01
-5.530641614109524928e-01
-5.336382558564396472e-01
-5.141060938490000787e-01
-4.944698561119783564e-01
-4.747318196292564796e-01
-4.548944404299197219e-01
-4.349604434888442173e-01
-4.149329121274648036e-01
-3.948153684595777646e-01
-3.746118364663404421e-01
-3.543268802651535765e-01
-3.339656120114197213e-01
-3.135336664994466394e-01
-2.930371426854291861e-01
-2.724825157220402416e-01
-2.518765263390521647e-01
-2.312260571625856798e-01
-2.105380075079930080e-01
-1.898191790594675743e-01
-1.690761844858539031e-01
-1.483153894024206998e-01
-1.275428952668777871e-01
-1.067645670066291047e-01
-8.598610474585272057e-02
-6.521315437242311552e-02
-4.445144729429075653e-02
-2.370695607064233698e-02
-2.986050065981880625e-03
1.770436580686221215e-02
3.835674563253495956e-02
5.896284447965490644e-02
7.951371822622675667e-02
9.999978664582280519e-02
1.204109594206246442e-01
1.407368187484246691e-01
1.609668465654745251e-01
1.810906796705822053e-01
2.010983727325398873e-01
2.209806476302247358e-01
2.407291080501665625e-01
2.603364007113977974e-01
2.797963088431674183e-01
2.991037691937147858e-01
3.182548103961448382e-01
3.372464173157084799e-01
3.560763324187221079e-01
3.747428106219241051e-01
3.932443479812695597e-01
4.115794066264062412e-01
4.297461583616048464e-01
4.477422673676216824e-01
4.655647287010920565e-01
4.832097741728325624e-01
5.006728512209447368e-01
5.179486741489315316e-01
5.350313411450020595e-01
5.519145053687853908e-01
5.685915844773290484e-01
5.850559905554256757e-01
6.013013616152844687e-01
6.173217766082982338e-01
6.331119380596632595e-01
6.486673097119307618e-01
6.639842005818699100e-01
6.790597912262422708e-01
6.938921023817203881e-01
7.084799101787147002e-01
7.228226155598280744e-01
7.369200781853699755e-01
7.507724268730376904e-01
7.643798594992899931e-01
7.777424453122523396e-01
7.908599418716321106e-01
8.037316374718157519e-01
8.163562280457072884e-01
8.287317353360778016e-01
8.408554706889318497e-01
8.527240462919203345e-01
8.643334331456651309e-01
8.756790626336442562e-01
8.867559663122518421e-01
8.975589465684870039e-01
9.080827691636429444e-01
9.183223674560844207e-01
9.282730473368145940e-01
9.379306816710575312e-01
9.472918833195356214e-01
9.563541466439690053e-01
9.651159487329380449e-01
9.735768033809980571e-01
9.817372630237999331e-01
9.895988662813466341e-01
9.971640313567066150e-01
1.004435898176192499e+00
1.011418124674414942e+00
1.018114644946189751e+00
1.024529398970570160e+00
1.030666045202966119e+00
1.036527668452266404e+00
1.042116496098270728e+00
1.047433635823495912e+00
1.052478847648162352e+00
1.057250362181731740e+00
1.061744755645748883e+00
1.065956890417540937e+00
1.069879927623187399e+00
1.073505415690400255e+00
1.076823455832200072e+00
1.079822942217872672e+00
1.082491871206841205e+00
1.084817710596322371e+00
1.086787816512518434e+00
1.088389882563446376e+00
1.089612403355412429e+00
1.090445132673535822e+00
1.090879515736959293e+00
1.090909075112394655e+00
1.090529731211444586e+00
1.089740040821164824e+00
1.088541340760218024e+00
1.086937788333153465e+00
1.084936295530529060e+00
1.082546359533441915e+00
1.079779797671136077e+00
1.076650400112687089e+00
1.073173517903088792e+00
1.069365607126100626e+00
1.065243751773895076e+00
1.060825188205289704e+00
1.056126852869753385e+00
1.051164972425059352e+00
1.045954711686614802e+00
1.040509890383179981e+00
1.034842774811237209e+00
1.028963945585910977e+00
1.022882238156887835e+00
1.016604748900586275e+00
1.010136896653407002e+00
1.003482527649190104e+00
9.966440509945109216e-01
9.896225920137371457e-01
9.824181518587600248e-01
9.750297635316008682e-01
9.674556366769655469e-01
9.596932859425364448e-01
9.517396401646621706e-01
9.435911319329183256e-01
9.352437690974416684e-01
9.266931913992876302e-01
9.179347165949172105e-01
9.089633811903066185e-01
8.997739812059969422e-01
8.903611183066072465e-01
8.807192561677675835e-01
8.708427911687920409e-01
8.607261404393623527e-01
8.503638489948287527e-01
8.397507162225853472e-01
8.288819404052357731e-01
8.177532783483019152e-01
8.063612156266650732e-01
7.947031415632036522e-01
7.827775219206214441e-01
7.705840615097128143e-01
7.581238485831364171e-01
7.453994730542086167e-01
7.324151112620669313e-01
7.191765711755816470e-01
7.056912935395737163e-01
6.919683063873105500e-01
6.780181324523908426e-01
6.638526511581738232e-01
6.494849188858726752e-01
6.349289529922051978e-01
6.201994864587425660e-01
6.053117010468751502e-01
5.902809473896412085e-01
5.751224606050823196e-01
5.598510798344967787e-01
5.444809796874671148e-01
5.290254210004442514e-01
5.134965276965911540e-01
4.979050959019256650e-01
4.822604408736769765e-01
4.665702866924647529e-01
4.508407030098384727e-01
4.350760923329538565e-01
4.192792302756207512e-01
4.034513598252746913e-01
3.875923389083670290e-01
3.717008383962611129e-01
3.557745852393432995e-01
3.398106427772070726e-01
3.238057176627306410e-01
3.077564804799218789e-01
2.916598853028934402e-01
2.755134723816964337e-01
2.593156380521078330e-01
2.430658569886234022e-01
2.267648440756130090e-01
2.104146463946387213e-01
1.940186599233075238e-01
1.775815702308441713e-01
1.611092213809537654e-01
1.446084220225665740e-01
1.280867018581729466e-01
1.115520349810305845e-01
9.501254868358562089e-02
7.847623707232329049e-02
6.195069813834960804e-02
4.544291087982357119e-02
2.895906585044714932e-02
1.250445839032317437e-02
-3.916550849095227702e-03
-2.030050827172463074e-02
-3.664477732861863568e-02
-5.294739482747778253e-02
-6.920688531625290851e-02
-8.542204730207351993e-02
-1.015917258912301807e-01
-1.177145861211470884e-01
-1.337888999103276910e-01
-1.498123573891278204e-01
-1.657819106589155933e-01
-1.816936550686470697e-01
-1.975427501892826343e-01
-2.133233801010179231e-01
-2.290287505871560492e-01
-2.446511195028766295e-01
-2.601818560033133942e-01
-2.756115244223159566e-01
-2.909299892667832621e-01
-3.061265388187711656e-01
-3.211900259820570924e-01
-3.361090260014331088e-01
-3.508720112931510426e-01
-3.654675436565991697e-01
-3.798844834938673309e-01
-3.941122143205640915e-01
-4.081408789114794322e-01
-4.219616210636941145e-01
-4.355668244528697608e-01
-4.489503377237591963e-01
-4.621076731170772334e-01
-4.750361649255458452e-01
-4.877350741175214277e-01
-5.002056267540818668e-01
-5.124509763801521345e-01
-5.244760843071548662e-01
-5.362875164255360705e-01
-5.478931605328432042e-01
-5.593018737522540418e-01
-5.705230749475763696e-01
-5.815663016661521967e-01
-5.924407545889593951e-01
-6.031548544029059489e-01
-6.137158361719402544e-01
-6.241294045727080464e-01
-6.343994698391512976e-01
-6.445279791415018389e-01
-6.545148517714679537e-01
-6.643580193955731517e-01
-6.740535653405360650e-01
-6.835959499585713139e-01
-6.929783031826683981e-01
-7.021927609029985362e-01
-7.112308191689522552e-01
-7.200836796828015141e-01
-7.287425616568952158e-01
-7.371989587399957466e-01
-7.454448250751879446e-01
-7.534726812050552835e-01
-7.612756379108942539e-01
-7.688473435599013639e-01
-7.761818674890637038e-01
-7.832735377908301988e-01
-7.901167560894722941e-01
-7.967058141346330391e-01
-8.030347371064970874e-01
-8.090971763985450593e-01
-8.148863704955082721e-01
-8.203951867297832878e-01
-8.256162496511331161e-01
-8.305421540584034812e-01
-8.351657530373663985e-01
-8.394805042566405584e-01
-8.434808518481167194e-01
-8.471626169365464865e-01
-8.505233676023771228e-01
-8.535627389731174075e-01
-8.562826762334206920e-01
-8.586875774876772116e-01
-8.607843192986646130e-01
-8.625821549272960631e-01
-8.640924833004304251e-01
-8.653284949863102593e-01
-8.663047093591950132e-01
-8.670364241933647964e-01
-8.675391046455001032e-01
-8.678277426355283097e-01
-8.679162197641332455e-01
-8.678167070270784711e-01
-8.675391327351988924e-01
-8.670907463867090215e-01
-8.664758010483467610e-01
-8.656953704389751536e-01
-8.647473097985766133e-01
-8.636263622129707329e-01
-8.623244047916185373e-01
-8.608308223715203100e-01
-8.591329906011344608e-01
-8.572168456041534546e-01
-8.550675141237039645e-01
-8.526699761848355319e-01
-8.500097318610819741e-01
-8.470734446136616302e-01
-8.438495357011982501e-01
-8.403287071228089378e-01
-8.365043742246864866e-01
-8.323729932046383118e-01
-8.279342730794956307e-01
-8.231912660353452038e-01
-8.181503343165729136e-01
-8.128209958261524148e-01
-8.072156543614898982e-01
-8.013492238790325128e-01
-7.952386593637849055e-01
-7.889024098045688271e-01
-7.823598114152563454e-01
-7.756304415677163222e-01
-7.687334558494799408e-01
-7.616869320988012282e-01
-7.545072460653653446e-01
-7.472085033349953331e-01
-7.398020511795289078e-01
-7.322960919145797831e-01
-7.246954161118202009e-01
-7.170012696064576030e-01
-7.092113627862808301e-01
-7.013200243493395991e-01
-6.933184948731662134e-01
-6.851953485635544627e-01
-6.769370248697660353e-01
-6.685284457590364715e-01
-6.599536897636305577e-01
-6.511966908479551730e-01
-6.422419289490922667e-01
-6.330750798863493678e-01
-6.236835951690365976e-01
-6.140571869101240088e-01
-6.041881992264545032e-01
-5.940718547318112330e-01
-5.837063724674196319e-01
-5.730929612800729211e-01
-5.622356996877012625e-01
-5.511413191476411955e-01
-5.398189119733955987e-01
-5.282795876541623858e-01
-5.165361019254707253e-01
-5.046024816711124350e-01
-4.924936658335373751e-01
-4.802251783059259815e-01
-4.678128437257172423e-01
-4.552725516713522214e-01
-4.426200694772494115e-01
-4.298708991777792643e-01
-4.170401703436926732e-01
-4.041425580507742032e-01
-3.911922140500413425e-01
-3.782026994143719567e-01
-3.651869083889690004e-01
-3.521569756737667478e-01
-3.391241626088757344e-01
-3.260987214078359120e-01
-3.130897403174412452e-01
-3.001049760811128064e-01
-2.871506830512909891e-01
-2.742314505200275088e-01
-2.613500611827818121e-01
-2.485073840355609409e-01
-2.357023144417205729e-01
-2.229317726383382159e-01
-2.101907696973221440e-01
-1.974725470340853717e-01
-1.847687921360594565e-01
-1.720699294071391383e-01
-1.593654810790458010e-01
-1.466444891769534131e-01
-1.338959857184728874e-01
-1.211094948437789615e-01
-1.082755475899683656e-01
-9.538618770922097090e-02
-8.243544547400472045e-02
-6.941975595535429533e-02
-5.633829897637229744e-02
-4.319323989820532395e-02
-2.998985367115617265e-02
-1.673651912280808146e-02
-3.444576154168790556e-03
9.871954845322206823e-03
2.319678479276120892e-02
3.651188486491016572e-02
4.979811132506087312e-02
6.303589846424934029e-02
7.620598668890082861e-02
8.929014928744324897e-02
1.022718799981336135e-01
1.151370043930544235e-01
1.278741813723210663e-01
1.404752665976519710e-01
1.529355171974333960e-01
1.652536260729243478e-01
1.774315840305326630e-01
1.894743780726090565e-01
2.013895437769415708e-01
2.131865981066859705e-01
2.248763856217504409e-01
2.364703754549900283e-01
2.479799483174798536e-01
2.594157121127789734e-01
2.707868816277310686e-01
2.821007525121912995e-01
2.933622928541184671e-01
3.045738676415656876e-01
3.157351029122738018e-01
3.268428880346005982e-01
3.378915069053248232e-01
3.488728823560844905e-01
3.597769130811211413e-01
3.705918791350759633e-01
3.813048905687574930e-01
3.919023539930830968e-01
4.023704336033516182e-01
4.126954861743808434e-01
4.228644534079635808e-01
4.328651994167678208e-01
4.426867856792653932e-01
4.523196801620871788e-01
4.617559011956246517e-01
4.709890998612502599e-01
4.800145869879171023e-01
4.888293122822522929e-01
4.974318036699122980e-01
5.058220747049528843e-01
5.140015070764977212e-01
5.219727140151230182e-01
5.297393890158496044e-01
5.373061429596315275e-01
5.446783316565130262e-01
5.518618751763444408e-01
5.588630701722595573e-01
5.656883967543887559e-01
5.723443222411875864e-01
5.788371051885881080e-01
5.851726042742523282e-01
5.913560976770668720e-01
5.973921193163757026e-01
6.032843185449325851e-01
6.090353494533875534e-01
6.146467948385584412e-01
6.201191281212823370e-01
6.254517142294480081e-01
6.306428478794695591e-01
6.356898250889536639e-01
6.405890414081326645e-01
6.453361085666716734e-01
6.499259802341259551e-01
6.543530775377753850e-01
6.586114059451966263e-01
6.626946570068493747e-01
6.665962911283633829e-01
6.703096006847014676e-01
6.738277560720066228e-01
