-1.329156436083964543e+01
-1.309422660893752166e+01
-1.286029475473320716e+01
-1.259771732463009286e+01
-1.231596464298613647e+01
-1.202528839814729977e+01
-1.173593758720313929e+01
-1.145741835239190998e+01
-1.119787425494230426e+01
-1.096364262890016761e+01
-1.075901595773315300e+01
-1.058620943056716968e+01
-1.044551130343466738e+01
-1.033557463933218479e+01
-1.025379911906292030e+01
-1.019674999798537129e+01
-1.016056668548860742e+01
-1.014132371423339052e+01
-1.013531956786681931e+01
-1.013928162265679056e+01
-1.015048652957184494e+01
-1.016680364939848324e+01
-1.018667434545291961e+01
-1.020904236280454036e+01
-1.023325091003511744e+01
-1.025892126552147054e+01
-1.028582647822766916e+01
-1.031377243319295189e+01
-1.034249723973216462e+01
-1.037159830478677591e+01
-1.040049417052244074e+01
-1.042842491047327513e+01
-1.045449057097387957e+01
-1.047772219559947260e+01
-1.049717513875008734e+01
-1.051203063328286014e+01
-1.052168985384310318e+01
-1.052584561415747899e+01
-1.052452041592758114e+01
-1.051806527524893120e+01
-1.050712050961431387e+01
-1.049254610652735487e+01
-1.047533408195075744e+01
-1.045651740004982955e+01
-1.043708918429559063e+01
-1.041794240175367037e+01
-1.039983484314013396e+01
-1.038337832394778992e+01
-1.036904594268068713e+01
-1.035718806093759703e+01
-1.034804704513075535e+01
-1.034176275096734088e+01
-1.033836466433718293e+01
-1.033775151279352222e+01
-1.033966380078999769e+01
-1.034365795125690823e+01
-1.034909174902195517e+01
-1.035512930004493803e+01
-1.036077005632465919e+01
-1.036490143953346710e+01
-1.036636938164037147e+01
-1.036405689760155013e+01
-1.035695859485773873e+01
-1.034423933003083995e+01
-1.032526798927366762e+01
-1.029962197860841933e+01
-1.026706343765673246e+01
-1.022749324440438023e+01
-1.018089248691012116e+01
-1.012726252998463039e+01
-1.006657390450918221e+01
-9.998731335051223468e+00
-9.923558069613770627e+00
-9.840798282166387523e+00
-9.750132662048097032e+00
-9.651200115235761601e+00
-9.543618112846530721e+00
-9.426995522651743897e+00
-9.300934267545272860e+00
-9.165019170982104058e+00
-9.018798150471207364e+00
-8.861756941187600489e+00
-8.693293485146060817e+00
-8.512697029523872416e+00
-8.319136115761780914e+00
-8.111658413727873551e+00
-7.889204149533138200e+00
-7.650633934631909661e+00
-7.394771161583427954e+00
-7.120458626661466006e+00
-6.826628401444388317e+00
-6.512382956896904496e+00
-6.177084047196494510e+00
-5.820444020913244643e+00
-5.442612409883225588e+00
-5.044249361644976837e+00
-4.626577234638033609e+00
-4.191402798113066375e+00
-3.741104999813752663e+00
-3.278586864546193080e+00
-2.807194156091076032e+00
-2.330607220968742066e+00
-1.852715233134252681e+00
-1.377483400581217987e+00
-9.088234443783969052e-01
-4.504760340022186949e-01
-5.911338574197373165e-03
4.217489780615085171e-01
8.297875910410206224e-01
1.215926455406199702e+00
1.578343405770867403e+00
1.915673567981298620e+00
2.226998845054164455e+00
2.511828554068961772e+00
2.770073951743095453e+00
3.002018949689499561e+00
3.208288776994996372e+00
3.389817677546636876e+00
3.547815957435273670e+00
3.683735924666142303e+00
3.799235656227999414e+00
3.896139270014973288e+00
3.976392602620824945e+00
4.042013916217740643e+00
4.095040353822845702e+00
4.137472083507952370e+00
4.171217108679015517e+00
4.198040290115772954e+00
4.219520054168271805e+00
4.237015544045566351e+00
4.251645771424346520e+00
4.264280931977762812e+00
4.275544790286914143e+00
4.285826193517240590e+00
4.295297487035998785e+00
4.303937862002872983e+00
4.311560297520326657e+00
4.317841506404259455e+00
4.322354877980282950e+00
4.324606621182655708e+00
4.324075053214474273e+00
4.320252297070239500e+00
4.312686709271737584e+00
4.301023396639844343e+00
4.285039456546767767e+00
4.264670312922740791e+00
4.240023867260407364e+00
4.211380182242531411e+00
4.179175989649386302e+00
4.143975271714608333e+00
4.106429212862488853e+00
4.067230597913677137e+00
4.027068873516789438e+00
3.986592283141868975e+00
3.946382562544374029e+00
3.906945674838538718e+00
3.868719235896511233e+00
3.832094103170174737e+00
3.797444673956130057e+00
3.765160368699043136e+00
3.735670036349627132e+00
3.709451840095579822e+00
3.687023480555514876e+00
3.668911005743393794e+00
3.655598336320632580e+00
3.647463301214139531e+00
3.644708784875364760e+00
3.647299062539753223e+00
3.654911327457044390e+00
3.666910849047686050e+00
3.682355430819336473e+00
3.700031305168364426e+00
3.718518817374030228e+00
3.736282702941454925e+00
3.751778860217189315e+00
3.763567557709473377e+00
3.770422160029962555e+00
3.771422753940423256e+00
3.766025445044189013e+00
3.754100422895914946e+00
3.735934927823989948e+00
3.712200705658646793e+00
3.683889072100697160e+00
3.652219970310019104e+00
3.618534043672040124e+00
3.584178452225767142e+00
3.550397707460602348e+00
3.518240076215970902e+00
3.488488149652249959e+00
3.461619192510103638e+00
3.437797243635493771e+00
3.416895115649797976e+00
3.398540981923939164e+00
3.382181656642570644e+00
3.367153359985513461e+00
3.352750901346773116e+00
3.338287738500917090e+00
3.323141950260265709e+00
3.306786259561905084e+00
3.288803227090913772e+00
3.268889000961418656e+00
3.246850126086612942e+00
3.222597734953600135e+00
3.196142127076401440e+00
3.167588750274176856e+00
3.137134551368253366e+00
3.105062208428591930e+00
3.071729371675112841e+00
3.037550903354053311e+00
3.002974027466263074e+00
2.968448749792111485e+00
2.934398149976171766e+00
2.901194430399230306e+00
2.869146382692505437e+00
2.838502029539607729e+00
2.809466903135311000e+00
2.782234439416371607e+00
2.757021270860914086e+00
2.734097788355099201e+00
2.713803977459267713e+00
2.696542530397024073e+00
2.682745348708867272e+00
2.672815011956886533e+00
2.667048461400963966e+00
2.665554796696611106e+00
2.668181655600224023e+00
2.674464518650732536e+00
2.683610401922852162e+00
2.694522297068082661e+00
2.705864363889109114e+00
2.716161475530572300e+00
2.723921420156120377e+00
2.727764760563065494e+00
2.726546496591423896e+00
2.719455234273817190e+00
2.706079086188351024e+00
2.686432270277363976e+00
2.660941493259495694e+00
2.630395916995432959e+00
2.595868219120776921e+00
2.558616633901298343e+00
2.519978809869888092e+00
2.481267967279945807e+00
2.443680434607208074e+00
2.408221505649758676e+00
2.375654011107774632e+00
2.346471340459097110e+00
2.320894143708556623e+00
2.298887810111835517e+00
2.280196239991598262e+00
2.264386519589701052e+00
2.250898929276964999e+00
2.239097225603285946e+00
2.228315204533728000e+00
2.217896957629739152e+00
2.207229701787994269e+00
2.195769319630098693e+00
2.183059569539122169e+00
2.168746195576376490e+00
2.152586907663573967e+00
2.134457564795819273e+00
2.114354129146028605e+00
2.092389351656477103e+00
2.068782944976795157e+00
2.043844335785419464e+00
2.017947956686191091e+00
1.991502278273969306e+00
1.964915119213633377e+00
1.938558880743288082e+00
1.912739935045780104e+00
1.887676258762168491e+00
1.863486497591142266e+00
1.840192092332740614e+00
1.817732147212090199e+00
1.795988720050962995e+00
1.774818519297941100e+00
1.754085909712970404e+00
1.733691851458878164e+00
1.713593979594171035e+00
1.693814379615135257e+00
1.674433512917096412e+00
1.655570894151656036e+00
1.637355190056231091e+00
1.619888088145197136e+00
1.603207333075778340e+00
1.587254607422639463e+00
1.571853415160668677e+00
1.556700895152977715e+00
1.541375727052797462e+00
1.525362236807375815e+00
1.508088736790864859e+00
1.488976313368808979e+00
1.467492929404540680e+00
1.443207001148997470e+00
1.415834613557500399e+00
1.385275238485546234e+00
1.351632111257079050e+00
1.315215124599143692e+00
1.276525989414083462e+00
1.236227248890414687e+00
1.195098295726060078e+00
1.153982662921500646e+00
1.113731441634420838e+00
1.075147712485171159e+00
1.038936422981623364e+00
1.005663323133915599e+00
9.757255309616720274e-01
9.493351836066145077e-01
9.265165540976875169e-01
9.071160519943600731e-01
8.908237087821879729e-01
8.772040750717825519e-01
8.657339136677230096e-01
8.558436558497749536e-01
8.469593161845190288e-01
8.385414780641258226e-01
8.301181285024221701e-01
8.213085923082391604e-01
8.118366175083763236e-01
8.015317662005919663e-01
7.903195703077374734e-01
7.782022578780430910e-01
7.652330376470385387e-01
7.514877375143480531e-01
7.370378572670747142e-01
7.219287330468060482e-01
7.061655513878124513e-01
6.897085465092153145e-01
6.724771189666494120e-01
6.543611331126620856e-01
6.352365802648151094e-01
6.149823501326835418e-01
5.934951172783815565e-01
5.707002445106825750e-01
5.465579039127480554e-01
5.210649906827072853e-01
4.942545027907079280e-01
4.661945918503007102e-01
4.369893085645243369e-01
4.067822052501015584e-01
3.757626373608428105e-01
3.441731792784852861e-01
3.123154382034816212e-01
2.805510593247247941e-01
2.492950621174053194e-01
2.189998214358956363e-01
1.901297851040106845e-01
1.631290155862410718e-01
1.383853991296123687e-01
1.161964639253843939e-01
9.674191435969045627e-02
8.006715576996448203e-02
6.608041189486617284e-02
5.456386844748781911e-02
4.519705545525964929e-02
3.758885044890809130e-02
3.131338565118011591e-02
2.594494532665490849e-02
2.108761688139381557e-02
1.639680512670351267e-02
1.159140696897271311e-02
6.457106714965432995e-03
8.425650209739156188e-04
-5.348980448129750029e-03
-1.217008094610244791e-02
-1.963925315464525728e-02
-2.774965739096958706e-02
-3.647594584995830780e-02
-4.577980294921993321e-02
-5.561522982340939836e-02
-6.593472317568908891e-02
-7.669716400621426344e-02
-8.787756098714592790e-02
-9.947795255891865585e-02
-1.115379576861458277e-01
-1.241428654220342737e-01
-1.374269153180211755e-01
-1.515696312423556458e-01
-1.667837483194301029e-01
-1.832943650801887869e-01
-2.013103434409833081e-01
-2.209904910742955531e-01
-2.424084679875128934e-01
-2.655214046867955258e-01
-2.901476474129889294e-01
-3.159586485753587137e-01
-3.424886932184144084e-01
-3.691639466035241401e-01
-3.953494625510832750e-01
-4.204097265512570791e-01
-4.437755677061285264e-01
-4.650084326061795781e-01
-4.838525468544570551e-01
-5.002666484094508981e-01
-5.144297037496751157e-01
-5.267189228827848790e-01
-5.376628048723981479e-01
-5.478760536876007281e-01
-5.579862076652774006e-01
-5.685631248146764127e-01
-5.800617947910721162e-01
-5.927864377015166220e-01
-6.068800003123905329e-01
-6.223387297737756896e-01
-6.390473419388303933e-01
-6.568271627437565208e-01
-6.754880198107842126e-01
-6.948747776437471657e-01
-7.149010813890919191e-01
-7.355656625225435175e-01
-7.569498673367399677e-01
-7.791982749874646341e-01
-8.024868535967027983e-01
-8.269847171011949216e-01
-8.528160587556895544e-01
-8.800283095241901998e-01
-9.085712066690384558e-01
-9.382895494885552523e-01
-9.689302820681073847e-01
-1.000162476957775048e+00
-1.031607054119386246e+00
-1.062871851519055832e+00
-1.093587093351214179e+00
-1.123436428902097495e+00
-1.152179507523111157e+00
-1.179663398158159238e+00
-1.205821865049728769e+00
-1.230663328829163961e+00
-1.254250005205682417e+00
-1.276671970331895833e+00
-1.298020560393187806e+00
-1.318365474295011719e+00
-1.337739226470925136e+00
-1.356131317849335272e+00
-1.373492873815280069e+00
-1.389750808532699944e+00
-1.404829090081962661e+00
-1.418673631639135291e+00
-1.431276867547998322e+00
-1.442698229740476901e+00
-1.453077451121570718e+00
-1.462638731832920369e+00
-1.471685104943001754e+00
-1.480583618530660450e+00
-1.489743036938925069e+00
-1.499586546112610774e+00
-1.510522390120218938e+00
-1.522915491872571359e+00
-1.537062976719004936e+00
-1.553176180371552251e+00
-1.571371217654728758e+00
-1.591669521674058618e+00
-1.614008921806294294e+00
-1.638264807698064818e+00
-1.664279754795197297e+00
-1.691898750297119669e+00
-1.721006001936145946e+00
-1.751558423799677300e+00
-1.783610471446202661e+00
-1.817325209067867098e+00
-1.852967430613637445e+00
-1.890876324059090008e+00
-1.931417456637749552e+00
-1.974916562353234983e+00
-2.021580444955457079e+00
-2.071412929727803665e+00
-2.124135843509143307e+00
-2.179126123783553748e+00
-2.235380055095126384e+00
-2.291514101969093442e+00
-2.345808796107474059e+00
-2.396297779413822049e+00
-2.440898765041347840e+00
-2.477577441475741882e+00
-2.504529973756134620e+00
-2.520365600104832016e+00
-2.524268679136811411e+00
-2.516120002432537195e+00
-2.496560486917522415e+00
-2.466986288473806965e+00
-2.429472250785647880e+00
-2.386629346578752031e+00
-2.341410079628952534e+00
-2.296882393418225643e+00
-2.255996420505193445e+00
-2.221368805095620402e+00
-2.195106318339087093e+00
-2.178684626110071409e+00
-2.172890399339539869e+00
-2.177826775787685243e+00
-2.192974789401286539e+00
-2.217297830835197381e+00
-2.249373111487757981e+00
-2.287533587142683622e+00
-2.330005502882098956e+00
-2.375029967458107460e+00
-2.420960939533391532e+00
-2.466335961649146480e+00
-2.509919374698013961e+00
-2.550720328980555340e+00
-2.587989675218324681e+00
-2.621200928549172637e+00
-2.650021144287899144e+00
-2.674277844538981874e+00
-2.693928074537298212e+00
-2.709035111384144656e+00
-2.719757117450644746e+00
-2.726350018522450736e+00
-2.729184162516747669e+00
-2.728771183851122384e+00
-2.725794486030488795e+00
-2.721134508848527922e+00
-2.715879085180699093e+00
-2.711310135026323120e+00
-2.708860774226785395e+00
-2.710041314970247139e+00
-2.716337919276561319e+00
-2.729092904968545952e+00
-2.749379909234540342e+00
-2.777889450571921159e+00
-2.814840384899119918e+00
-2.859930247606136788e+00
-2.912332877705451128e+00
-2.970745767884205080e+00
-3.033483228716230773e+00
-3.098605686072517962e+00
-3.164071095943578271e+00
-3.227892130807296756e+00
-3.288282685762956348e+00
-3.343779236686826195e+00
-3.393326228267563138e+00
-3.436319356423270133e+00
-3.472605644218231369e+00
-3.502443939614037660e+00
-3.526433359344149476e+00
-3.545419912438217747e+00
-3.560392891702655938e+00
-3.572382621341288811e+00
-3.582369924986867460e+00
-3.591215454095373349e+00
-3.599614075050507900e+00
-3.608076175702239929e+00
-3.616934364961023274e+00
-3.626370962423781208e+00
-3.636459263184065094e+00
-3.647210130598494970e+00
-3.658615245130882876e+00
-3.670679408247172759e+00
-3.683436569040806408e+00
-3.696947404726449449e+00
-3.711279855488502033e+00
-3.726477380178132570e+00
-3.742522237039990873e+00
-3.759302287985147650e+00
-3.776589389508818062e+00
-3.794035391981210203e+00
-3.811188475356039440e+00
-3.827528632833880895e+00
-3.842517358676713624e+00
-3.855653776151001022e+00
-3.866528149011820403e+00
-3.874864229630222479e+00
-3.880544097629883282e+00
-3.883612557205324833e+00
-3.884262049683761209e+00
-3.882802564473692986e+00
-3.879623452074522305e+00
-3.875154871383911015e+00
-3.869835719026446963e+00
-3.864092556708068393e+00
-3.858330860420410069e+00
-3.852936631906687115e+00
-3.848283810835399166e+00
-3.844741603738611957e+00
-3.842676088764201747e+00
-3.842442172000665401e+00
-3.844364715271789912e+00
-3.848710733024844455e+00
-3.855657194130726939e+00
-3.865260500905726815e+00
-3.877433767727950897e+00
-3.891936577424670585e+00
-3.908379328980970069e+00
-3.926241265435292060e+00
-3.944898560285386324e+00
-3.963657126249008122e+00
-3.981784498023502650e+00
-3.998536252168030547e+00
-4.013174596400137517e+00
-4.024979340055898192e+00
-4.033253703562239778e+00
-4.037328708510361963e+00
-4.036569873143985632e+00
-4.030388664293585776e+00
-4.018259031413741411e+00
-3.999737016854824301e+00
-3.974479596725249309e+00
-3.942258111288921896e+00
-3.902962148075795668e+00
-3.856591437019814439e+00
-3.803235770171179642e+00
-3.743045530641758933e+00
-3.676197439771553555e+00
-3.602861090460486526e+00
-3.523171493383010056e+00
-3.437211325871405876e+00
-3.345004252149736512e+00
-3.246518186096763792e+00
-3.141675338774991388e+00
-3.030364847686497054e+00
-2.912453975414565743e+00
-2.787795215832733930e+00
-2.656228769957180269e+00
-2.517582152097549653e+00
-2.371670503604009550e+00
-2.218301983397033439e+00
-2.057292088283706022e+00
-1.888488988959386772e+00
-1.711809341446672850e+00
-1.527281182342301369e+00
-1.335088157954489985e+00
-1.135608093624546289e+00
-9.294391453501191780e-01
-7.174085043604933043e-01
-5.005614994824307828e-01
-2.801323359336726493e-01
-5.750086691427040014e-02
1.658579899265709146e-01
3.884247953525730157e-01
6.086795043780343084e-01
8.251343682116348832e-01
1.036354506355268823e+00
1.240968060703657061e+00
1.437670479372170851e+00
1.625228906828837250e+00
1.802492534212562614e+00
1.968413093035011441e+00
2.122076809909472228e+00
2.262745708143041767e+00
2.389902913880479929e+00
2.503294345531071219e+00
2.602958394143723098e+00
2.689236186979774068e+00
2.762757644506631749e+00
2.824402319739375944e+00
2.875238219647324733e+00
2.916445617364872067e+00
2.949235505527823875e+00
2.974773278781176256e+00
2.994117272613128655e+00
3.008179113887528455e+00
3.017708986246923519e+00
3.023304642182865098e+00
3.025439135737047813e+00
3.024499536222535756e+00
3.020827793003500794e+00
3.014755586838587575e+00
3.006627191443103531e+00
2.996807540588382945e+00
2.985676130932890526e+00
2.973610349069387482e+00
2.960963696430940484e+00
2.948044870044081556e+00
2.935102743525887625e+00
2.922320298830527019e+00
2.909818029413223872e+00
2.897664904077420278e+00
2.885893219851927594e+00
2.874512961172872139e+00
2.863521729333316834e+00
2.852907736885734291e+00
2.842645378001320555e+00
2.832684971393327089e+00
2.822939921657667384e+00
2.813275379969492285e+00
2.803502336089149338e+00
2.793380003675110412e+00
2.782627635708958547e+00
2.770944920465662431e+00
2.758038286344259404e+00
2.743649149344143279e+00
2.727579601753006067e+00
2.709711333182479809e+00
2.690014608073119096e+00
2.668545691666991182e+00
2.645432948517756788e+00
2.620853650137963342e+00
2.595005064251675986e+00
2.568074450067125980e+00
2.540213004483038883e+00
2.511518509919577813e+00
2.482030412514216522e+00
2.451739378005431291e+00
2.420611192911150678e+00
2.388622459052938130e+00
2.355803212463270846e+00
2.322279771922741265e+00
2.288310162193318398e+00
2.254304648070537542e+00
2.220825382480738241e+00
2.188561828019854438e+00
2.158282143383612794e+00
2.130764624801206431e+00
2.106716926389788025e+00
2.086693503765368440e+00
2.071022985550539985e+00
2.059756641838600189e+00
2.052646740378982759e+00
2.049159632109323503e+00
2.048523450531995582e+00
2.049805115045197024e+00
2.052006748789534374e+00
2.054168442351274937e+00
2.055463092016165394e+00
2.055270072732106268e+00
2.053217655099867311e+00
2.049188863937770666e+00
2.043291138866941470e+00
2.035795773090631755e+00
2.027057752254047163e+00
2.017429524051412404e+00
2.007182920269148241e+00
1.996451813262001940e+00
1.985204393938039713e+00
1.973248828189096526e+00
1.960270346906125116e+00
1.945892515371770992e+00
1.929751412998879978e+00
1.911569417943590254e+00
1.891215575380851277e+00
1.868742067359333792e+00
1.844390626831100333e+00
1.818568056054679305e+00
1.791795348411790556e+00
1.764639305424526183e+00
1.737638211370684527e+00
1.711233643498161427e+00
1.685718849303571965e+00
1.661210726450905728e+00
1.637648033412270276e+00
1.614813939137779819e+00
1.592377253951859473e+00
1.569944322470417264e+00
1.547112911774297217e+00
1.523520417778379654e+00
1.498880924088914490e+00
1.473008448368528178e+00
1.445826418365199650e+00
1.417365466027949550e+00
1.387752688075492680e+00
1.357195567596293229e+00
1.325963029610305322e+00
1.294365038337692786e+00
1.262731200685823785e+00
1.231388385613660930e+00
1.200637564284252390e+00
1.170730836435771360e+00
1.141850634220081151e+00
1.114093965988420365e+00
1.087464870304907238e+00
1.061877726312685510e+00
1.037172672740676704e+00
1.013142343376150611e+00
9.895668608610808104e-01
9.662520759353759869e-01
9.430648947388663439e-01
9.199595368722822686e-01
8.969897921547215214e-01
8.743045963051887526e-01
8.521270933054349017e-01
8.307202304191424469e-01
8.103442732248371527e-01
7.912129874274683727e-01
7.734553800083451280e-01
7.570888443586173411e-01
7.420075640232474123e-01
7.279875130442833298e-01
7.147068302116705851e-01
7.017781878813547092e-01
6.887883522468553066e-01
6.753395985739463203e-01
6.610879762566416185e-01
6.457744319656808507e-01
6.292462106961125290e-01
6.114674499097976224e-01
5.925191865502256183e-01
5.725899298696686124e-01
5.519584556320572544e-01
5.309706079508124121e-01
5.100117974749335259e-01
4.894767355928970609e-01
4.697378962988985052e-01
4.511143310419008512e-01
4.338427611169324849e-01
4.180532276951253179e-01
4.037518206974359813e-01
3.908129528396201979e-01
3.789831581314108688e-01
3.678974308625402867e-01
3.571077540812731543e-01
3.461218804333225929e-01
3.344488867841384216e-01
3.216468163757204013e-01
3.073671001104933409e-01
2.913905700336502091e-01
2.736507698489775708e-01
2.542418147313005305e-01
2.334100192698733700e-01
2.115305846990321315e-01
1.890724846266640669e-01
1.665560279740122274e-01
1.445082218616948189e-01
1.234209460508879364e-01
1.037161553169105438e-01
8.572102610614650009e-02
6.965440487503218869e-02
5.562435927086981785e-02
4.363530894127983645e-02
3.360228071707876962e-02
2.536936706106956638e-02
1.872945577787903104e-02
1.344266432809579359e-02
9.251534753985619225e-03
5.891795557467935547e-03
3.098259118435181276e-03
6.061110898994394531e-04
-1.851590532051578539e-03
-4.548976770134781182e-03
-7.773499714757611291e-03
-1.183153376434659294e-02
-1.705187819827168327e-02
-2.378577430589010749e-02
-3.240238238487215539e-02
-4.327914330573964796e-02
-5.678705401066411890e-02
-7.327156691394327848e-02
-9.303050035936166751e-02
-1.162909183599343810e-01
-1.431872937656604727e-01
-1.737433187676861723e-01
-2.078594240319147080e-01
-2.453074324254529981e-01
-2.857328990393089851e-01
-3.286647335475395004e-01
-3.735308559016263796e-01
-4.196780845827786655e-01
-4.663943232373278791e-01
-5.129314247938892013e-01
-5.585277851840854124e-01
-6.024305607902096238e-01
-6.439181611051255638e-01
-6.823240875066493016e-01
-7.170630872619885299e-01
-7.476599131696611833e-01
-7.737798239781790155e-01
-7.952585743316047395e-01
-8.121283660089364531e-01
-8.246354217879882098e-01
-8.332447856969924516e-01
-8.386287896459529989e-01
-8.416373096679486965e-01
-8.432502316468221126e-01
-8.445150798801123182e-01
-8.464750887488027287e-01
-8.500946978930998821e-01
-8.561902107267076456e-01
-8.653730259512272260e-01
-8.780114713831290718e-01
-8.942150528086314498e-01
-9.138422212063215255e-01
-9.365299679611990280e-01
-9.617410828137793466e-01
-9.888230875617571858e-01
-1.017071908338962105e+00
-1.045793347681092333e+00
-1.074356298239857122e+00
-1.102233212904079274e+00
-1.129025334454845320e+00
-1.154472276437267464e+00
-1.178447433538972966e+00
-1.200942142395798662e+00
-1.222042364720857810e+00
-1.241901886217332329e+00
-1.260715683629790140e+00
-1.278696355041704091e+00
-1.296055523885890182e+00
-1.312991104520330632e+00
-1.329680411134463558e+00
-1.346278399467471854e+00
-1.362919887148105191e+00
-1.379724385947773690e+00
-1.396802148571549829e+00
-1.414260125608583163e+00
-1.432206696366261633e+00
-1.450754251313816079e+00
-1.470018953692290076e+00
-1.490117295305059208e+00
-1.511159389619909810e+00
-1.533239309332276701e+00
-1.556423157557295323e+00
-1.580735930631502972e+00
-1.606148544861347061e+00
-1.632566613668319899e+00
-1.659822631366509205e+00
-1.687673109167713514e+00
-1.715801896897844125e+00
-1.743830411796244428e+00
-1.771334814797108859e+00
-1.797869390121039190e+00
-1.822994593320339085e+00
-1.846307555157334246e+00
-1.867472384149096332e+00
-1.886247493959918753e+00
-1.902507435158595994e+00
-1.916257305062489369e+00
-1.927638641438251810e+00
-1.936926616424095027e+00
-1.944519156333672338e+00
-1.950919166876039057e+00
-1.956711257344321053e+00
-1.962534245101725583e+00
-1.969050397099995298e+00
-1.976912014770836334e+00
-1.986725799189776209e+00
-1.999015607349019064e+00
-2.014184786938588712e+00
-2.032480177299656798e+00
-2.053960872889484701e+00
-2.078475653357419350e+00
-2.105653263409474896e+00
-2.134909220837968746e+00
-2.165471442443439809e+00
-2.196424810932394944e+00
-2.226772174156884443e+00
-2.255506638675767839e+00
-2.281687917119604059e+00
-2.304514375866038911e+00
-2.323382595058525624e+00
-2.337927737360990132e+00
-2.348040598419141034e+00
-2.353860431453989932e+00
-2.355745924791281531e+00
-2.354229485856361048e+00
-2.349961788627405124e+00
-2.343654123125262778e+00
-2.336025442802442065e+00
-2.327759367078249042e+00
-2.319474155236837198e+00
-2.311706288432863854e+00
-2.304906213322963193e+00
-2.299443336636715962e+00
-2.295616675723314071e+00
-2.293667653755312230e+00
-2.293792219820465661e+00
-2.296150516824375210e+00
-2.300873424476381768e+00
-2.308066211738382112e+00
-2.317810065224486404e+00
-2.330162350454890952e+00
-2.345156161332974776e+00
-2.362799167114339127e+00
-2.383071182220748430e+00
-2.405919478640630604e+00
-2.431250807031827943e+00
-2.458919479309548795e+00
-2.488711670185252522e+00
-2.520327183439222907e+00
-2.553361077243763155e+00
-2.587288482919946730e+00
-2.621456425025491033e+00
-2.655086267184076920e+00
-2.687289491123666441e+00
-2.717097930066705302e+00
-2.743507526558949028e+00
-2.765532487279066753e+00
-2.782264743961230913e+00
-2.792932276080644538e+00
-2.796949406088581558e+00
-2.793952798996363285e+00
-2.783818557809048855e+00
-2.766658282112739897e+00
-2.742794858525113177e+00
-2.712721585053061713e+00
-2.677050492062380993e+00
-2.636456997182682116e+00
-2.591628087340868802e+00
-2.543220060800841509e+00
-2.491829727628328328e+00
-2.437980290167340414e+00
-2.382120433691671035e+00
-2.324632960130547765e+00
-2.265847976294382615e+00
-2.206055382647349461e+00
-2.145512155123309395e+00
-2.084441432430360397e+00
-2.023022354956982127e+00
-1.961371559610117998e+00
-1.899518885410421243e+00
-1.837380971060438073e+00
-1.774736948018809102e+00
-1.711210390261554970e+00
-1.646261190166993016e+00
-1.579190227065673469e+00
-1.509158697115805747e+00
-1.435222850040564824e+00
-1.356383654271816841e+00
-1.271649590138456798e+00
-1.180109368815078552e+00
-1.081009961418012644e+00
-9.738340381235252030e-01
-8.583699695254178863e-01
-7.347671749913049499e-01
-6.035700376085841867e-01
-4.657249751889213640e-01
-3.225575438053456256e-01
-1.757194511740708120e-01
-2.710869010325960352e-02
1.212308382360135356e-01
2.672213893068600132e-01
4.088650085378940924e-01
5.443487206513709653e-01
6.721327614895343805e-01
7.910159375682765948e-01
9.001753846035057682e-01
9.991811479401466745e-01
1.087988536645359217e+00
1.166912690060761815e+00
1.236590087234730850e+00
1.297930968014255892e+00
1.352065214707695473e+00
1.400282708211894711e+00
1.443968072960811533e+00
1.484529477831825872e+00
1.523321939799106683e+00
1.561567265842973562e+00
1.600274975295356894e+00
1.640170689479826471e+00
1.681639920437335789e+00
1.724695390281316465e+00
1.768974650880570820e+00
1.813771855883614448e+00
1.858103418439768673e+00
1.900802622960222621e+00
1.940633882611141781e+00
1.976414092136668854e+00
2.007127093639351045e+00
2.032018000898382137e+00
2.050656949841181298e+00
2.062966277555308814e+00
2.069210377121438960e+00
2.069952575983905696e+00
2.065987440292923694e+00
2.058259260727052453e+00
2.047777848187941174e+00
2.035541300113037799e+00
2.022472589925421449e+00
2.009373405354191178e+00
1.996895379745011301e+00
1.985526354493640344e+00
1.975587950369608548e+00
1.967240568106977339e+00
1.960492756745144227e+00
1.955213261312231499e+00
1.951145501466940990e+00
1.947925308118821697e+00
1.945103174253961731e+00
1.942171973280633956e+00
1.938600168256841672e+00
1.933869229322431993e+00
1.927512622537670639e+00
1.919152661831361240e+00
1.908530995148960185e+00
1.895528685518815148e+00
1.880172773958923793e+00
1.862627765792927770e+00
1.843172440942587365e+00
1.822164447636065887e+00
1.799996960634156151e+00
1.777052954566967546e+00
1.753663121699602812e+00
1.730073034409911115e+00
1.706423848137686550e+00
1.682748845259783632e+00
1.658985746733730782e+00
1.635002356320407468e+00
1.610631150534883593e+00
1.585707219516019562e+00
1.560103702390946534e+00
1.533759575415177823e+00
1.506696190993406015e+00
1.479021026696813790e+00
1.450919289475562479e+00
1.422635923589550933e+00
1.394451854748761876e+00
1.366658769214050384e+00
1.339536351170565132e+00
1.313334832237289307e+00
1.288264222818639837e+00
1.264490039902182783e+00
1.242134050044379601e+00
1.221277756293286831e+00
1.201966189832464726e+00
1.184209993102465885e+00
1.167984648076270782e+00
1.153226778976136790e+00
1.139828489967574132e+00
1.127631467884514960e+00
1.116422947564274848e+00
1.105935558454059775e+00
1.095852591964424194e+00
1.085819462473639918e+00
1.075461226811704085e+00
1.064405123192383229e+00
1.052306311825329743e+00
1.038874430136779381e+00
1.023898263829347011e+00
1.007265801367075664e+00
9.889771868280244904e-01
9.691486061120989648e-01
9.480059137907735911e-01
9.258677923961713407e-01
9.031193627460603057e-01
8.801783260711215640e-01
8.574567742131661285e-01
8.353225902464910257e-01
8.140647216167110622e-01
7.938664243057586001e-01
7.747898059722609920e-01
7.567736916604796971e-01
7.396451528818122068e-01
7.231432201549877758e-01
7.069516280256898932e-01
6.907362022752262520e-01
6.741819122335808157e-01
6.570247894776853892e-01
6.390748357189961482e-01
6.202275509582743096e-01
6.004635450897987115e-01
5.798375323995008657e-01
5.584595337443069019e-01
5.364720751258501563e-01
5.140274341735469044e-01
4.912685420961787064e-01
4.683161225116931892e-01
4.452632656171929271e-01
4.221771743866874482e-01
3.991065529371676801e-01
3.760922528581348012e-01
3.531784721862125109e-01
3.304220215873405198e-01
3.078978346387357679e-01
2.856998274888999378e-01
2.639371960771579317e-01
2.427270765727803092e-01
2.221850387768946056e-01
2.024150623953819839e-01
1.835004756638233814e-01
1.654968995857000191e-01
1.484276690423578793e-01
1.322816367760349665e-01
1.170128314765891270e-01
1.025412186928759684e-01
8.875383108453971381e-02
7.550576724705586329e-02
6.262093735071241896e-02
4.989286371197212272e-02
3.708622203323089228e-02
2.394004209691313542e-02
1.017350936558614888e-02
-4.504906718065079113e-03
-2.038471006607310218e-02
-3.773733481016140756e-02
-5.679778581072224969e-02
-7.774556959541556456e-02
-1.006869794688905057e-01
-1.256409911933056289e-01
-1.525308945261325821e-01
-1.811833235903911876e-01
-2.113356033326236338e-01
-2.426513953307205262e-01
-2.747436294188893569e-01
-3.072027818061259241e-01
-3.396278261459461101e-01
-3.716567325201541871e-01
-4.029932742763666642e-01
-4.334271403904834674e-01
-4.628449253829079457e-01
-4.912304373301739635e-01
-5.186538618219805885e-01
-5.452505573928971838e-01
-5.711915223774826078e-01
-5.966487257367047992e-01
-6.217593791332961528e-01
-6.465936885136019940e-01
-6.711305325470077188e-01
-6.952448044840530139e-01
-7.187088445428244654e-01
-7.412086083864811714e-01
-7.623731910124217359e-01
-7.818143542624179654e-01
-7.991711133209487006e-01
-8.141535085807640737e-01
-8.265796129508260481e-01
-8.364006496738702889e-01
-8.437107138832169451e-01
-8.487397532944737089e-01
-8.518308246876650225e-01
-8.534048277206712774e-01
-8.539175904521418836e-01
-8.538151056493377133e-01
-8.534927933571144765e-01
-8.532639355122062508e-01
-8.533410546754454096e-01
-8.538322299712962637e-01
-8.547524229720666611e-01
-8.560480669518383268e-01
-8.576316437862266939e-01
-8.594218573102863079e-01
-8.613843733584848339e-01
-8.635679540349419092e-01
-8.661311598022810587e-01
-8.693556058383903329e-01
-8.736430026655584991e-01
-8.794948249222053205e-01
-8.874753361030247589e-01
-8.981606982227519076e-01
-9.120788059747730880e-01
-9.296460571877686041e-01
-9.511082493461310294e-01
-9.764929572493318277e-01
-1.005579968459728413e+00
-1.037894629502564836e+00
-1.072726438007024052e+00
-1.109172203191664430e+00
-1.146200000665686280e+00
-1.182727428012461779e+00
-1.217705755191059724e+00
-1.250200776983106277e+00
-1.279461655503217221e+00
-1.304970720836157616e+00
-1.326469805384699052e+00
-1.343961795415164362e+00
-1.357689189473050506e+00
-1.368094076255536251e+00
-1.375765713062637285e+00
-1.381382603703624312e+00
-1.385655645185881246e+00
-1.389277721171241708e+00
-1.392883380534226445e+00
-1.397020317646785248e+00
-1.402132608828555504e+00
-1.408554311708664519e+00
-1.416511234384359108e+00
-1.426128436489749296e+00
-1.437441237551970508e+00
-1.450408016099804520e+00
-1.464923700185268629e+00
-1.480833407257133416e+00
-1.497946065186978704e+00
-1.516047974950277544e+00
-1.534916162908038562e+00
-1.554331079931267956e+00
-1.574087842850072860e+00
-1.594004910151669119e+00
-1.613928963431920938e+00
-1.633734921764520287e+00
-1.653320484740628205e+00
-1.672595346970195740e+00
-1.691466145190709369e+00
-1.709819123940148566e+00
-1.727503244438627572e+00
-1.744316833313724002e+00
-1.760000745607803507e+00
-1.774240358391218519e+00
-1.786677577475424661e+00
-1.796932587216528932e+00
-1.804633530061480640e+00
-1.809450925207485739e+00
-1.811132661926774468e+00
-1.809535005777354044e+00
-1.804645311995593193e+00
-1.796593018339271985e+00
-1.785646858483294075e+00
-1.772197893270357483e+00
-1.756729663214919190e+00
-1.739778291166060198e+00
-1.721886520503027596e+00
-1.703556338019757588e+00
-1.685204951123050909e+00
-1.667128483427397390e+00
-1.649476892870760825e+00
-1.632242411149423367e+00
-1.615262384141588292e+00
-1.598235903224125343e+00
-1.580752204288113250e+00
-1.562327619461946204e+00
-1.542447028340546478e+00
-1.520605376591546598e+00
-1.496344971343138264e+00
-1.469284924119970803e+00
-1.439140220069321519e+00
-1.405729302661447244e+00
-1.368970577661597909e+00
-1.328869637302576123e+00
-1.285500078956869574e+00
-1.238981389335455097e+00
-1.189457414001139801e+00
-1.137078454607334921e+00
-1.081989140370178681e+00
-1.024323075557507012e+00
-9.642040691815403353e-01
-9.017526967690282502e-01
-8.370961787100518192e-01
-7.703791777644302119e-01
-7.017731449149525735e-01
-6.314822387407889037e-01
-5.597445179587139386e-01
-4.868279357036121580e-01
-4.130215120485960512e-01
-3.386228029344280355e-01
-2.639233226270885080e-01
-1.891938579008239085e-01
-1.146716256912700960e-01
-4.055100243922744874e-02
3.302085009492441992e-02
1.059426553243873748e-01
1.781517554504666589e-01
2.496112661809805067e-01
3.202925971007762884e-01
3.901548489754236848e-01
4.591231201578245824e-01
5.270681771703608076e-01
5.937901864548448261e-01
6.590091631081499424e-01
7.223643753722643890e-01
7.834241054768564805e-01
8.417059460238029978e-01
8.967063459822739446e-01
9.479366434575394740e-01
9.949616175587185918e-01
1.037435930659730499e+00
1.075133903040456085e+00
1.107968910184919942e+00
1.136000196834577869e+00
1.159426788304775746e+00
1.178570082879088599e+00
1.193848255878095621e+00
1.205746504054443502e+00
1.214787265980578512e+00
1.221503907139688705e+00
1.226420157219589191e+00
1.230036136944544278e+00
1.232820443219913686e+00
1.235206749519317526e+00
1.237592883049842163e+00
1.240340380734824333e+00
1.243772994975787416e+00
1.248173327128138999e+00
1.253777498215641328e+00
1.260768343987054951e+00
1.269267941874109296e+00
1.279330328263376781e+00
1.290935112529655759e+00
1.303982454307661243e+00
1.318289664927811078e+00
1.333589615165408970e+00
1.349531216098413644e+00
1.365682460483412575e+00
1.381536786107452341e+00
1.396523735072814132e+00
1.410024916399614803e+00
1.421396043885037264e+00
1.429995279332323843e+00
1.435217292108868170e+00
1.436531446718996685e+00
1.433521504236366040e+00
1.425923357092283350e+00
1.413656795716634385e+00
1.396847279188969893e+00
1.375834229731553338e+00
1.351163478824485509e+00
1.323563047405067250e+00
1.293903243905695888e+00
1.263143857188619545e+00
1.232272743058404840e+00
1.202241129180071422e+00
1.173901351488201072e+00
1.147952448673187131e+00
1.124898150286206322e+00
1.105020454825599296e+00
1.088370412597117198e+00
1.074776116356087829e+00
1.063866441479998315e+00
1.055107891693270350e+00
1.047851058717154338e+00
1.041382704055090258e+00
1.034979294156316287e+00
1.027957929855576102e+00
1.019720974196338892e+00
1.009791275551646716e+00
9.978356852685221767e-01
9.836755522676067232e-01
9.672839903314713883e-01
9.487708759163596683e-01
9.283576349942780359e-01
9.063447904929855525e-01
8.830758470005553029e-01
8.589012973096109560e-01
8.341463096589828430e-01
8.090850235283674197e-01
7.839234369055505525e-01
7.587917479623474959e-01
7.337458796817296625e-01
7.087769197186150061e-01
6.838264675763457978e-01
6.588054631103688052e-01
6.336139842557941826e-01
6.081597093396908793e-01
5.823731706109983586e-01
5.562184991202528961e-01
5.296989998341397055e-01
5.028575363826758293e-01
4.757722975638475349e-01
4.485490214093724726e-01
4.213111274043347954e-01
3.941894119052023471e-01
3.673129571491542400e-01
3.408026658821989296e-01
3.147683662173809127e-01
2.893097811427834398e-01
2.645209154798908169e-01
2.404967066568552969e-01
2.173402535757437415e-01
1.951687007474542379e-01
1.741159837855357218e-01
1.543311365707774885e-01
1.359716415910680043e-01
1.191922301512040178e-01
1.041304302458689046e-01
9.089084237970695979e-02
7.953046463835579394e-02
7.004732475230457389e-02
6.237422667954900524e-02
5.637867395686289168e-02
5.186913376081934285e-02
4.860691431282083280e-02
4.632218873633488221e-02
4.473221393638411592e-02
4.355961093841859144e-02
4.254868450771902982e-02
4.147811079649009469e-02
4.016883159579745510e-02
3.848657535377567745e-02
3.633900163724254617e-02
3.366798111457817294e-02
3.043794509936505535e-02
2.662155534265539178e-02
2.218415732221274903e-02
1.706859480657018160e-02
1.118198385062156922e-02
4.385968476042820252e-03
-3.508200262362628098e-03
-1.273871651379079178e-02
-2.358577797471659437e-02
-3.635756595224218929e-02
-5.137020288288779435e-02
-6.892293726714079916e-02
-8.927048401232728914e-02
-1.125950189870432439e-01
-1.389806895637596962e-01
-1.683935650270429185e-01
-2.006696473899792499e-01
-2.355128787069977747e-01
-2.725040631957932336e-01
-3.111203863280796456e-01
-3.507639296701464682e-01
-3.907964512171634430e-01
-4.305769209723053215e-01
-4.694980170492967231e-01
-5.070180610618540973e-01
-5.426856610415008442e-01
-5.761554912174765564e-01
-6.071949503983237184e-01
-6.356826545397631367e-01
-6.616006109616299202e-01
-6.850223463462552509e-01
-7.060991846901498725e-01
-7.250463790699741562e-01
-7.421300699206743179e-01
-7.576552943146412922e-01
-7.719547111339941647e-01
-7.853774701388877011e-01
-7.982777664902963588e-01
-8.110030034571491520e-01
-8.238819692289077734e-01
-8.372138226765256652e-01
-8.512588121721841317e-01
-8.662314400798467595e-01
-8.822962658896673638e-01
-8.995658558622634526e-01
-9.180997522116989273e-01
-9.379029781441940994e-01
-9.589226877352465817e-01
-9.810421689996292605e-01
-1.004072428868207689e+00
-1.027742810267190166e+00
-1.051693207002069030e+00
-1.075471131902686173e+00
-1.098536908808266599e+00
-1.120279492445672043e+00
-1.140043945441288287e+00
-1.157169666992833301e+00
-1.171036446549807319e+00
-1.181113723741018973e+00
-1.187007434687052054e+00
-1.188498738868908777e+00
-1.185569784739172405e+00
-1.178413325697885483e+00
-1.167425124980697282e+00
-1.153180291911980015e+00
-1.136396585515501823e+00
-1.117889008345488433e+00
-1.098520542863622662e+00
-1.079153665717532240e+00
-1.060606462090368796e+00
-1.043615990947303507e+00
-1.028810284357953408e+00
-1.016689226577740301e+00
-1.007613701866617362e+00
-1.001801884191497516e+00
-9.993313462692466898e-01
-1.000145714797863405e+00
-1.004064796265262460e+00
-1.010797352549928307e+00
-1.019955949835869236e+00
-1.031073497647853721e+00
-1.043621218678195239e+00
-1.057027838968326527e+00
-1.070699761777239800e+00
-1.084041890025807753e+00
-1.096478600583012497e+00
-1.107474169635047856e+00
-1.116551738498911428e+00
-1.123309744489925377e+00
-1.127434678970706372e+00
-1.128709123898023581e+00
-1.127014285090210732e+00
-1.122326675485704639e+00
-1.114709155365168236e+00
-1.104297125594831508e+00
-1.091281193325192467e+00
-1.075887990486101176e+00
-1.058360954202155479e+00
-1.038942749536020171e+00
-1.017860654540193588e+00
-9.953157068046617484e-01
-9.714758297468767401e-01
-9.464726214338776700e-01
-9.204010861149597433e-01
-8.933213702438692616e-01
-8.652615391220662699e-01
-8.362205680562625476e-01
-8.061709703576238617e-01
-7.750607856906699400e-01
-7.428149584738238387e-01
-7.093364168814698667e-01
-6.745074026035833281e-01
-6.381917878510325881e-01
-6.002392288230375961e-01
-5.604920085943426722e-01
-5.187952709888200564e-01
-4.750109996640126675e-01
-4.290355412495683862e-01
-3.808197465466309772e-01
-3.303900091750305301e-01
-2.778677689873498835e-01
-2.234845944192294098e-01
-1.675899212198176669e-01
-1.106489977671187841e-01
-5.322956379766117380e-02
4.022845864357058737e-03
6.041953741466637995e-02
1.152703379746249229e-01
1.679283030634717289e-01
2.178328548641667306e-01
2.645468125663679726e-01
3.077834549043622081e-01
3.474209300492771546e-01
3.835028002387732005e-01
4.162250490628042199e-01
4.459112745783477272e-01
4.729788784299023274e-01
4.978997468179577335e-01
5.211591821315152417e-01
5.432167222856926214e-01
5.644720546178909615e-01
5.852385843926035669e-01
6.057264424068306008e-01
6.260358833872544659e-01
6.461611877527487779e-01
6.660043674425590865e-01
6.853972165094661673e-01
7.041295652120229676e-01
7.219810291430410754e-01
7.387531439683665546e-01
7.542986046897625085e-01
7.685444495156763534e-01
7.815064887798369719e-01
7.932930880051631828e-01
8.040975263907815807e-01
8.141794617757225350e-01
8.238373802411624869e-01
8.333751000784179741e-01
8.430662441275583729e-01
8.531209392282681492e-01
8.636587679527456540e-01
8.746912013568709510e-01
8.861154935841614178e-01
8.977205089187250131e-01
9.092034120096753602e-01
9.201948164629647486e-01
9.302890500124738615e-01
9.390757788129862060e-01
9.461693736025644785e-01
9.512330425091636288e-01
9.539957705616695094e-01
9.542613161073026928e-01
9.519097212482124926e-01
9.468928103937923613e-01
9.392258306829960324e-01
9.289776436364703960e-01
9.162616951140259980e-01
9.012294303966960074e-01
8.840670053114100257e-01
8.649952350314635829e-01
8.442718913096722844e-01
8.221948552366408203e-01
7.991043541089454250e-01
7.753825879336648796e-01
7.514494442974274380e-01
7.277536145192937678e-01
7.047591325047354305e-01
6.829280316529906525e-01
6.627003495992531690e-01
6.444730413521945200e-01
6.285794699343654202e-01
6.152710505572996924e-01
6.047023759748260119e-01
5.969208037722055771e-01
5.918610960002801402e-01
5.893453141869284817e-01
5.890878245738823127e-01
5.907049867611897653e-01
5.937289034462333026e-01
5.976245104745316894e-01
6.018092832517479840e-01
6.056749087033124201e-01
6.086103827336971639e-01
6.100260862836360820e-01
6.093784071842675010e-01
6.061943592759676536e-01
6.000953840419400720e-01
5.908191290896857018e-01
5.782375610718301084e-01
5.623694122942848317e-01
5.433848264845753118e-01
5.216002924947620301e-01
4.974626139720751405e-01
4.715217498785835293e-01
4.443937627952878611e-01
4.167166203655815471e-01
3.891029380092385082e-01
3.620946467247230793e-01
3.361247899948699991e-01
3.114910796528411185e-01
2.883444986187267411e-01
2.666943060668915955e-01
2.464285781921364826e-01
2.273472727911824698e-01
2.092031013847265308e-01
1.917445157048167370e-01
1.747550216089190922e-01
1.580838186551060398e-01
1.416642682730336056e-01
1.255186382275391699e-01
1.097496134849859778e-01
9.452086485989039111e-02
8.003025375425369681e-02
6.647986185097201628e-02
5.404693906680417548e-02
4.285915848510554044e-02
3.297644814927822021e-02
2.438038389537288547e-02
1.697092394442363192e-02
1.056934907578360207e-02
4.925767911661325590e-03
-2.705127452299056594e-04
-5.379126139564401402e-03
-1.079608363054873101e-02
-1.694063702947595784e-02
-2.424111623156919443e-02
-3.311896440938821157e-02
-4.397020652055278617e-02
-5.714396936766709401e-02
-7.291837312239148050e-02
-9.147501508172896367e-02
-1.128741940868408372e-01
-1.370337812987634796e-01
-1.637150418744366953e-01
-1.925186094244630830e-01
-2.228931442740298141e-01
-2.541579980486798340e-01
-2.855395935176043842e-01
-3.162194300873125696e-01
-3.453899167315852003e-01
-3.723128985766864796e-01
-3.963750204151807455e-01
-4.171341095736368354e-01
-4.343515898345499671e-01
-4.480074553530324910e-01
-4.582963226724838801e-01
-4.656052486732158435e-01
-4.704760384548892227e-01
-4.735563883574651634e-01
-4.755452134812694909e-01
-4.771378017770558921e-01
-4.789760369057149969e-01
-4.816079554421346387e-01
-4.854595315726536464e-01
-4.908200221011478348e-01
-4.978406562980371430e-01
-5.065450863455197572e-01
-5.168489481603364410e-01
-5.285851976711000155e-01
-5.415316228791214881e-01
-5.554370910249758486e-01
-5.700436428385922127e-01
-5.851024252089158662e-01
-6.003825526527708512e-01
-6.156731620056320464e-01
-6.307800043536491152e-01
-6.455187338070982328e-01
-6.597074672036288279e-01
-6.731611297989309461e-01
-6.856895833352883995e-01
-6.971006575830207552e-01
-7.072081477083165257e-01
-7.158438038973101714e-01
-7.228715204514301051e-01
-7.282014689942404306e-01
-7.318018740111121856e-01
-7.337064724888928691e-01
-7.340163365248901783e-01
-7.328955315632987855e-01
-7.305608903484092087e-01
-7.272668836916792445e-01
-7.232870842539133038e-01
-7.188940141386550575e-01
-7.143392448244645365e-01
-7.098355082494879342e-01
-7.055423227099482109e-01
-7.015562809622513107e-01
-6.979067311797013673e-01
-6.945571387686386711e-01
-6.914119766788360266e-01
-6.883285759783147606e-01
-6.851329941227682907e-01
-6.816386386356618754e-01
-6.776661302730092595e-01
-6.730627151885730797e-01
-6.677194577667564523e-01
-6.615844880610716183e-01
-6.546707669336929714e-01
-6.470571911972164969e-01
-6.388823994129578798e-01
-6.303313400492467355e-01
-6.216154768880571835e-01
-6.129483453873931786e-01
-6.045189229849273760e-01
-5.964658088236741706e-01
-5.888554079552961174e-01
-5.816671016437823249e-01
-5.747877359176620793e-01
-5.680167208407637114e-01
-5.610817172943576292e-01
-5.536634656325276627e-01
-5.454269819121222440e-01
-5.360553143193679260e-01
-5.252814871155793153e-01
-5.129142774464793275e-01
-4.988541111076242873e-01
-4.830965804003988784e-01
-4.657227490822730132e-01
-4.468773109097071150e-01
-4.267375515440310907e-01
-4.054776482112633085e-01
-3.832338615433676932e-01
-3.600764193731424978e-01
-3.359932490328160770e-01
-3.108891979094245417e-01
-2.846021522858289132e-01
-2.569348214886305048e-01
-2.276983023583742105e-01
-1.967613259113370483e-01
-1.640977257418503310e-01
-1.298244488633601978e-01
-9.422345915280921913e-02
-5.774304264346787757e-02
-2.097697978860918119e-02
1.537668787802483859e-02
5.057255467075785771e-02
8.388340979663973240e-02
1.146663119838669392e-01
1.424211458963648425e-01
1.668349063358035012e-01
1.878071123241965568e-01
2.054543701521690802e-01
2.200947374847319338e-01
2.322148050151146836e-01
2.424240464090761105e-01
2.514018772579233452e-01
2.598430292264927721e-01
2.684064002822298955e-01
2.776716444325451061e-01
2.881065765721652627e-01
3.000471311544767317e-01
3.136902444113237598e-01
3.290987309884293999e-01
3.462160970651791403e-01
3.648883755998215128e-01
3.848895815438500567e-01
4.059473353904001769e-01
4.277656104186093322e-01
4.500423701260752862e-01
4.724809513733619903e-01
4.947952322001592518e-01
5.167096949365959091e-01
5.379562700634872296e-01
5.582702014529151713e-01
5.773870750978661315e-01
5.950426605446482720e-01
6.109764611549164393e-01
6.249390292999541519e-01
6.367023452617333046e-01
6.460720123408246751e-01
6.528997494611880059e-01
6.570946623362654559e-01
6.586319870438719359e-01
6.575583396261428515e-01
6.539928864610919934e-01
6.481242098474991886e-01
6.402029521706433801e-01
6.305305818498435633e-01
6.194448550579840784e-01
6.073027702913808001e-01
5.944620358543128980e-01
5.812622790198449518e-01
5.680073852156193315e-01
5.549504198765402574e-01
5.422825109938568255e-01
5.301268298765274833e-01
5.185384008992587335e-01
5.075099280657698886e-01
4.969832042128608518e-01
4.868650433182351578e-01
4.770461301388020381e-01
4.674207913024103767e-01
4.579055184793630606e-01
4.484541526954816670e-01
4.390679737094794755e-01
4.297995007448316973e-01
4.207495395545285399e-01
4.120578176027248074e-01
4.038883287263241861e-01
3.964111527485640885e-01
3.897829299964176708e-01
3.841282925270154691e-01
3.795243646186746145e-01
3.759899767703063778e-01
3.734805688755683528e-01
3.718890011644228055e-01
3.710517692871466711e-01
3.707595431889388893e-01
3.707705945599239494e-01
3.708255732511560598e-01
3.706622176005828773e-01
3.700288746226096381e-01
3.686960778685804963e-01
3.664657964321023087e-01
3.631782595640888900e-01
3.587164410885536059e-01
3.530083557253631543e-01
3.460273056406498737e-01
3.377901683404609390e-01
3.283537868839110363e-01
3.178095481184504134e-01
3.062763289240445497e-01
2.938921425321216474e-01
2.808049925034175609e-01
2.671635939117955605e-01
2.531087032669936399e-01
2.387657779252604917e-01
2.242395525542891510e-01
2.096108916970899627e-01
1.949359939031707623e-01
1.802477380667447115e-01
1.655587305294569378e-01
1.508654728208196627e-01
1.361530420685680698e-01
1.213997498288621885e-01
1.065813882098737703e-01
9.167483976781987121e-02
7.666097531162707757e-02
6.152685994230431415e-02
4.626732170076983119e-02
3.088592037369295579e-02
1.539531378842481056e-02
-1.830114793356203901e-04
-1.581967148306838086e-02
-3.147894934505814091e-02
-4.712086646434240217e-02
-6.270351918037181393e-02
-7.818534017577413731e-02
-9.352689277180127603e-02
-1.086918259419020066e-01
-1.236467145432330467e-01
-1.383596713437341141e-01
-1.527978186301560959e-01
-1.669239129828737345e-01
-1.806925920143609143e-01
-1.940468275803156062e-01
-2.069152081900250961e-01
-2.192106289087972226e-01
-2.308308468622737308e-01
-2.416611808362679470e-01
-2.515794164996324467e-01
-2.604627485573783319e-01
-2.681963705723702240e-01
-2.746831317714159559e-01
-2.798535327303378617e-01
-2.836752385802700505e-01
-2.861612553303874984e-01
-2.873759451578201118e-01
-2.874381512008304385e-01
-2.865208612146190048e-01
-2.848470602183265088e-01
-2.826816993030267788e-01
-2.803200295176094259e-01
-2.780728961571416469e-01
-2.762499298022397798e-01
-2.751418666205986407e-01
-2.750034366321840729e-01
-2.760383309972842536e-01
-2.783876646612045147e-01
-2.821230758950223905e-01
-2.872451642184649101e-01
-2.936874081225659960e-01
-3.013250957995285972e-01
-3.099882335817371048e-01
-3.194769561155391679e-01
-3.295777203652696108e-01
-3.400785609192479853e-01
-3.507819141578656930e-01
-3.615139398772811430e-01
-3.721298051529813855e-01
-3.825149549173081920e-01
-3.925828886237675563e-01
-4.022703249482145194e-01
-4.115308313665108630e-01
-4.203280222262103516e-01
-4.286293162961119507e-01
-4.364010384385738073e-01
-4.436053983312709392e-01
-4.501996207468123568e-01
-4.561372591433285328e-01
-4.613715036228273059e-01
-4.658600926228492201e-01
-4.695712521610070356e-01
-4.724899232769034230e-01
-4.746234172033835796e-01
-4.760055897141353687e-01
-4.766986846632510488e-01
-4.767921857657294593e-01
-4.763983369032255277e-01
-4.756444167520891830e-01
-4.746623259872153056e-01
-4.735764870346865774e-01
-4.724913852829498162e-01
-4.714802292296139119e-01
-4.705761385312580702e-01
-4.697669869481307381e-01
-4.689945754825304847e-01
-4.681582638550745856e-01
-4.671226344606390635e-01
-4.657282868536821163e-01
-4.638045279695168777e-01
-4.611825700363216818e-01
-4.577078795398102917e-01
-4.532505144261509411e-01
-4.477126014107732921e-01
-4.410324890872160397e-01
-4.331855119864119197e-01
-4.241816669676179430e-01
-4.140607967670791312e-01
-4.028860690898254382e-01
-3.907366207052754281e-01
-3.777002071948545314e-01
-3.638665769650060722e-01
-3.493221002681467513e-01
-3.341459630325582797e-01
-3.184080131746340747e-01
-3.021681492408785918e-01
-2.854769836530614557e-01
-2.683774021541306953e-01
-2.509065778085729503e-01
-2.330979811576891214e-01
-2.149829592691985536e-01
-1.965915400639881294e-01
-1.779522592923261648e-01
-1.590910048154476064e-01
-1.400291124542219767e-01
-1.207811980623792747e-01
-1.013534230839875649e-01
-8.174300740810175325e-02
-6.193976919945595738e-02
-4.193025212045678463e-02
-2.170459672988940894e-02
-1.265769562863032363e-03
1.935983220247080444e-02
4.011191339029992337e-02
6.088780527256800607e-02
8.153788473179207630e-02
1.018664892689375295e-01
1.216392854465033618e-01
1.405971424564041172e-01
1.584755345018517558e-01
1.750275224627229897e-01
1.900476265742949977e-01
2.033935440625639912e-01
2.150027715185851285e-01
2.249017620287069308e-01
2.332061988477991399e-01
2.401121494392709499e-01
2.458790849369840437e-01
2.508068156142549965e-01
2.552091395916512573e-01
2.593873261943382413e-01
2.636064283839764100e-01
2.680768867846911596e-01
2.729430587289847776e-01
2.782793250875628677e-01
2.840934509816996356e-01
2.903360425509602383e-01
2.969143519889978489e-01
3.037083889542021020e-01
3.105872989043767518e-01
3.174242243043148282e-01
3.241082986007741695e-01
3.305529467727829629e-01
3.367001941185034930e-01
3.425211469332671843e-01
3.480131599876772897e-01
3.531944288501485674e-01
3.580968470831036310e-01
3.627579729514623375e-01
3.672128885261523035e-01
3.714866351671819444e-01
3.755877944838127425e-01
3.795036638669785911e-01
3.831973527897764575e-01
3.866069981852029991e-01
3.896471627138284877e-01
3.922123409039787734e-01
3.941823618384009964e-01
3.954293528074641073e-01
3.958258249844222032e-01
3.952533648541565192e-01
3.936113643017365438e-01
3.908251953314129112e-01
3.868532302816977686e-01
3.816921274502929617e-01
3.753798539515706412e-01
3.679960160707566597e-01
3.596592259705652106e-01
3.505214586304544189e-01
3.407596362976312299e-01
3.305649932000881974e-01
3.201310775294123889e-01
3.096414874010718910e-01
2.992585604448585457e-01
2.891142045283853212e-01
2.793038560913809754e-01
2.698841992200403661e-01
2.608748189114357685e-01
2.522634638903846205e-01
2.440141352833987975e-01
2.360768698484104755e-01
2.283979041915093211e-01
2.209289151582674027e-01
2.136342247675401540e-01
2.064951988839305308e-01
1.995114980099942370e-01
1.926992856972092605e-01
1.860868964737750486e-01
1.797087557818635994e-01
1.735984962103267193e-01
1.677822201905304900e-01
1.622727367199228443e-01
1.570653845995579612e-01
1.521357929336742687e-01
1.474396670502205464e-01
1.429144619101634095e-01
1.384826388011985709e-01
1.340561021277117681e-01
1.295413749315705298e-01
1.248450786494889608e-01
1.198793155113348496e-01
1.145665943498285627e-01
1.088439824991409288e-01
1.026662062854515750e-01
9.600746612363381116e-02
8.886178952450764224e-02
8.124182645440457262e-02
7.317610222304947454e-02
6.470488142425073752e-02
5.587495148646361848e-02
4.673378693447534371e-02
3.732368133620457551e-02
2.767650826091772043e-02
1.780977499196130520e-02
7.724551683827110896e-03
-2.594305551926411567e-03
-1.317545327600382239e-02
-2.405597589708264109e-02
-3.527430300877466840e-02
-4.686177947759879309e-02
-5.883374195440432830e-02
-7.118106727378605003e-02
-8.386316061361120955e-02
-9.680324064800428785e-02
-1.098865671471490613e-01
-1.229619697072064227e-01
-1.358467110523873533e-01
-1.483343956510532746e-01
-1.602053528876865029e-01
-1.712387133973501396e-01
-1.812252735192975139e-01
-1.899802072330240565e-01
-1.973547254947427276e-01
-2.032458799882440326e-01
-2.076038413820677775e-01
-2.104361361095125338e-01
-2.118084944315657414e-01
-2.118421490226436166e-01
-2.107076350475768911e-01
-2.086153847024289354e-01
-2.058036764946097330e-01
-2.025247720440828680e-01
-1.990303153129583391e-01
-1.955572350916721380e-01
-1.923154353569555552e-01
-1.894784462178440154e-01
-1.871779307409582593e-01
-1.855025206874282573e-01
-1.845009381450401498e-01
-1.841888240753960237e-01
-1.845582221423718583e-01
-1.855883332172182654e-01
-1.872560171047139288e-01
-1.895445952687585534e-01
-1.924497875172721251e-01
-1.959820500511116337e-01
-2.001651024384110966e-01
-2.050309576469829809e-01
-2.106122270332435875e-01
-2.169328017120425445e-01
-2.239981772911031066e-01
-2.317866817465347451e-01
-2.402427030707837141e-01
-2.492727316107062885e-01
-2.587446818620185995e-01
-2.684905936790071834e-01
-2.783124816796442857e-01
-2.879908392181302901e-01
-2.972951268297907013e-01
-3.059954828244885738e-01
-3.138748685580829423e-01
-3.207408774062873724e-01
-3.264364701224813925e-01
-3.308489353834204727e-01
-3.339164136803747240e-01
-3.356313819747996363e-01
-3.360406028616411689e-01
-3.352412228257842242e-01
-3.333729752168189675e-01
-3.306067984757982137e-01
-3.271305857016574836e-01
-3.231331803943670034e-01
-3.187880536967538370e-01
-3.142382707541063191e-01
-3.095843265081310580e-01
-3.048761853622959928e-01
-3.001104152363543998e-01
-2.952327229571581335e-01
-2.901455607252642621e-01
-2.847198799114231127e-01
-2.788096488156046049e-01
-2.722674914447521521e-01
-2.649597756288681882e-01
-2.567796722405629728e-01
-2.476570782935303416e-01
-2.375647747925017927e-01
-2.265206930594075296e-01
-2.145866120232820251e-01
-2.018639419421956183e-01
-1.884874322735202723e-01
-1.746176687600125010e-01
-1.604331217608283844e-01
-1.461223200501487463e-01
-1.318765070293148323e-01
-1.178829419072405793e-01
-1.043188750894569611e-01
-9.134617159730713809e-02
-7.910657265397864901e-02
-6.771764839312274797e-02
-5.726956821126007874e-02
-4.782286367729047388e-02
-3.940735592277073984e-02
-3.202235493299914609e-02
-2.563812015446260278e-02
-2.019842357261789415e-02
-1.562391006503651043e-02
-1.181583861269809924e-02
-8.659738676116728734e-03
-6.028543949301063028e-03
-3.784872111414366337e-03
-1.782292003618425212e-03
1.343641309091327530e-04
2.129356450759463826e-03
4.376566143821096662e-03
7.059548224361562874e-03
1.037039180258818999e-02
1.450671174157134626e-02
1.966625692341311335e-02
2.603889903731612665e-02
3.379613988549321629e-02
4.307870304781446363e-02
5.398319835147593476e-02
6.654919554084731681e-02
8.074824778883604726e-02
9.647641112668053909e-02
1.135515844356037030e-01
1.317165549975206074e-01
1.506480251259034731e-01
1.699711987971342653e-01
1.892788273368370411e-01
2.081530562008193919e-01
2.261880690115616599e-01
2.430114438547534561e-01
2.583023295987099122e-01
2.718049810907609554e-01
2.833367895355357047e-01
2.927906147019466165e-01
3.001318709180478272e-01
3.053913529580937758e-01
3.086551477751191541e-01
3.100531298344841313e-01
3.097474780238249070e-01
3.079224047054761049e-01
3.047758988921482892e-01
3.005138185645714888e-01
2.953461938039650958e-01
2.894851955191981574e-01
2.831439480950556642e-01
2.765352630957964020e-01
2.698694616766076915e-01
2.633507181247493056e-01
2.571717451424485046e-01
2.515070769109074011e-01
2.465056018771810964e-01
2.422832749534519492e-01
2.389170459444945049e-01
2.364409635567193413e-01
2.348451795409296494e-01
2.340782455093740055e-01
2.340527411251679679e-01
2.346539651067602317e-01
2.357512009757185834e-01
2.372109396347867327e-01
2.389113642522390779e-01
2.407573193208699946e-01
2.426948362545849613e-01
2.447240436258880381e-01
2.469089756150052162e-01
2.493824943331741373e-01
2.523443986637912140e-01
2.560509617868717558e-01
2.607947512002412038e-01
2.668746887135005075e-01
2.745578328340063101e-01
2.840361053589705587e-01
2.953828150333528968e-01
3.085149723670937427e-01
3.231676864397350357e-01
3.388861534785724272e-01
3.550388553665990710e-01
3.708527910178130438e-01
3.854682950428403587e-01
3.980078352220748350e-01
4.076507315031601131e-01
