-2.795549191565308789e+00
-3.109025890842529449e+00
-3.437098650201243721e+00
-3.778467194378718919e+00
-4.131810232946807382e+00
-4.495836310964027582e+00
-4.869329942378403331e+00
-5.251190112737099014e+00
-5.640458764209857812e+00
-6.036337605182563237e+00
-6.438192460636036785e+00
-6.845545321126003557e+00
-7.258055178933076057e+00
-7.675489572023270313e+00
-8.097689414837095256e+00
-8.524530118381665744e+00
-8.955882153000708001e+00
-9.391574074784211135e+00
-9.831360641779552267e+00
-1.027489803422443870e+01
-1.072172743387749350e+01
-1.117126739940156277e+01
-1.162281468216317570e+01
-1.207555245050025583e+01
-1.252856439608324735e+01
-1.298085292861255269e+01
-1.343135964181033515e+01
-1.387898643550282074e+01
-1.432261606067311810e+01
-1.476113134762222323e+01
-1.519343289716811185e+01
-1.561845547701792647e+01
-1.603518369262435428e+01
-1.644266764082572863e+01
-1.684003917488415425e+01
-1.722652912306434558e+01
-1.760148534514854290e+01
-1.796439095622961091e+01
-1.831488147549616841e+01
-1.865275917545931605e+01
-1.897800259369795128e+01
-1.929076910416281976e+01
-1.959138866505061927e+01
-1.988034737037638777e+01
-2.015826019933900781e+01
-2.042583330918425588e+01
-2.068381725336349675e+01
-2.093295351425345174e+01
-2.117391759743479085e+01
-2.140726253818905533e+01
-2.163336694047574937e+01
-2.185239156131979854e+01
-2.206424796478810180e+01
-2.226858194339293462e+01
-2.246477331586378057e+01
-2.265195246655526873e+01
-2.282903271472315865e+01
-2.299475641469253162e+01
-2.314775169986757319e+01
-2.328659608316693763e+01
-2.340988276222946141e+01
-2.351628546805144993e+01
-2.360461801670143345e+01
-2.367388532101269405e+01
-2.372332341536193212e+01
-2.375242695192183717e+01
-2.376096354659566146e+01
-2.374897520567482090e+01
-2.371676778772054206e+01
-2.366488999752209565e+01
-2.359410376664731857e+01
-2.350534804256491839e+01
-2.339969801735136201e+01
-2.327832171693001939e+01
-2.314243568186454780e+01
-2.299326124991217668e+01
-2.283198272941401896e+01
-2.265970855845742093e+01
-2.247743638805298971e+01
-2.228602290712002088e+01
-2.208615913239134443e+01
-2.187835180111948219e+01
-2.166291140804137783e+01
-2.143994730369480450e+01
-2.120937010996718186e+01
-2.097090149973220363e+01
-2.072409114129566987e+01
-2.046834032940955339e+01
-2.020293153416782062e+01
-1.992706281136101865e+01
-1.963988575834592964e+01
-1.934054548555032582e+01
-1.902822092074809390e+01
-1.870216368396359030e+01
-1.836173377768559689e+01
-1.800643042492985657e+01
-1.763591656347740155e+01
-1.725003576331308963e+01
-1.684882065981310362e+01
-1.643249238969377402e+01
-1.600145095161764530e+01
-1.555625687882195862e+01
-1.509760508105674681e+01
-1.462629216159474588e+01
-1.414317891485962164e+01
-1.364915002950509404e+01
-1.314507323685010398e+01
-1.263176022478870308e+01
-1.210993157475002313e+01
-1.158018775706194603e+01
-1.104298785163585350e+01
-1.049863716043738648e+01
-9.947284278074253194e+00
-9.388927530867764659e+00
-8.823430034219557072e+00
-8.250542008700229246e+00
-7.669928489302169972e+00
-7.081200210852174770e+00
-6.483945283421884476e+00
-5.877759312607190978e+00
-5.262271858731217833e+00
-4.637167556483978714e+00
-4.002200784956075452e+00
-3.357203439437261849e+00
-2.702086044540317200e+00
-2.036833096826001555e+00
-1.361494072603077976e+00
-6.761719266563372965e-01
1.898889498663580699e-02
7.238129229648491147e-01
1.438100835881227502e+00
2.161631978757286188e+00
2.894161438778707574e+00
3.635411553257571260e+00
4.385058417631827687e+00
5.142714617587995640e+00
5.907909966145110658e+00
6.680072425558646998e+00
7.458511596001629052e+00
8.242407133153148990e+00
9.030804212099543093e+00
9.822617696828228162e+00
1.061664604467607198e+01
1.141159521442331126e+01
1.220611202825339880e+01
1.299882562224701488e+01
1.378839488271580294e+01
1.457355917128305478e+01
1.535318924217662406e+01
1.612633509252046693e+01
1.689226757716722815e+01
1.765051095806381554e+01
1.840086412569119645e+01
1.914340897081169146e+01
1.987850524534629670e+01
2.060677215136569274e+01
2.132905776401754849e+01
2.204639815232858524e+01
2.275996864717903634e+01
2.347103007628000526e+01
2.418087291595039545e+01
2.489076219821201619e+01
2.560188568997294922e+01
2.631530736687308902e+01
2.703192760849477239e+01
2.775245090759700162e+01
2.847736129016681161e+01
2.920690514662529580e+01
2.994108082666745929e+01
3.067963417968497808e+01
3.142205922932935280e+01
3.216760334067436133e+01
3.291527652245992641e+01
3.366386485047311794e+01
3.441194833439361389e+01
3.515792380978726328e+01
3.590003356180057636e+01
3.663640033495824611e+01
3.736506913504732097e+01
3.808405578670507907e+01
3.879140161168994894e+01
3.948523288604964421e+01
4.016382300052942611e+01
4.082565456294128126e+01
4.146947813547301820e+01
4.209436396572414907e+01
4.269974300740940976e+01
4.328543377240693957e+01
4.385165211400192931e+01
4.439900189021696519e+01
4.492844554143567137e+01
4.544125486323288499e+01
4.593894356575050608e+01
4.642318448402218678e+01
4.689571543374220397e+01
4.735823860000454744e+01
4.781231892679441131e+01
4.825928719240570075e+01
4.870015328770505647e+01
4.913553466442328244e+01
4.956560404088792637e+01
4.999005928975716984e+01
5.040811708795085622e+01
5.081853047045547811e+01
5.121962900410945707e+01
5.160937898370448806e+01
5.198545993712189528e+01
5.234535287983405993e+01
5.268643522904374521e+01
5.300607709723423966e+01
5.330173382860629516e+01
5.357103009755689982e+01
5.381183160384375697e+01
5.402230131673044866e+01
5.420093826582897378e+01
5.434659797332800935e+01
5.445849470253615010e+01
5.453618668934645797e+01
5.457954637881768889e+01
5.458871836526329702e+01
5.456406820962552473e+01
5.450612557488154408e+01
5.441552518249359593e+01
5.429294897175142864e+01
5.413907256175156846e+01
5.395451870529910821e+01
5.373981992042560307e+01
5.349539191371461300e+01
5.322151880829660797e+01
5.291835057611013582e+01
5.258591246903950633e+01
5.222412567284898444e+01
5.183283787222479333e+01
5.141186193770699475e+01
5.096102053647418728e+01
5.048019413735929817e+01
4.996936965044071144e+01
4.942868681997110514e+01
4.885847949868656315e+01
4.825930908126080254e+01
4.763198767291206082e+01
4.697758902142825832e+01
4.629744583366035471e+01
4.559313281565438558e+01
4.486643558289935640e+01
4.411930645149029573e+01
4.335380897366938058e+01
4.257205388593958162e+01
4.177612981359892075e+01
4.096803258338943721e+01
4.014959727248048438e+01
3.932243714581267824e+01
3.848789337120038567e+01
3.764699886944644902e+01
3.680045886295396684e+01
3.594864968922929904e+01
3.509163629321349731e+01
3.422920759337610974e+01
3.336092771029856152e+01
3.248619994090002194e+01
3.160433944843628140e+01
3.071464998128595170e+01
2.981649959773839242e+01
2.890939038669329619e+01
2.799301754693204813e+01
2.706731389991234593e+01
2.613247691521499050e+01
2.518897655731655050e+01
2.423754362135981921e+01
2.327913961992310021e+01
2.231491059842518254e+01
2.134612839576194077e+01
2.037412373766281704e+01
1.940021608247560536e+01
1.842564529166672926e+01
1.745150995678520189e+01
1.647871660610064026e+01
1.550794308327440163e+01
1.453961823001231757e+01
1.357391869830183495e+01
1.261078239781089394e+01
1.164993684484461234e+01
1.069093963955931237e+01
9.733227531034183144e+00
8.776170101191999251e+00
7.819124021586585371e+00
6.861484111808922037e+00
5.902727998695975309e+00
4.942451976939143066e+00
3.980396609176065859e+00
3.016461572975638550e+00
2.050710170522139997e+00
1.083364670875315516e+00
1.147941955913140966e-01
-8.545028488234917008e-01
-1.823919752473763589e+00
-2.792764045807719864e+00
-3.760280116830012620e+00
-4.725670878360887173e+00
-5.688117953298685414e+00
-6.646800286620307752e+00
-7.600911420301602384e+00
-8.549675836764725645e+00
-9.492364780146337111e+00
-1.042831179869657277e+01
-1.135692796885709832e+01
-1.227771640298393763e+01
-1.319028528458014726e+01
-1.409435837952652371e+01
-1.498978180246937342e+01
-1.587652581485953185e+01
-1.675468061718260415e+01
-1.762444546199186490e+01
-1.848611093302339725e+01
-1.934003484249598159e+01
-2.018661283548926377e+01
-2.102624537501028357e+01
-2.185930324282368531e+01
-2.268609397095784175e+01
-2.350683167286118547e+01
-2.432161256250403625e+01
-2.513039803968001706e+01
-2.593300662383999722e+01
-2.672911529313455858e+01
-2.751827000391865496e+01
-2.829990440929129036e+01
-2.907336513567378944e+01
-2.983794148406194324e+01
-3.059289713575699921e+01
-3.133750138672689900e+01
-3.207105761003402478e+01
-3.279292701699461787e+01
-3.350254631887455758e+01
-3.419943851381172806e+01
-3.488321667467265996e+01
-3.555358122881914795e+01
-3.621031174019203291e+01
-3.685325458512519958e+01
-3.748230813285918117e+01
-3.809740709060387331e+01
-3.869850756104025180e+01
-3.928557412134090043e+01
-3.985856989453469623e+01
-4.041745019638518244e+01
-4.096215994298412966e+01
-4.149263463380680150e+01
-4.200880441321878322e+01
-4.251060047668551078e+01
-4.299796293812407555e+01
-4.347084920935484575e+01
-4.392924195528423326e+01
-4.437315576338759371e+01
-4.480264179786173884e+01
-4.521778987256240612e+01
-4.561872757419216384e+01
-4.600561627797723929e+01
-4.637864412406862158e+01
-4.673801624952410805e+01
-4.708394279733647636e+01
-4.741662543082244952e+01
-4.773624326247283989e+01
-4.804293923919856724e+01
-4.833680809202066797e+01
-4.861788694311782422e+01
-4.888614955031776077e+01
-4.914150495565522903e+01
-4.938380099432573900e+01
-4.961283273037612673e+01
-4.982835544672901307e+01
-5.003010136644002870e+01
-5.021779887008453613e+01
-5.039119264342083682e+01
-5.055006298944808663e+01
-5.069424249640982794e+01
-5.082362839299876356e+01
-5.093818923567687307e+01
-5.103796504393169187e+01
-5.112306058549408050e+01
-5.119363215858159322e+01
-5.124986885701096639e+01
-5.129196987122498541e+01
-5.132011980774087334e+01
-5.133446425935819235e+01
-5.133508788872918416e+01
-5.132199710194823439e+01
-5.129510899344047203e+01
-5.125424768310953993e+01
-5.119914849471267360e+01
-5.112946970940922142e+01
-5.104481094639606198e+01
-5.094473663655608675e+01
-5.082880263199536586e+01
-5.069658376659720034e+01
-5.054770017815010164e+01
-5.038184041078568498e+01
-5.019877971542756256e+01
-4.999839250512020783e+01
-4.978065854365477350e+01
-4.954566307742096143e+01
-4.929359169302949795e+01
-4.902472113679232990e+01
-4.873940761370710106e+01
-4.843807417057617215e+01
-4.812119865192705959e+01
-4.778930341616391786e+01
-4.744294755527687357e+01
-4.708272183388378807e+01
-4.670924601293859979e+01
-4.632316773296037837e+01
-4.592516175406460377e+01
-4.551592814624824257e+01
-4.509618801910922770e+01
-4.466667558667960236e+01
-4.422812575454531725e+01
-4.378125696294095093e+01
-4.332674964479897284e+01
-4.286522130139883302e+01
-4.239719977682602092e+01
-4.192309675857445228e+01
-4.144318378627858124e+01
-4.095757308176540334e+01
-4.046620530738346844e+01
-3.996884593229017213e+01
-3.946509127669975214e+01
-3.895438456941923278e+01
-3.843604156500521896e+01
-3.790928449744974671e+01
-3.737328246893140715e+01
-3.682719584390851253e+01
-3.627022188601752362e+01
-3.570163876150453319e+01
-3.512084514041038830e+01
-3.452739294324359065e+01
-3.392101127077291522e+01
-3.330162017579582567e+01
-3.266933363754488795e+01
-3.202445182650334488e+01
-3.136744344994036382e+01
-3.069891960092532202e+01
-3.001960105744067420e+01
-2.933028136154790033e+01
-2.863178824021243685e+01
-2.792494598817755147e+01
-2.721054132795903868e+01
-2.648929499485640449e+01
-2.576184088128988847e+01
-2.502871403979652953e+01
-2.429034821508009756e+01
-2.354708289056854298e+01
-2.279917913167446386e+01
-2.204684284013972828e+01
-2.129025343576961760e+01
-2.052959551375102265e+01
-1.976509071522793448e+01
-1.899702693950455057e+01
-1.822578212905442996e+01
-1.745184018509360158e+01
-1.667579710275018101e+01
-1.589835612678043297e+01
-1.512031156581638136e+01
-1.434252180714773139e+01
-1.356587297500401768e+01
-1.279123549374682689e+01
-1.201941648692579889e+01
-1.125111139918730530e+01
-1.048685843111401539e+01
-9.726999298321475251e+00
-8.971649474832666726e+00
-8.220680474964574103e+00
-7.473715920425287429e+00
-6.730142193676987183e+00
-5.989133471834628963e+00
-5.249689946239199934e+00
-4.510687142885474010e+00
-3.770933526717263007e+00
-3.029233059422054009e+00
-2.284449105283698600e+00
-1.535566060241076114e+00
-7.817452999666170133e-01
-2.237247663126585087e-02
7.429062055788544505e-01
1.514160387281651365e+00
2.291165496160039616e+00
3.073406323825363273e+00
3.860093587675334170e+00
4.650192172616306685e+00
5.442459210999100350e+00
6.235489757953134315e+00
7.027767566520098264e+00
7.817718362370131402e+00
8.603763052583218496e+00
9.384368468091846438e+00
1.015809351199404809e+01
1.092362894687728136e+01
1.167982948128285869e+01
1.242573728108665598e+01
1.316059651249431717e+01
1.388385899703813209e+01
1.459518149644495111e+01
1.529441553538090481e+01
1.598159098430775948e+01
1.665689485784118773e+01
1.732064692000315631e+01
1.797327372652248556e+01
1.861528267122941926e+01
1.924723744741574905e+01
1.986973609470850022e+01
2.048339249053413624e+01
2.108882178394912188e+01
2.168662987802992959e+01
2.227740667251549667e+01
2.286172240519739418e+01
2.344012610666359819e+01
2.401314493926577498e+01
2.458128304248612039e+01
2.514501848638424875e+01
2.570479704495529205e+01
2.626102175358867186e+01
2.681403760416309012e+01
2.736411123511842902e+01
2.791140606706424521e+01
2.845595397358786371e+01
2.899762520497350948e+01
2.953609884775528016e+01
3.007083653509263854e+01
3.060106237391925177e+01
3.112575206563753838e+01
3.164363394929959838e+01
3.215320416593591801e+01
3.265275735383681877e+01
3.314043327299906849e+01
3.361427858554980475e+01
3.407232177625390790e+01
3.451265798019321807e+01
3.493353940053983564e+01
3.533346614579962619e+01
3.571127178941648594e+01
3.606619781616605991e+01
3.639795140837387066e+01
3.670674175225687463e+01
3.699329116612090473e+01
3.725881881819130115e+01
3.750499650418974795e+01
3.773387778375386858e+01
3.794780359157638827e+01
3.814928911708097559e+01
3.834089814719987999e+01
3.852511209050950924e+01
3.870420145192526462e+01
3.888010756758620090e+01
3.905434191308697933e+01
3.922790929887371902e+01
3.940125982246922121e+01
3.957427265522977677e+01
3.974627272092332220e+01
3.991607921675014836e+01
4.008208287474231213e+01
4.024234701229013922e+01
4.039472589812642411e+01
4.053699287423759046e+01
4.066697009739480961e+01
4.078265173945323596e+01
4.088231300775215260e+01
4.096459838170577683e+01
4.102858393331710118e+01
4.107381039828373304e+01
4.110028566839090303e+01
4.110845743962635623e+01
4.109915873045439838e+01
4.107353074450919195e+01
4.103292897308346454e+01
4.097881941869476208e+01
4.091267231422774842e+01
4.083586068388432722e+01
4.074957055622359547e+01
4.065472864392517494e+01
4.055195192857506470e+01
4.044152193622837643e+01
4.032338468705807344e+01
4.019717547505343447e+01
4.006226591663460113e+01
3.991782921567798326e+01
3.976291842620148742e+01
3.959655172973807424e+01
3.941779842057656680e+01
3.922585942252177205e+01
3.902013672043872816e+01
3.880028702416792896e+01
3.856625621724776920e+01
3.831829257291605728e+01
3.805693824680468396e+01
3.778300005868468503e+01
3.749750195698498345e+01
3.720162272767258571e+01
3.689662338894680005e+01
3.658376926126051387e+01
3.626425189871675059e+01
3.593911591196001609e+01
3.560919524308421558e+01
3.527506271010029337e+01
3.493699569294710017e+01
3.459495975359631359e+01
3.424861085255169257e+01
3.389731570609627909e+01
3.354018880056941754e+01
3.317614368942253122e+01
3.280395548661098815e+01
3.242233096856041641e+01
3.202998241030440596e+01
3.162570121619739538e+01
3.120842754011707854e+01
3.077731241605408385e+01
3.033176939183002574e+01
2.987151326375597904e+01
2.939658419836425907e+01
2.890735627455896051e+01
2.840453024555260342e+01
2.788911107587895799e+01
2.736237151954043156e+01
2.682580364445592735e+01
2.628106074609065246e+01
2.572989250874151068e+01
2.517407654327589839e+01
2.461534954377976803e+01
2.405534125337929297e+01
2.349551421324632727e+01
2.293711189977845422e+01
2.238111734975271361e+01
2.182822376888638516e+01
2.127881794565198703e+01
2.073297660114786112e+01
2.019047514015696265e+01
1.965080767663451411e+01
1.911321672663865101e+01
1.857673062697210042e+01
1.804020656130003175e+01
1.750237706505820157e+01
1.696189801577199674e+01
1.641739637231426130e+01
1.586751626351138178e+01
1.531096239589165542e+01
1.474654010315357411e+01
1.417319165540578041e+01
1.359002864795459686e+01
1.299636037875151118e+01
1.239171810154359221e+01
1.177587492271425340e+01
1.114886092387986949e+01
1.051097288843068434e+01
9.862777828916511780e+00
9.205109411816374987e+00
8.539056390181139378e+00
7.865942312170374429e+00
7.187296086220534619e+00
6.504813436827408424e+00
5.820309851201169948e+00
5.135666245515073669e+00
4.452769213964759665e+00
3.773448294113163293e+00
3.099413131386199005e+00
2.432193690799324681e+00
1.773086716761377524e+00
1.123111452443892322e+00
4.829772116208863597e-01
-1.469352340803490031e-01
-7.665772801384311830e-01
-1.376220844701723012e+00
-1.976432099640302420e+00
-2.568032101481819929e+00
-3.152046622015211685e+00
-3.729648082419098287e+00
-4.302092892969250570e+00
-4.870657662747338357e+00
-5.436577671753794583e+00
-6.000990703196941389e+00
-6.564888850830757683e+00
-7.129080288834224177e+00
-7.694162275692462138e+00
-8.260505910745196800e+00
-8.828252436627742838e+00
-9.397320221294528153e+00
-9.967421011268033482e+00
-1.053808364270693509e+01
-1.110868315237936343e+01
-1.167847314609122833e+01
-1.224661934747128456e+01
-1.281223245660022592e+01
-1.337439875143411250e+01
-1.393220725455663356e+01
-1.448477271083206475e+01
-1.503125405209302734e+01
-1.557086843037992629e+01
-1.610290124610893159e+01
-1.662671286642159885e+01
-1.714174289995683154e+01
-1.764751296289533400e+01
-1.814362883219251898e+01
-1.862978274935902334e+01
-1.910575642049093403e+01
-1.957142497950052018e+01
-2.002676186899973487e+01
-2.047184426968815174e+01
-2.090685841327841388e+01
-2.133210386594081953e+01
-2.174799570117123793e+01
-2.215506340788597583e+01
-2.255394542097808852e+01
-2.294537831717969567e+01
-2.333017998814030136e+01
-2.370922646998640815e+01
-2.408342255823402667e+01
-2.445366682773316214e+01
-2.482081218773963371e+01
-2.518562357948726316e+01
-2.554873484035986664e+01
-2.591060706354549836e+01
-2.627149095388082145e+01
-2.663139568695723369e+01
-2.699006660819167891e+01
-2.734697376061803453e+01
-2.770131271559320041e+01
-2.805201852828530562e+01
-2.839779288621634379e+01
-2.873714371545195689e+01
-2.906843571033787654e+01
-2.938994952022089890e+01
-2.969994671404484166e+01
-2.999673720215379547e+01
-3.027874556575761034e+01
-3.054457274207893036e+01
-3.079304975532252797e+01
-3.102328064370325578e+01
-3.123467239042973276e+01
-3.142695046766834110e+01
-3.160015949351634035e+01
-3.175464941535113894e+01
-3.189104850139337444e+01
-3.201022518919761239e+01
-3.211324144121298474e+01
-3.220130066795493917e+01
-3.227569345900054287e+01
-3.233774432056247150e+01
-3.238876235293751193e+01
-3.242999834743066856e+01
-3.246261017765876034e+01
-3.248763765387548119e+01
-3.250598725754100826e+01
-3.251842643304240710e+01
-3.252558643888944800e+01
-3.252797220093784603e+01
-3.252597719866834325e+01
-3.251990118501727522e+01
-3.250996849453566995e+01
-3.249634483755906444e+01
-3.247915078992674864e+01
-3.245847063640333374e+01
-3.243435577654549462e+01
-3.240682250099769846e+01
-3.237584454713857696e+01
-3.234134139161449895e+01
-3.230316369104644281e+01
-3.226107760230042487e+01
-3.221474987607260942e+01
-3.216373561325806918e+01
-3.210747040085344395e+01
-3.204526823241075562e+01
-3.197632618434355933e+01
-3.189973631602668647e+01
-3.181450472229322912e+01
-3.171957714607702172e+01
-3.161387008980555891e+01
-3.149630598601007136e+01
-3.136585072404110264e+01
-3.122155168779289980e+01
-3.106257444788141697e+01
-3.088823635463693051e+01
-3.069803547900004048e+01
-3.049167362434380379e+01
-3.026907245526991730e+01
-3.003038213276548163e+01
-2.977598218645317019e+01
-2.950647467418749414e+01
-2.922266996479557122e+01
-2.892556572102110479e+01
-2.861631986023917662e+01
-2.829621842586349700e+01
-2.796663942314484430e+01
-2.762901376456105140e+01
-2.728478453281597282e+01
-2.693536581745191327e+01
-2.658210240754524989e+01
-2.622623162904358196e+01
-2.586884859960763805e+01
-2.551087612582428577e+01
-2.515304038082491189e+01
-2.479585336763375025e+01
-2.443960298655732899e+01
-2.408435128301566408e+01
-2.372994115378807933e+01
-2.337601144250333363e+01
-2.302201997335793493e+01
-2.266727367323355224e+01
-2.231096453866066298e+01
-2.195220984761461125e+01
-2.159009472291662846e+01
-2.122371495040635025e+01
-2.085221787075219879e+01
-2.047483921015113850e+01
-2.009093390305024585e+01
-1.969999928754682017e+01
-1.930168950174367026e+01
-1.889582045833265411e+01
-1.848236538073584256e+01
-1.806144150773257451e+01
-1.763328916925728862e+01
-1.719824494805141057e+01
-1.675671103756753766e+01
-1.630912314156421061e+01
-1.585591932244856217e+01
-1.539751207721794124e+01
-1.493426561816131759e+01
-1.446647987898587573e+01
-1.399438219640696701e+01
-1.351812697834890287e+01
-1.303780301685675624e+01
-1.255344749401118598e+01
-1.206506520585909570e+01
-1.157265114627334235e+01
-1.107621436379223745e+01
-1.057580095898786610e+01
-1.007151421688797654e+01
-9.563530153782121346e+00
-9.052107176097074159e+00
-8.537589055219745759e+00
-8.020400975914240504e+00
-7.501038973250730102e+00
-6.980053585524128579e+00
-6.458028987794175002e+00
-5.935559198960023153e+00
-5.413223161082600932e+00
-4.891560559684783094e+00
-4.371050192725601136e+00
-3.852092510879682852e+00
-3.334997661015576487e+00
-2.819979983287915104e+00
-2.307159471770547920e+00
-1.796570228776743550e+00
-1.288175450509703390e+00
-7.818880114831850969e-01
-2.775952855125836116e-01
2.248135184621873062e-01
7.254194861962077745e-01
1.224247719947846758e+00
1.721244785607980443e+00
2.216261879227396925e+00
2.709045416614893398e+00
3.199236316724682005e+00
3.686378690611560760e+00
4.169937990038624420e+00
4.649327961512682350e+00
5.123945030771710485e+00
5.593208075686959546e+00
6.056600981979761045e+00
6.513714974337118768e+00
6.964287516844278159e+00
7.408234617627492469e+00
7.845673662367588008e+00
8.276934436748353718e+00
8.702556745900754009e+00
9.123273953200438768e+00
9.539982768469265295e+00
9.953700642956235356e+00
1.036551307765581953e+01
1.077651395458670613e+01
1.118774256601057715e+01
1.160012130825399268e+01
1.201439798187143637e+01
1.243109630409792210e+01
1.285047762517171499e+01
1.327251599225508549e+01
1.369688772097703122e+01
1.412297558904718819e+01
1.454988677136820030e+01
1.497648277706991138e+01
1.540141899974199902e+01
1.582319111013120860e+01
1.624018542314091107e+01
1.665073054351417525e+01
1.705314800461928471e+01
1.744580018570948710e+01
1.782713444438403982e+01
1.819572304390890594e+01
1.855029899605042232e+01
1.888978831417945869e+01
1.921333932556760971e+01
1.952034960937677610e+01
1.981049082335402645e+01
2.008373119932355877e+01
2.034035490141528513e+01
2.058097683391845578e+01
2.080655095986730885e+01
2.101836983387816815e+01
2.121805294309119105e+01
2.140752163963910348e+01
2.158895895559279765e+01
2.176475340478384979e+01
2.193742694331140797e+01
2.210954850054013932e+01
2.228363580004370093e+01
2.246204944432762218e+01
2.264688431726264994e+01
2.283986414538232879e+01
2.304224546684583430e+01
2.325473721358025969e+01
2.347744159868013014e+01
2.370982102535629110e+01
2.395069435422254855e+01
2.419826417363471194e+01
2.445017482903769235e+01
2.470359903146960079e+01
2.495534901821705631e+01
2.520200663372693484e+01
2.544006545429905941e+01
2.566607729324777409e+01
2.587679515765671212e+01
2.606930499547138069e+01
2.624113935432071187e+01
2.639036729782081636e+01
2.651565650025097653e+01
2.661630523162077466e+01
2.669224382335102064e+01
2.674400702160801302e+01
2.677268026625829123e+01
2.677982426924316073e+01
2.676738322567661399e+01
2.673758253347888214e+01
2.669282201436763557e+01
2.663557034915762145e+01
2.656826581789686870e+01
2.649322755800100992e+01
2.641258050419478920e+01
2.632819605834167476e+01
2.624164944175119274e+01
2.615419368438218584e+01
2.606674936496586170e+01
2.597990856576311813e+01
2.589395105966404032e+01
2.580887049941414801e+01
2.572440829778085103e+01
2.564009294358644908e+01
2.555528265021561296e+01
2.546920943593328701e+01
2.538102295958846710e+01
2.528983265808600578e+01
2.519474693253591724e+01
2.509490831569898717e+01
2.498952372221658891e+01
2.487788905309408705e+01
2.475940760755021586e+01
2.463360196314630457e+01
2.450011922362070038e+01
2.435872980351304307e+01
2.420932021011834934e+01
2.405188057550898861e+01
2.388648796649802364e+01
2.371328672719514685e+01
2.353246726436602643e+01
2.334424474899048718e+01
2.314883916683111309e+01
2.294645800168638061e+01
2.273728258920596446e+01
2.252145885205867515e+01
2.229909275163233673e+01
2.207025039381882792e+01
2.183496234952428949e+01
2.159323142130894269e+01
2.134504283763831722e+01
2.109037570466354694e+01
2.082921450164200650e+01
2.056155947300644371e+01
2.028743493442716073e+01
2.000689475780830406e+01
1.972002460685103387e+01
1.942694082938018596e+01
1.912778625508377317e+01
1.882272345685717596e+01
1.851192630057689570e+01
1.819557079537027278e+01
1.787382636242581668e+01
1.754684864347969864e+01
1.721477487682340168e+01
1.687772267687110173e+01
1.653579277562613825e+01
1.618907594276798179e+01
1.583766391224283332e+01
1.548166374491114183e+01
1.512121467584128709e+01
1.475650616831454087e+01
1.438779565128237792e+01
1.401542428602198065e+01
1.363982910277830563e+01
1.326154998127625539e+01
1.288123021476998709e+01
1.249960977921391780e+01
1.211751090366822226e+01
1.173581606254838405e+01
1.135543905203733139e+01
1.097729032080692591e+01
1.060223816439618361e+01
1.023106772981153512e+01
9.864439986009774231e+00
9.502852887019603401e+00
9.146606889129543561e+00
8.795776792721746062e+00
8.450191581474554070e+00
8.109423558271869226e+00
7.772787650955324423e+00
7.439351313313008696e+00
7.107954999308184085e+00
6.777242760684272227e+00
6.445702116427954209e+00
6.111711984042730528e+00
5.773597134749974380e+00
5.429687353878278167e+00
5.078379243602824999e+00
4.718198411696826966e+00
4.347859650472239323e+00
3.966322641232113533e+00
3.572840737946689327e+00
3.167000506051383724e+00
2.748749932239175742e+00
2.318413592807079038e+00
1.876693563035835233e+00
1.424655466254591163e+00
9.636997611524122931e-01
4.955191253377491667e-01
2.204354907592832175e-02
-4.546245371814483516e-01
-9.322821799464188208e-01
-1.408701502581483744e+00
-1.881705386021813586e+00
-2.349239619990081795e+00
-2.809438130689108526e+00
-3.260678333133052220e+00
-3.701624281144176631e+00
-4.131256045104870545e+00
-4.548884581121785509e+00
-4.954152194916719765e+00
-5.347019481813996222e+00
-5.727740296059431913e+00
-6.096826814313797804e+00
-6.455007095065906420e+00
-6.803177690303104264e+00
-7.142353849405417066e+00
-7.473619697150444274e+00
-7.798080503964787802e+00
-8.116818834213944456e+00
-8.430855999544050405e+00
-8.741119885251583455e+00
-9.048419881811724963e+00
-9.353429350897627614e+00
-9.656675779785947711e+00
-9.958538529840737397e+00
-1.025925383938008295e+01
-1.055892650101564811e+01
-1.085754737555832783e+01
-1.115501564489124675e+01
-1.145116444499453756e+01
-1.174578828469490155e+01
-1.203867046901853044e+01
-1.232960864601748874e+01
-1.261843660511511978e+01
-1.290504060681877796e+01
-1.318936881976059539e+01
-1.347143288734727662e+01
-1.375130121617252676e+01
-1.402908423769085111e+01
-1.430491258846160996e+01
-1.457890982398759405e+01
-1.485116185556949731e+01
-1.512168572552020507e+01
-1.539040055048757161e+01
-1.565710344118361874e+01
-1.592145293488567148e+01
-1.618296195958176042e+01
-1.644100163522256963e+01
-1.669481635542286924e+01
-1.694354966247473726e+01
-1.718627951118402208e+01
-1.742206070023434350e+01
-1.764997160704533741e+01
-1.786916195501187588e+01
-1.807889821000595632e+01
-1.827860335558341021e+01
-1.846788821981933992e+01
-1.864657217635470587e+01
-1.881469185701572755e+01
-1.897249741565888925e+01
-1.912043678824422699e+01
-1.925912922142626016e+01
-1.938933002798539107e+01
-1.951188901169121337e+01
-1.962770526939267057e+01
-1.973768111481322762e+01
-1.984267769819130578e+01
-1.994347455866636665e+01
-2.004073489445138989e+01
-2.013497782486538767e+01
-2.022655841124080567e+01
-2.031565573571053918e+01
-2.040226895407820962e+01
-2.048622095035970503e+01
-2.056716902328226837e+01
-2.064462192161525422e+01
-2.071796247938977942e+01
-2.078647506083278884e+01
-2.084937697571000115e+01
-2.090585294514747261e+01
-2.095509157940405842e+01
-2.099632267330770574e+01
-2.102885395022217807e+01
-2.105210572079345255e+01
-2.106564180278245146e+01
-2.106919501330935418e+01
-2.106268562116090592e+01
-2.104623136236597247e+01
-2.102014797865167850e+01
-2.098493972705512789e+01
-2.094127990039601883e+01
-2.088998204955078108e+01
-2.083196325335909194e+01
-2.076820138171671459e+01
-2.069968878405549972e+01
-2.062738515778725201e+01
-2.055217247428511484e+01
-2.047481474576520455e+01
-2.039592510488028765e+01
-2.031594216761860849e+01
-2.023511699243903195e+01
-2.015351119434302163e+01
-2.007100598250003642e+01
-1.998732112768913893e+01
-1.990204219439668165e+01
-1.981465384456444312e+01
-1.972457667092563582e+01
-1.963120487620071586e+01
-1.953394217574744474e+01
-1.943223356419778369e+01
-1.932559101271685620e+01
-1.921361172010400509e+01
-1.909598817518949687e+01
-1.897250995130579554e+01
-1.884305778778763241e+01
-1.870759107849078262e+01
-1.856613033470122076e+01
-1.841873649620568543e+01
-1.826548910824795513e+01
-1.810646535985594241e+01
-1.794172180108542847e+01
-1.777128023707801674e+01
-1.759511887381220419e+01
-1.741316929370386646e+01
-1.722531931699030494e+01
-1.703142129631440227e+01
-1.683130493940614159e+01
-1.662479339916037091e+01
-1.641172112643638314e+01
-1.619195188328136936e+01
-1.596539535038041002e+01
-1.573202093579188521e+01
-1.549186768082886978e+01
-1.524504952968680094e+01
-1.499175565110581232e+01
-1.473224592736163530e+01
-1.446684212593810415e+01
-1.419591559449370344e+01
-1.391987255818785130e+01
-1.363913821679419591e+01
-1.335414084564611770e+01
-1.306529699877470740e+01
-1.277299871636848749e+01
-1.247760337822266230e+01
-1.217942655673939889e+01
-1.187873793273782752e+01
-1.157576008805230749e+01
-1.127066979197170760e+01
-1.096360128018653590e+01
-1.065465098125321219e+01
-1.034388317642615540e+01
-1.003133616279710161e+01
-9.717028610536303290e+00
-9.400965932668190916e+00
-9.083146600679924632e+00
-8.763568418600108600e+00
-8.442234802641483071e+00
-8.119161096931454935e+00
-7.794380897778061978e+00
-7.467952269217365213e+00
-7.139963633955598077e+00
-6.810539033283185439e+00
-6.479842391660608492e+00
-6.148080406975282131e+00
-5.815503724562065102e+00
-5.482406145085298554e+00
-5.149121746403937827e+00
-4.816019957520225603e+00
-4.483498783631407747e+00
-4.151976524761270326e+00
-3.821882432270306662e+00
-3.493646797772967272e+00
-3.167690955670991126e+00
-2.844417608209030224e+00
-2.524201762653897063e+00
-2.207382418777438016e+00
-1.894254990812381134e+00
-1.585064316423412167e+00
-1.279998014886253754e+00
-9.791799386677270123e-01
-6.826635137052222690e-01
-3.904248965727351584e-01
-1.023560705831082079e-01
1.817417562343339177e-01
4.621638369675617475e-01
7.393058122197675441e-01
1.013664863775108893e+00
1.285837013001867701e+00
1.556509528792831443e+00
1.826447603214117699e+00
2.096474782982753915e+00
2.367447103194441294e+00
2.640221421435089866e+00
2.915619052795198840e+00
3.194386398415562489e+00
3.477154780968587211e+00
3.764402085777733831e+00
4.056419001162915983e+00
4.353282612547727304e+00
4.654839813748691491e+00
4.960702454940047801e+00
5.270255384358378592e+00
5.582677610823643555e+00
5.896975797315888279e+00
6.212028279798675001e+00
6.526636891581913957e+00
6.839583150774188880e+00
7.149684916791120948e+00
7.455849495306799746e+00
7.757119391916563522e+00
8.052707473247920689e+00
8.342019142603717796e+00
8.624660206005364316e+00
8.900430289756517510e+00
9.169302869396867450e+00
9.431394066885534500e+00
9.686923274877353052e+00
9.936169287863956257e+00
1.017942591673969055e+01
1.041696101101905647e+01
1.064898242964021513e+01
1.087561382552408240e+01
1.109688221279465736e+01
1.131271824620491451e+01
1.152296905040208230e+01
1.172742238352330268e+01
1.192583998119624233e+01
1.211799716936148563e+01
1.230372531047325246e+01
1.248295338181882563e+01
1.265574498977225737e+01
1.282232739697431612e+01
1.298310965102328041e+01
1.313868762731586060e+01
1.328983468460194572e+01
1.343747762530323797e+01
1.358265869726533204e+01
1.372648539968102099e+01
1.387007080249418856e+01
1.401446788554424216e+01
1.416060199684845955e+01
1.430920586482923795e+01
1.446076164538399667e+01
1.461545421948417456e+01
1.477313938841444774e+01
1.493332976464099282e+01
1.509520008039874028e+01
1.525761239692548088e+01
1.541916038777273990e+01
1.557823057587205540e+01
1.573307723261877555e+01
1.588190667714588677e+01
1.602296602803066605e+01
1.615463110849206885e+01
1.627548821633874354e+01
1.638440484295773558e+01
1.648058512809161158e+01
1.656360681979732874e+01
1.663343769005577144e+01
1.669043065252410329e+01
1.673529814724405895e+01
1.676906759884184694e+01
1.679302084913116744e+01
1.680862133633356947e+01
1.681743339954428862e+01
1.682103840211244616e+01
1.682095238941043647e+01
1.681854973584473711e+01
1.681499673446975862e+01
1.681119837684053309e+01
1.680776072204938032e+01
1.680497031500872041e+01
1.680279114522463857e+01
1.680087869137410550e+01
1.679860972448837231e+01
1.679512577826147535e+01
1.678938757976892404e+01
1.678023727952162858e+01
1.676646504828780593e+01
1.674687651764037710e+01
1.672035763027006183e+01
1.668593372157794619e+01
1.664282005331529390e+01
1.659046154384495964e+01
1.652856004938746537e+01
1.645708821996909066e+01
1.637628964103481266e+01
1.628666564754994184e+01
1.618894982558446927e+01
1.608407176660202964e+01
1.597311209855171477e+01
1.585725115151246278e+01
1.573771383342694996e+01
1.561571337708872242e+01
1.549239658254453822e+01
1.536879302832366179e+01
1.524577047303718125e+01
1.512399833437370766e+01
1.500392072970917390e+01
1.488574011624468696e+01
1.476941209116669995e+01
1.465465142486355532e+01
1.454094892091105962e+01
1.442759823586140300e+01
1.431373137039148347e+01
1.419836117340188153e+01
1.408042889181601609e+01
1.395885457417705311e+01
1.383258799285793472e+01
1.370065771299125679e+01
1.356221599931483013e+01
1.341657742968178368e+01
1.326324936354546935e+01
1.310195279992262662e+01
1.293263262393771917e+01
1.275545678031517660e+01
1.257080448333456957e+01
1.237924415975874481e+01
1.218150237693788540e+01
1.197842550751418322e+01
1.177093628435601680e+01
1.155998767874435806e+01
1.134651666870425224e+01
1.113140044016516939e+01
1.091541737835750858e+01
1.069921487306240415e+01
1.048328549991214764e+01
1.026795258017811108e+01
1.005336550900913828e+01
9.839504611777952547e+00
9.626194698601530320e+00
9.413125965758512237e+00
9.199880490600252259e+00
8.985962302429767234e+00
8.770828905695459810e+00
8.553922185948019674e+00
8.334696837147591353e+00
8.112644785731220054e+00
7.887314528111300405e+00
7.658324794363150723e+00
7.425372473461311351e+00
7.188235224731481132e+00
6.946769626335039582e+00
6.700906032182828653e+00
6.450641497929421320e+00
6.196032181425208840e+00
5.937186516108146073e+00
5.674260211463833414e+00
5.407453773843060141e+00
5.137012801007927010e+00
4.863230826864937129e+00
4.586454026343412593e+00
4.307086691032020020e+00
4.025596088978551812e+00
3.742515177532569570e+00
3.458441659071371355e+00
3.174032079679697915e+00
2.889990046331425866e+00
2.607048169878236621e+00
2.325943972324170606e+00
2.047390683010798185e+00
1.772044512159086427e+00
1.500470576729413752e+00
1.233110082571474253e+00
9.702515938212570301e-01
7.120091950535574199e-01
4.583100635137595247e-01
2.088934126552393633e-01
-3.667801594083193450e-02
-2.789937006990029222e-01
-5.187591776290659817e-01
-7.567498911573445897e-01
-9.937579607044296770e-01
-1.230535556194526592e+00
-1.467739090141179092e+00
-1.705878607886866183e+00
-1.945276550706173113e+00
-2.186039486064577542e+00
-2.428045468881665059e+00
-2.670948498682032657e+00
-2.914200164644456859e+00
-3.157087146231512431e+00
-3.398781894572577400e+00
-3.638402684151229582e+00
-3.875078405748558108e+00
-4.108013051578989661e+00
-4.336544861527947603e+00
-4.560195557324188798e+00
-4.778705940998952073e+00
-4.992055292703374114e+00
-5.200463359990283863e+00
-5.404375148115090788e+00
-5.604430076721124365e+00
-5.801418226984614179e+00
-5.996227281660338804e+00
-6.189784284003346571e+00
-6.382996491808586192e+00
-6.576695394267334294e+00
-6.771587439413009335e+00
-6.968214269253065751e+00
-7.166924366300158944e+00
-7.367857080122872659e+00
-7.570939108138015960e+00
-7.775892727166179519e+00
-7.982254456070005055e+00
-8.189402394321522394e+00
-8.396590228650895327e+00
-8.602985801933064280e+00
-8.807712160239503874e+00
-9.009889098716737266e+00
-9.208673370601358599e+00
-9.403295886783274327e+00
-9.593094392298205264e+00
-9.777540269470046397e+00
-9.956258291643171887e+00
-1.012903835929306950e+01
-1.029583851179851095e+01
-1.045677884437365179e+01
-1.061212637252621960e+01
-1.076227137152219271e+01
-1.090769624969963658e+01
-1.104893855458971785e+01
-1.118655020550127333e+01
-1.132105544414552512e+01
-1.145291023987859091e+01
-1.158246593385690737e+01
-1.170993973625526152e+01
-1.183539429350402727e+01
-1.195872793798269385e+01
-1.207967647288984381e+01
-1.219782648164966510e+01
-1.231263926991929125e+01
-1.242348372491129815e+01
-1.252967569073849852e+01
-1.263052096958215742e+01
-1.272535881605780084e+01
-1.281360280898607407e+01
-1.289477625887528944e+01
-1.296853980587822086e+01
-1.303470953182441860e+01
-1.309326468222572259e+01
-1.314434490122068233e+01
-1.318823764929499909e+01
-1.322535713972387050e+01
-1.325621665004657679e+01
-1.328139640424474699e+01
-1.330150937511279174e+01
-1.331716732671383774e+01
-1.332894923121423503e+01
-1.333737388004632862e+01
-1.334287810971192023e+01
-1.334580161419541788e+01
-1.334637885160380932e+01
-1.334473811123211817e+01
-1.334090739955194849e+01
-1.333482645255921994e+01
-1.332636389173298497e+01
-1.331533831581683813e+01
-1.330154195959346453e+01
-1.328476545550279475e+01
-1.326482219860885614e+01
-1.324157084707625209e+01
-1.321493458037038948e+01
-1.318491589690423282e+01
-1.315160595028190471e+01
-1.311518770213364427e+01
-1.307593249924540935e+01
-1.303419005102587924e+01
-1.299037217546188927e+01
-1.294493107192188042e+01
-1.289833324987391450e+01
-1.285103056316269488e+01
-1.280343004744827340e+01
-1.275586441343520328e+01
-1.270856509151467328e+01
-1.266163964610588799e+01
-1.261505518011643190e+01
-1.256862903222667249e+01
-1.252202765813648355e+01
-1.247477409228936907e+01
-1.242626385282450840e+01
-1.237578860308429185e+01
-1.232256636617168866e+01
-1.226577663560137843e+01
-1.220459837426922611e+01
-1.213824867143644859e+01
-1.206601975698977824e+01
-1.198731215920650861e+01
-1.190166203384248966e+01
-1.180876107794344065e+01
-1.170846793393902985e+01
-1.160081056424514756e+01
-1.148597967336664638e+01
-1.136431384453199200e+01
-1.123627757932872662e+01
-1.110243385044902809e+01
-1.096341306579468977e+01
-1.081988047755794291e+01
-1.067250404589919022e+01
-1.052192459636569666e+01
-1.036872980862762539e+01
-1.021343318098134390e+01
-1.005645866439419045e+01
-9.898131197897583888e+00
-9.738672945363411770e+00
-9.578204664414478486e+00
-9.416751370109851749e+00
-9.254251291371740962e+00
-9.090567077898709769e+00
-8.925498279980461191e+00
-8.758794282045126778e+00
-8.590167094931256742e+00
-8.419303664760100503e+00
-8.245877612707138482e+00
-8.069560531891500688e+00
-7.890033122119123554e+00
-7.706996508257106804e+00
-7.520184058254022474e+00
-7.329373893972062959e+00
-7.134402084854478687e+00
-6.935176253148054748e+00
-6.731689035917376884e+00
-6.524030575882039606e+00
-6.312398995919304312e+00
-6.097107676909569562e+00
-5.878588142566691488e+00
-5.657387470179808808e+00
-5.434159397670375036e+00
-5.209648674722382466e+00
-4.984668684775363623e+00
-4.760072904333828347e+00
-4.536721322956383418e+00
-4.315443465676387369e+00
-4.097000088855055289e+00
-3.882045914696368172e+00
-3.671095887141953451e+00
-3.464497357255529764e+00
-3.262410327656520614e+00
-3.064797419688829461e+00
-2.871424604329654962e+00
-2.681873003295089486e+00
-2.495561280453996389e+00
-2.311777370092365835e+00
-2.129717592538247661e+00
-1.948530653501541199e+00
-1.767363655657324006e+00
-1.585407110546483311e+00
-1.401936036178330847e+00
-1.216344554934315259e+00
-1.028171943238568753e+00
-8.371187809779089273e-01
-6.430526415427405551e-01
-4.460035881199481134e-01
-2.461505177243533682e-01
-4.380006014058177716e-02
1.606397722117383353e-01
3.666887105661206236e-01
5.738236174070241447e-01
7.815058144673091567e-01
9.892044306763103645e-01
1.196414414473020216e+00
1.402668522868681045e+00
1.607543300245053652e+00
1.810659720001252415e+00
2.011679716081432368e+00
2.210300222131028391e+00
2.406246526207977965e+00
2.599266723630656362e+00
2.789128814131757395e+00
2.975621570681336703e+00
3.158559757979244154e+00
3.337793650693232639e+00
3.513222173423769412e+00
3.684808417502895228e+00
3.852595849363504854e+00
4.016723258725490631e+00
4.177436431714590448e+00
4.335094683102216351e+00
4.490170734775505323e+00
4.643242941414835734e+00
4.794979499630906972e+00
4.946114964085341015e+00
5.097420069491922057e+00
5.249666457708143774e+00
5.403588373784448784e+00
5.559843688267525508e+00
5.718976696199606913e+00
5.881385038174220981e+00
6.047292799275671982e+00
6.216731401858068828e+00
6.389529370204965808e+00
6.565311455201101154e+00
6.743507025579532410e+00
6.923367106336614896e+00
7.103989012086514343e+00
7.284347204430861034e+00
7.463328812541301538e+00
7.639772179647724926e+00
7.812506819784426071e+00
7.980393264769394257e+00
8.142361415879062037e+00
8.297446163282112153e+00
8.444819184394035005e+00
8.583815960030946712e+00
8.713957166011324418e+00
8.834963709903229656e+00
8.946764811963136665e+00
9.049498687803039232e+00
9.143505600554849622e+00
9.229313319293003914e+00
9.307615342804018255e+00
9.379242613889797298e+00
9.445129828574835074e+00
9.506277802173134006e+00
9.563713648066462625e+00
9.618450719443467634e+00
9.671450319370313409e+00
9.723587092705846757e+00
9.775619763347101809e+00
9.828168494499548657e+00
9.881699662906315851e+00
9.936518296472806711e+00
9.992767887512314928e+00
1.005043681599229899e+01
1.010937024742980306e+01
1.016928614630232097e+01
1.022979397734583884e+01
1.029041475724095811e+01
1.035060133336205723e+01
1.040975806793435687e+01
1.046725944264929709e+01
1.052246741222934645e+01
1.057474758759856215e+01
1.062348447280516162e+01
1.066809601242594674e+01
1.070804762147357359e+01
1.074286569718849016e+01
1.077215038883971765e+01
1.079558717286190017e+01
1.081295659866566261e+01
1.082414146841766645e+01
1.082913072793941645e+01
1.082801947535800835e+01
1.082100473395726858e+01
1.080837695474155602e+01
1.079050756816908851e+01
1.076783324924757146e+01
1.074083784170132816e+01
1.071003307068786015e+01
1.067593923153612678e+01
1.063906697096181553e+01
1.059990108774855422e+01
1.055888700273128578e+01
1.051642022628000639e+01
1.047283883268917926e+01
1.042841868038210151e+01
1.038337093081274887e+01
1.033784134146467615e+01
1.029191084050552618e+01
1.024559701981261561e+01
1.019885637964938496e+01
1.015158737603669614e+01
1.010363452316865995e+01
1.005479393511699726e+01
1.000482073046110898e+01
9.953438642872924902e+00
9.900351988342089626e+00
9.845259849870119595e+00
9.787871990217565710e+00
9.727925643974522529e+00
9.665202017930553779e+00
9.599541102177422403e+00
9.530853303054779957e+00
9.459126478171992147e+00
9.384427197486138184e+00
9.306895451861958435e+00
9.226732558560268416e+00
9.144182616802694952e+00
9.059508485375221909e+00
8.972963831005341007e+00
8.884763263348412821e+00
8.795052881214894924e+00
8.703883673842364388e+00
8.611190126980968529e+00
8.516776089953571827e+00
8.420309483186899868e+00
8.321326814878117872e+00
8.219247778031579799e+00
8.113399477868609821e+00
8.003049154469815463e+00
7.887443665513037772e+00
7.765853527923454180e+00
7.637619003582748256e+00
7.502195577280054373e+00
7.359196196984507665e+00
7.208427827481197703e+00
7.049920166488022666e+00
6.883944774199608929e+00
6.711023325592128330e+00
6.531924195253285603e+00
6.347647096509374975e+00
6.159396005544989450e+00
5.968541101305821606e+00
5.776570932651021728e+00
5.585036483653724737e+00
5.395489241888126841e+00
5.209415767269004682e+00
5.028171600243252826e+00
4.852917605069465345e+00
4.684561993558510551e+00
4.523711278755428111e+00
4.370633237838729812e+00
4.225234592732097560e+00
4.087055537811928652e+00
3.955282458611314222e+00
3.828779224540286297e+00
3.706136350570197191e+00
3.585736174350193650e+00
3.465831075374357084e+00
3.344630758274583116e+00
3.220393829648247053e+00
3.091518396586472761e+00
2.956626266389228874e+00
2.814635566423985935e+00
2.664817232015243675e+00
2.506831792949276938e+00
2.340744160936857554e+00
2.167015583563616676e+00
1.986473468610061799e+00
1.800261275266457739e+00
1.609771984552508250e+00
1.416569701995297859e+00
1.222304622580052680e+00
1.028626851302247180e+00
8.371044135525472774e-01
6.491502335157198766e-01
4.659619661136729096e-01
2.884774348891724349e-01
1.173471582913499650e-01
-4.707584033692572417e-02
-2.047299322852769443e-01
-3.558244875606937918e-01
-5.008079143949262235e-01
-6.403273012987104051e-01
-7.751829541390650169e-01
-9.062809646930377605e-01
-1.034586560564526803e+00
-1.161080439214943416e+00
-1.286719665269546509e+00
-1.412404087370538575e+00
-1.538948675141012634e+00
-1.667061747348512535e+00
-1.797328773931449852e+00
-1.930201302665094376e+00
-2.065990557088168700e+00
-2.204865341835707149e+00
-2.346854027410677279e+00
-2.491850513718186999e+00
-2.639624150079169063e+00
-2.789833580571652316e+00
-2.942044378821351724e+00
-3.095750134374420259e+00
-3.250396379724302065e+00
-3.405406443390846416e+00
-3.560208023384610954e+00
-3.714259052273300554e+00
-3.867071307741926756e+00
-4.018230251433497102e+00
-4.167409756356220463e+00
-4.314380714276719431e+00
-4.459012966190257998e+00
-4.601270524957643104e+00
-4.741200611138832954e+00
-4.878917532821993142e+00
-5.014582853104402993e+00
-5.148383556628769675e+00
-5.280510021923979558e+00
-5.411135513782365791e+00
-5.540398650431457739e+00
-5.668389903069026126e+00
-5.795142701361887028e+00
-5.920629213402747837e+00
-6.044760397839275434e+00
-6.167389553298554539e+00
-6.288318357291911020e+00
-6.407304311458716484e+00
-6.524068609072826597e+00
-6.638303673558120011e+00
-6.749679962290218604e+00
-6.857852017234393749e+00
-6.962464121593233024e+00
-7.063156222355224223e+00
-7.159570949786690619e+00
-7.251362578234212819e+00
-7.338208602897835497e+00
-7.419824276484359160e+00
-7.495979983241347178e+00
-7.566520783835811059e+00
-7.631386911259640193e+00
-7.690633507315762785e+00
-7.744447537625898548e+00
-7.793159663168077067e+00
-7.837248928391599812e+00
-7.877338458073458227e+00
-7.914180927716563119e+00
-7.948633351362261124e+00
-7.981621636808059250e+00
-8.014096328780061285e+00
-8.046981879671823989e+00
-8.081122578395076417e+00
-8.117228832584745035e+00
-8.155827776041688182e+00
-8.197222118756220866e+00
-8.241460757821707617e+00
-8.288323948978582933e+00
-8.337324848607670091e+00
-8.387728057292651584e+00
-8.438584524868101511e+00
-8.488780919431746952e+00
-8.537100433969731839e+00
-8.582291090094761543e+00
-8.623136989547031561e+00
-8.658527700826502027e+00
-8.687521082074873391e+00
-8.709395310227275644e+00
-8.723686681033438362e+00
-8.730210786529223554e+00
-8.729065888821702757e+00
-8.720618587328747395e+00
-8.705473124322651302e+00
-8.684426796653410108e+00
-8.658414854359234525e+00
-8.628448911576766633e+00
-8.595553231400181460e+00
-8.560703255196550288e+00
-8.524770446972786075e+00
-8.488476938580435061e+00
-8.452362650719305037e+00
-8.416766592893695886e+00
-8.381822986676171539e+00
-8.347471791272321084e+00
-8.313482216960370152e+00
-8.279486953371860025e+00
-8.245024180056793384e+00
-8.209583996349319790e+00
-8.172655738469853048e+00
-8.133772736434890405e+00
-8.092551395820636984e+00
-8.048722024064971947e+00
-8.002149523867119640e+00
-7.952842877769467300e+00
-7.900953193543494457e+00
-7.846760902371914703e+00
-7.790653440806464936e+00
-7.733095358866939328e+00
-7.674593230944434907e+00
-7.615657994826683819e+00
-7.556767383793661530e+00
-7.498330969400130996e+00
-7.440660011605324087e+00
-7.383943858161125640e+00
-7.328234088282044034e+00
-7.273437003731557660e+00
-7.219314483836573260e+00
-7.165492681305051015e+00
-7.111477582359477800e+00
-7.056676113772938130e+00
-7.000421265161485884e+00
-6.941999613392416002e+00
-6.880679674897401732e+00
-6.815739656570955596e+00
-6.746493397862952435e+00
-6.672313571112279185e+00
-6.592651495814230600e+00
-6.507053209914773539e+00
-6.415171690327566623e+00
-6.316775322078900246e+00
-6.211752864381613115e+00
-6.100115253037464491e+00
-5.981994618396649699e+00
-5.857640893065486409e+00
-5.727416346894810495e+00
-5.591788331081681385e+00
-5.451320450167719933e+00
-5.306662318802928269e+00
-5.158538008784465667e+00
-5.007733253115165262e+00
-4.855081452815896093e+00
-4.701448527791234788e+00
-4.547716667482626818e+00
-4.394767069988312791e+00
-4.243461807643623018e+00
-4.094625026169796733e+00
-3.949023767034972821e+00
-3.807348797468276036e+00
-3.670195935137617216e+00
-3.538048451799572724e+00
-3.411261226727868134e+00
-3.290047382120244279e+00
-3.174468151228482693e+00
-3.064426704990422135e+00
-2.959666575489669160e+00
-2.859775166437815930e+00
-2.764192636095616162e+00
-2.672226180813069618e+00
-2.583069461133559841e+00
-2.495826608641199318e+00
-2.409539964590601269e+00
-2.323220450514892566e+00
-2.235879277387481157e+00
-2.146559590393269712e+00
-2.054366625173609240e+00
-1.958495023832217630e+00
-1.858252123307276849e+00
-1.753076268918829062e+00
-1.642549502163025643e+00
-1.526404302481031872e+00
-1.404524398673167918e+00
-1.276939986222799472e+00
-1.143817963565646023e+00
-1.005448024465107615e+00
-8.622255964059469813e-01
-7.146326985515074615e-01
-5.632178053338058321e-01
-4.085757495554463992e-01
-2.513285948203639597e-01
-9.210825935386202090e-02
6.845850129092928560e-02
2.297623414510824302e-01
3.912205895985755855e-01
5.522835169140899447e-01
7.124377859314948713e-01
8.712074246825746160e-01
1.028152819608711521e+00
1.182868335404475335e+00
1.334979247439973982e+00
1.484138704710890710e+00
1.630025425331209199e+00
1.772342755869932951e+00
1.910819601303310522e+00
2.045213560804455266e+00
2.175316387345893165e+00
2.300961645133940081e+00
2.422034181373519779e+00
2.538480780831214201e+00
2.650321150257400671e+00
2.757658209963892659e+00
2.860686571742428352e+00
2.959698064030351183e+00
3.055083245668396952e+00
3.147328021136704290e+00
3.237004735203287797e+00
3.324757464571699295e+00
3.411281621062858260e+00
3.497298409303016165e+00
3.583525111551659759e+00
3.670642568428385655e+00
3.759261559928741558e+00
3.849890033231090136e+00
3.942903246721386701e+00
4.038518889012725488e+00
4.136779074470995354e+00
4.237540815124609672e+00
