8.797388986439818837e+01
1.078161619331550440e+02
1.241925540524250238e+02
1.361803231925967168e+02
1.431994651584903409e+02
1.450564542620178088e+02
1.419437608417452168e+02
1.343976100946817098e+02
1.232222020974417518e+02
1.093926127838405051e+02
9.395031367349932339e+01
7.790464282981606914e+01
6.215102313760510810e+01
4.741294572946619468e+01
3.421052370749132621e+01
2.285452642481401853e+01
1.346179258492244379e+01
5.986098593421632863e+00
2.579684228002113167e-01
-3.972628217390831384e+00
-6.995558845723135910e+00
-9.105139803882687843e+00
-1.057192205824152431e+01
-1.162227986611942576e+01
-1.242563184509538132e+01
-1.308873662647737746e+01
-1.365641017779033284e+01
-1.411802723405178561e+01
-1.441911533827171610e+01
-1.447711053166036343e+01
-1.419990684177661500e+01
-1.350529757339580783e+01
-1.233895782920483697e+01
-1.068846076352300756e+01
-8.591112364436780169e+00
-6.134178207435874164e+00
-3.447266485689213678e+00
-6.880007125746733232e-01
1.976637889282176319e+00
4.390092324282119485e+00
6.423737503048866593e+00
7.989222079542151356e+00
9.043857279414535100e+00
9.588720571042165020e+00
9.660617824136490839e+00
9.320213299484699121e+00
8.639240370640944633e+00
7.689631436251299412e+00
6.536696309670600336e+00
5.237320875710381962e+00
3.842834277245180008e+00
2.405014418100070550e+00
9.829374670053638852e-01
-3.518039551762463524e-01
-1.513555429773921546e+00
-2.405830116999300383e+00
-2.929194911482096764e+00
-2.992484241878927254e+00
-2.525096683826108634e+00
-1.487727449467483698e+00
1.209003504215262065e-01
2.262965825251331164e+00
4.866635689443154611e+00
7.836511786594600792e+00
1.106753510951548414e+01
1.445975410461655031e+01
1.793125264571666477e+01
2.142700634834035966e+01
2.492236983801606343e+01
2.842106452354824953e+01
3.194866369134830109e+01
3.554340868646592355e+01
3.924656700435926382e+01
4.309440801733597226e+01
4.711329560150075224e+01
5.131854784338516140e+01
5.571681084113242122e+01
6.031094750094200663e+01
6.510600544173236415e+01
7.011476154119614534e+01
7.536160744939155620e+01
8.088402574883336626e+01
8.673145648591263068e+01
9.296182181562910785e+01
9.963626353169259176e+01
1.068127262593696543e+02
1.145389320377086477e+02
1.228451337513059372e+02
1.317369129137206869e+02
1.411882822904073578e+02
1.511354891298538519e+02
1.614721451363689368e+02
1.720465341398661394e+02
1.826620451756864725e+02
1.930815471560981393e+02
2.030361231753176696e+02
2.122379631374901408e+02
2.203964965121206205e+02
2.272362028446279965e+02
2.325141335184875118e+02
2.360351279026089912e+02
2.376630348122824046e+02
2.373268830453339717e+02
2.350217337153588062e+02
2.308047120798717629e+02
2.247872980949458395e+02
2.171252567842578856e+02
2.080075980753531439e+02
1.976457324477771920e+02
1.862636398645605880e+02
1.740895065819963747e+02
1.613489893834702684e+02
1.482600732228630136e+02
1.350293836464240371e+02
1.218497598908361965e+02
1.088988471822434576e+02
9.633840708662194174e+01
8.431398226320780509e+01
7.295451976126609850e+01
6.237159405569732940e+01
5.265800055029484383e+01
4.388570408420731184e+01
3.610338194079464813e+01
2.933402967190703592e+01
2.357323044460056849e+01
1.878867544970437109e+01
1.492135459599721159e+01
1.188854905105637805e+01
9.588422607521621899e+00
7.905715264170069645e+00
6.717867012056433218e+00
5.900885827716444432e+00
5.334418081688062863e+00
4.905734196796541546e+00
4.512630523458429188e+00
4.065487592252865490e+00
3.488851326485252979e+00
2.722889546576376052e+00
1.724934547102675797e+00
4.711018261478075453e-01
-1.042257952380618802e+00
-2.797695154024283148e+00
-4.756880685022575328e+00
-6.862349104477524442e+00
-9.041026612010659491e+00
-1.120953098731811615e+01
-1.328090767430833274e+01
-1.517215114011670707e+01
-1.681161282630910492e+01
-1.814527201786285104e+01
-1.914088675803960982e+01
-1.978926937470163594e+01
-2.010233376711494557e+01
-2.010808940247052945e+01
-1.984332308182360194e+01
-1.934520234060547494e+01
-1.864334005547485162e+01
-1.775389045716883274e+01
-1.667696624452810283e+01
-1.539810599668441959e+01
-1.389377783871502814e+01
-1.214012343656332682e+01
-1.012348435152602200e+01
-7.850846150231417298e+00
-5.358265779300193543e+00
-2.715624625903788836e+00
-2.661343258243983531e-02
2.576406190552988917e+00
4.942241282027604043e+00
6.914298351178551627e+00
8.345997562704697614e+00
9.116308386503330752e+00
9.143545275817078988e+00
8.395789961566928028e+00
6.896711603514360966e+00
4.726075433079953925e+00
2.014802049329978306e+00
-1.064994076604783402e+00
-4.314046686748864268e+00
-7.522705095948284182e+00
-1.048878720273916088e+01
-1.303475139463122900e+01
-1.502246735727288218e+01
-1.636409077687160973e+01
-1.702793864838850624e+01
-1.703879041094485913e+01
-1.647265576448812752e+01
-1.544668528156931053e+01
-1.410547490155114936e+01
-1.260544759259791014e+01
-1.109921280389467313e+01
-9.721759941555168538e+00
-8.580027315568717228e+00
-7.746840455309391693e+00
-7.259516707276739922e+00
-7.122704891701929775e+00
-7.314402212789101299e+00
-7.793685705302759281e+00
-8.508592091082833875e+00
-9.402796105765496293e+00
-1.042022052064960924e+01
-1.150734558278725039e+01
-1.261361690901700250e+01
-1.369082169766001655e+01
-1.469249331480860477e+01
-1.557426407334932250e+01
-1.629565296716706513e+01
-1.682316925133054752e+01
-1.713400847939385940e+01
-1.721919906554595059e+01
-1.708496771416124815e+01
-1.675139013836405866e+01
-1.624803156261160453e+01
-1.560711020316178654e+01
-1.485551944491032828e+01
-1.400759159351819960e+01
-1.306059853261530712e+01
-1.199458539701925197e+01
-1.077727537406865288e+01
-9.373643745848468711e+00
-7.758598259542508480e+00
-5.930302557598703395e+00
-3.921271085718703642e+00
-1.804569110548458699e+00
3.067505198557940460e-01
2.267610756944164585e+00
3.915505421235260464e+00
5.089675709650582469e+00
5.651924738482011712e+00
5.505795380693447427e+00
4.611113633281865631e+00
2.991702259436800571e+00
7.352131889452855340e-01
-2.014724802344249888e+00
-5.072727811672134379e+00
-8.230124482919206841e+00
-1.127514740640114788e+01
-1.401234509717752097e+01
-1.627908049087337972e+01
-1.795758511888107378e+01
-1.898174462697033960e+01
-1.933848392124307125e+01
-1.906421362863330060e+01
-1.823724573840262764e+01
-1.696736963780347196e+01
-1.538390634689656800e+01
-1.362354516845031327e+01
-1.181913285901031330e+01
-1.009035140382796314e+01
-8.536910407530792000e+00
-7.234524949819130413e+00
-6.233589680721622450e+00
-5.560142075827379848e+00
-5.218479249523397812e+00
-5.194690136432321914e+00
-5.460403728300711634e+00
-5.976221828155910742e+00
-6.694560255069404775e+00
-7.561903163948592521e+00
-8.520711232543986213e+00
-9.511355858309491040e+00
-1.047444375102841185e+01
-1.135375066157495638e+01
-1.209973731838572597e+01
-1.267334084156844654e+01
-1.304949842077023980e+01
-1.321973614110368977e+01
-1.319318767678460347e+01
-1.299560075974644491e+01
-1.266621025741364548e+01
-1.225274036904075459e+01
-1.180516400022373524e+01
-1.136911675552428491e+01
-1.097997818490871857e+01
-1.065856783399421914e+01
-1.040916825592621464e+01
-1.022022379697859051e+01
-1.006763745755200823e+01
-9.920172313263384112e+00
-9.746127932796680327e+00
-9.520258643586590352e+00
-9.229858077448264808e+00
-8.879055031208405779e+00
-8.490626041521560197e+00
-8.104987316944498588e+00
-7.776428167935868885e+00
-7.567032259774905789e+00
-7.539049676795968935e+00
-7.746691720138355386e+00
-8.228397708974046765e+00
-9.000563117932435020e+00
-1.005353309849568078e+01
-1.135038194653854582e+01
-1.282865589540682727e+01
-1.440489871155501511e+01
-1.598145281816361596e+01
-1.745477411882137986e+01
-1.872434697643818069e+01
-1.970125281980095266e+01
-2.031553028695346441e+01
-2.052164832585925680e+01
-2.030166413281507332e+01
-1.966591512897228711e+01
-1.865135762467151537e+01
-1.731788061875815998e+01
-1.574307002545339884e+01
-1.401597063230409645e+01
-1.223039873657054954e+01
-1.047831629883816262e+01
-8.843709970511717700e+00
-7.397344856990636153e+00
-6.192694557121996901e+00
-5.263286525558077855e+00
-4.621636673879550017e+00
-4.259866129002175761e+00
-4.151984689021742447e+00
-4.257686148046246899e+00
-4.527339006468055871e+00
-4.907693937735416512e+00
-5.347698385859852799e+00
-5.803743268601233574e+00
-6.243695200915475141e+00
-6.649202911923260295e+00
-7.015999997397196708e+00
-7.352225853590081961e+00
-7.675101342002268900e+00
-8.006564344094735830e+00
-8.368635249067979842e+00
-8.779303383035177433e+00
-9.249591003472888318e+00
-9.782184639647542923e+00
-1.037167890492055733e+01
-1.100613136699669070e+01
-1.166935884475133278e+01
-1.234328078013370522e+01
-1.300966692840867367e+01
-1.365086479115521101e+01
-1.424941458476751777e+01
-1.478682204514272058e+01
-1.524205641898604568e+01
-1.559048970353532049e+01
-1.580394589486951418e+01
-1.585228738509284163e+01
-1.570658259462804196e+01
-1.534346673005809158e+01
-1.474993518928465974e+01
-1.392759443228946559e+01
-1.289539928791018575e+01
-1.169013685652281431e+01
-1.036432796809211965e+01
-8.981716162150872762e+00
-7.610988910913090599e+00
-6.318720435758890197e+00
-5.162666121299006150e+00
-4.186449855276800136e+00
-3.416394770157638927e+00
-2.860825590922176698e+00
-2.511712760680483214e+00
-2.348131976041348157e+00
-2.340754649589960490e+00
-2.456506143015719790e+00
-2.662628458787416275e+00
-2.929623292934256718e+00
-3.232864616768825528e+00
-3.552982319225247210e+00
-3.875362539049136412e+00
-4.189240259922012655e+00
-4.486859070473766309e+00
-4.763055386710814076e+00
-5.015427889421118834e+00
-5.245029051883396853e+00
-5.457317263237057681e+00
-5.662978013455517434e+00
-5.878186118279179695e+00
-6.123943085714488532e+00
-6.424271339697466665e+00
-6.803254030115624573e+00
-7.281142577549272410e+00
-7.869979019170371792e+00
-8.569362837095205521e+00
-9.363100895683752256e+00
-1.021748678940084254e+01
-1.108184140767221315e+01
-1.189170125325892435e+01
-1.257467606397929494e+01
-1.305854985179086292e+01
-1.328073508301085504e+01
-1.319779623040506067e+01
-1.279353156422195781e+01
-1.208412126813426468e+01
-1.111915720076916436e+01
-9.977948327950935337e+00
-8.761264598679362692e+00
-7.579504160895653264e+00
-6.538978363535205673e+00
-5.728447687837877389e+00
-5.208098063852783177e+00
-5.002786546162023562e+00
-5.100663795626417141e+00
-5.457335300684379220e+00
-6.004742711149471113e+00
-6.663129191522608075e+00
-7.353960294750373272e+00
-8.011594103338479655e+00
-8.591830330769559154e+00
-9.076130219979106073e+00
-9.471137741656127318e+00
-9.803973152947067504e+00
-1.011445309106749413e+01
-1.044580570746358283e+01
-1.083554954930194114e+01
-1.130801213268073901e+01
-1.186955137791375847e+01
-1.250701134610373444e+01
-1.318939668673017707e+01
-1.387227413481891070e+01
-1.450406163591617492e+01
-1.503317304613513095e+01
-1.541494995979022065e+01
-1.561741555434359263e+01
-1.562510161132048836e+01
-1.544049663659981420e+01
-1.508300402300177012e+01
-1.458564501221176180e+01
-1.399005031317940606e+01
-1.334051632980082402e+01
-1.267802340622274393e+01
-1.203510384243174691e+01
-1.143230477491054842e+01
-1.087673470158980926e+01
-1.036285144289009708e+01
-9.875296442933850116e+00
-9.393263174976484109e+00
-8.895658080170537829e+00
-8.366207916748024331e+00
-7.797702451395620571e+00
-7.194726148609825955e+00
-6.574494015732866181e+00
-5.965715918700318809e+00
-5.405714969849537255e+00
-4.936268429698450255e+00
-4.598788472298313224e+00
-4.429501208324936101e+00
-4.455224395944079596e+00
-4.690214280141533187e+00
-5.134386147079947449e+00
-5.773046023249174930e+00
-6.578126234795628413e+00
-7.510803466469738510e+00
-8.525288243491280227e+00
-9.573495050156777708e+00
-1.061021932560016268e+01
-1.159835770057331494e+01
-1.251362166325016823e+01
-1.334813615795502884e+01
-1.411231380904651900e+01
-1.483447969388826770e+01
-1.555790509934839783e+01
-1.633518623934840619e+01
-1.722024953004202885e+01
-1.825863595531368944e+01
-1.947706139065096664e+01
-2.087351503227575478e+01
-2.240929877855603891e+01
-2.400439287897443918e+01
-2.553733828771649073e+01
-2.685045096332682490e+01
-2.776064305606145055e+01
-2.807545681094676837e+01
-2.761317948458560778e+01
-2.622518689851925799e+01
-2.381806519920897713e+01
-2.037269951998184325e+01
-1.595749866698250052e+01
-1.073331620974265732e+01
-4.948441586350107890e+00
1.076793805594282505e+00
6.974862846613652856e+00
1.236300950354808137e+01
1.687883002377842345e+01
2.021523500967269982e+01
2.215043968979056288e+01
2.256917858652412789e+01
2.147249556928085568e+01
1.897504133988068276e+01
1.529055188586513658e+01
1.070778333866690346e+01
5.560368282144641405e+00
1.946470216137817510e-01
-5.060552440214577175e+00
-9.918895242801161416e+00
-1.415410126668445834e+01
-1.760920200634078014e+01
-2.019783425504528296e+01
-2.189886733362150650e+01
-2.274622707223147344e+01
-2.281594286570786778e+01
-2.221227868634887770e+01
-2.105444472127256361e+01
-1.946496298952898130e+01
-1.756038559343845762e+01
-1.544478764905498736e+01
-1.320626545437933430e+01
-1.091650665960214184e+01
-8.633293880836900414e+00
-6.405511337722111342e+00
-4.279851303056543266e+00
-2.308027480859177860e+00
-5.530040652355234787e-01
9.073378548306222369e-01
1.980459467178129707e+00
2.564167422576240085e+00
2.556363433435864696e+00
1.868592845719530438e+00
4.415516430307950824e-01
-1.739925703572574145e+00
-4.635096873880094392e+00
-8.141188042025675031e+00
-1.209460076144251417e+01
-1.628004442451727485e+01
-2.044694790449203836e+01
-2.433133736122159974e+01
-2.768048454431840000e+01
-3.027718153574554805e+01
-3.196054819185169293e+01
-3.264079929870863594e+01
-3.230628082987616523e+01
-3.102216657743832329e+01
-2.892130689760915274e+01
-2.618867480335109477e+01
-2.304153769980357680e+01
-1.970782948497025799e+01
-1.640520092642127281e+01
-1.332293001067488625e+01
-1.060835617455618163e+01
-8.358855422926563250e+00
-6.619687097764840544e+00
-5.387392616653296606e+00
-4.617867322293865762e+00
-4.237795602009652995e+00
-4.157860075577621828e+00
-4.286023201673407002e+00
-4.539244053076330943e+00
-4.852237108807814892e+00
-5.182293810489100316e+00
-5.509740881531697276e+00
-5.834245624052619483e+00
-6.167815161473644281e+00
-6.525873876204513202e+00
-6.918140149100954872e+00
-7.341080052069897555e+00
-7.773455349685733040e+00
-8.175928774609374727e+00
-8.494927070617450227e+00
-8.670130030588229175e+00
-8.644216692821260040e+00
-8.373014778989340101e+00
-7.834078252357783434e+00
-7.031998625774490641e+00
-5.999389622358551222e+00
-4.793343328015525096e+00
-3.488057269451021902e+00
-2.165081419693652087e+00
-9.030693496377908414e-01
2.310541249250454288e-01
1.187976670874178575e+00
1.938099356730188738e+00
2.469875062746508032e+00
2.785221238338415617e+00
2.893439499587965980e+00
2.805319270059800196e+00
2.528948448231215451e+00
2.068245310436769735e+00
1.424488467376515244e+00
6.003341623937238358e-01
-3.948379396976104960e-01
-1.539762035244381044e+00
-2.797790427175942174e+00
-4.116148511923455544e+00
-5.428352207755104963e+00
-6.659425220418045299e+00
-7.732874129763366966e+00
-8.577968711230338883e+00
-9.135837622690697657e+00
-9.363231478672908281e+00
-9.233430655227923722e+00
-8.734511758769262002e+00
-7.865833071409748634e+00
-6.633980891132706503e+00
-5.049436968010079241e+00
-3.124887178058297188e+00
-8.754993110238695753e-01
1.679170797058134657e+00
4.512536299327339684e+00
7.588766834284874641e+00
1.086209860997849219e+01
1.427835771305664636e+01
1.777877540811888579e+01
2.130552439515681584e+01
2.480789715484316815e+01
2.824781963509828842e+01
3.160350554278950597e+01
3.487047659327861027e+01
3.805978951465884563e+01
4.119395946544403131e+01
4.430158379153198922e+01
4.741191906881688567e+01
5.055058765211257565e+01
5.373721168894228128e+01
5.698519481593255165e+01
6.030324811513515471e+01
6.369775337000681503e+01
6.717480907050372707e+01
7.074088341086792298e+01
7.440138942266774791e+01
7.815710364748748873e+01
8.199901557106008454e+01
8.590274491576376192e+01
8.982394781049620747e+01
9.369606575628841938e+01
9.743135618495404060e+01
1.009254718243244611e+02
1.040650859451624228e+02
1.067373766504157544e+02
1.088397515050032922e+02
1.102881198464566666e+02
1.110223246513746176e+02
1.110079598630673559e+02
1.102345814465989093e+02
1.087110917316574188e+02
1.064596611118645200e+02
1.035098168176698152e+02
9.989421596041231055e+01
9.564715519458488302e+01
9.080615659083062496e+01
8.541616837505637250e+01
7.953521008794827196e+01
7.323983573432285255e+01
6.662869324107255409e+01
5.982275432226473555e+01
5.296142133020791931e+01
4.619455863594270539e+01
3.967136998160277983e+01
3.352776427387864544e+01
2.787426400285764316e+01
2.278651966090070857e+01
1.830009044955149378e+01
1.441041292985970657e+01
1.107795214910245107e+01
8.237600886177913750e+00
5.810648909018929942e+00
3.717233331391689877e+00
1.887181107531967772e+00
2.675574007677460342e-01
-1.174052368768631949e+00
-2.450627926510102750e+00
-3.560423824114242297e+00
-4.493915954483772346e+00
-5.241278827577345645e+00
-5.798746030612937474e+00
-6.172609582988731525e+00
-6.380255154674347118e+00
-6.448354075931132634e+00
-6.408972784892654317e+00
-6.294775941103509354e+00
-6.134609303032019234e+00
-5.950546059383244213e+00
-5.757032243255979509e+00
-5.562193823086673206e+00
-5.370813480312210508e+00
-5.188079985604726829e+00
-5.023045709944644166e+00
-4.890825251715530619e+00
-4.812893844393677512e+00
-4.815310572384848165e+00
-4.925184057685681793e+00
-5.166104488129448669e+00
-5.553500513626061341e+00
-6.090902115840378883e+00
-6.767909937932326869e+00
-7.560338683656378400e+00
-8.432593712722397328e+00
-9.341938280767065450e+00
-1.024398404654668226e+01
-1.109853566918617496e+01
-1.187486031237353679e+01
-1.255552996558133927e+01
-1.313817832029846855e+01
-1.363479643602208213e+01
-1.406853166935319166e+01
-1.446831921611941851e+01
-1.486202780445163363e+01
-1.526909706253749199e+01
-1.569383550044579145e+01
-1.612058800218906640e+01
-1.651183574641056850e+01
-1.680994993380862823e+01
-1.694280865701616889e+01
-1.683286676632243939e+01
-1.640863675101429919e+01
-1.561700694427163683e+01
-1.443450055544613519e+01
-1.287554756748849627e+01
-1.099613799135017800e+01
-8.891828452843828501e+00
-6.689905112353301320e+00
-4.536436758914247136e+00
-2.579826958958137961e+00
-9.531369104891118660e-01
2.422271615574306258e-01
9.489613622997724596e-01
1.160458365691103610e+00
9.204229878519931685e-01
3.154602996681321603e-01
-5.382987756318198258e-01
-1.512507427129092141e+00
-2.485177435351933806e+00
-3.357634534269458904e+00
-4.067230606785397384e+00
-4.593880730075611041e+00
-4.959504477911871767e+00
-5.220614308437880879e+00
-5.455415861544578249e+00
-5.747678137296059475e+00
-6.170145318841435689e+00
-6.770308292142066087e+00
-7.560922486438737877e+00
-8.516820885417823561e+00
-9.578469906734158101e+00
-1.066154320184712745e+01
-1.167075244227510211e+01
-1.251546155310019692e+01
-1.312435105026660409e+01
-1.345663749267004761e+01
-1.350803956656645077e+01
-1.331067962768196544e+01
-1.292721959711420610e+01
-1.244053496099472866e+01
-1.194093818254554940e+01
-1.151324777868733662e+01
-1.122582893228693202e+01
-1.112317054615457756e+01
-1.122275653771186299e+01
-1.151612440255154013e+01
-1.197326913534325676e+01
-1.254908881484427141e+01
-1.319044792610018035e+01
-1.384263788170523490e+01
-1.445444748519902234e+01
-1.498157840658006101e+01
-1.538860344137117941e+01
-1.564995118009395547e+01
-1.575045313202314645e+01
-1.568582412422824746e+01
-1.546314380375371833e+01
-1.510108451289120346e+01
-1.462940952907551129e+01
-1.408723331697116166e+01
-1.351972060819739596e+01
-1.297326438463512410e+01
-1.248962738149949026e+01
-1.209993026369562408e+01
-1.181960029552878133e+01
-1.164537511588671848e+01
-1.155516872932352967e+01
-1.151110247344723447e+01
-1.146539122382028353e+01
-1.136819274349381104e+01
-1.117610876437195699e+01
-1.085986491993934777e+01
-1.040982779996187801e+01
-9.838409749313186126e+00
-9.178978221425659001e+00
-8.481506035620631323e+00
-7.805747027056655796e+00
-7.213096632683983600e+00
-6.758440097966614601e+00
-6.483194659029599016e+00
-6.410456682633179248e+00
-6.542745746410120411e+00
-6.862386533246924714e+00
-7.334173720658403894e+00
-7.909690873315530446e+00
-8.532535030714651469e+00
-9.143731194339840940e+00
-9.686770151302285470e+00
-1.011191292484543069e+01
-1.037961350118201764e+01
-1.046306583216566111e+01
-1.034995099700454624e+01
-1.004344382479947306e+01
-9.562460543825995529e+00
-8.941034301067578127e+00
-8.226643414312102109e+00
-7.477328454646391620e+00
-6.757537783722221469e+00
-6.132828199539318348e+00
-5.663782310508293172e+00
-5.399733053655106474e+00
-5.373049015781040438e+00
-5.594782173268314729e+00
-6.052385080719393962e+00
-6.709970311426443068e+00
-7.511244715251221393e+00
-8.384862820238458525e+00
-9.251577746471120633e+00
-1.003229215918307382e+01
-1.065597723962365606e+01
-1.106645840928666225e+01
-1.122725497519743065e+01
-1.112396997895875117e+01
-1.076409838659959917e+01
-1.017448992699703680e+01
-9.397006003919701200e+00
-8.483103467785772622e+00
-7.488140927091222032e+00
-6.466140480683725045e+00
-5.465575780574985387e+00
-4.526536440903595526e+00
-3.679383207297262537e+00
-2.944797063157730488e+00
-2.334965832344942704e+00
-1.855556360049529507e+00
-1.508087619042397742e+00
-1.292338438019519309e+00
-1.208476302036887384e+00
-1.258664298387575764e+00
-1.447979329036930940e+00
-1.784549585162966467e+00
-2.278891888778332042e+00
-2.942501948628307495e+00
-3.785824962805760308e+00
-4.815809227960824224e+00
-6.033315155321380630e+00
-7.430704640645347858e+00
-8.989956153092824920e+00
-1.068162505672679075e+01
-1.246488840802546250e+01
-1.428878121310390448e+01
-1.609456264002723813e+01
-1.781897425740329410e+01
-1.939800418471190824e+01
-2.077068700908384358e+01
-2.188247539016071030e+01
-2.268782249743675905e+01
-2.315179803177548479e+01
-2.325078491643585465e+01
-2.297251385531655288e+01
-2.231583180322490634e+01
-2.129062420758159746e+01
-1.991820284978130928e+01
-1.823224893597556928e+01
-1.628011567461065923e+01
-1.412401946073183900e+01
-1.184146226744282870e+01
-9.524192619761716827e+00
-7.275158015133492917e+00
-5.203214227538373926e+00
-3.415780846853901487e+00
-2.010081542462112569e+00
-1.063985003311557431e+00
-6.276830156227821700e-01
-7.174515360107530659e-01
-1.312527754946832603e+00
-2.355734615014444255e+00
-3.757964128603131115e+00
-5.406083144847824151e+00
-7.173343116721930812e+00
-8.931036673465733600e+00
-1.055999784783928952e+01
-1.196060439073621318e+01
-1.306019028484664268e+01
-1.381716673966562681e+01
-1.422161470784345205e+01
-1.429257861122793472e+01
-1.407269143720360383e+01
-1.362104212448024221e+01
-1.300532541750576421e+01
-1.229428587961937502e+01
-1.155130047596222909e+01
-1.082967781013509878e+01
-1.016993924089916135e+01
-9.599042770446679640e+00
-9.131262009487315368e+00
-8.770270745244015842e+00
-8.511919246920397697e+00
-8.347212061916474468e+00
-8.265084442167054846e+00
-8.254694499149799469e+00
-8.307071077031499939e+00
-8.416061696961712357e+00
-8.578600735878037398e+00
-8.794366064371239133e+00
-9.064920704746374014e+00
-9.392455024174262590e+00
-9.778262682190076660e+00
-1.022110334693361189e+01
-1.071562517487631538e+01
-1.125103462448910818e+01
-1.181020338903643463e+01
-1.236938602168841328e+01
-1.289868349217160670e+01
-1.336332669803548789e+01
-1.372577226118651872e+01
-1.394850643022912884e+01
-1.399735089668587307e+01
-1.384496989675758272e+01
-1.347420734679336007e+01
-1.288085308147862662e+01
-1.207546273285504057e+01
-1.108394280201961202e+01
-9.946755296200239016e+00
-8.716775186914912155e+00
-7.456017025620956140e+00
-6.231596691426813273e+00
-5.111376362980267096e+00
-4.159735006592889306e+00
-3.433813872635282927e+00
-2.980431156224543354e+00
-2.833685636416205522e+00
-3.013127532500842420e+00
-3.522311407916218773e+00
-4.347585474237241954e+00
-5.457108389906586865e+00
-6.800280674553173199e+00
-8.307970525073528734e+00
-9.894031464970982626e+00
-1.145859135201846613e+01
-1.289340868096453896e+01
-1.408925595534927844e+01
-1.494485954259840632e+01
-1.537649418185472783e+01
-1.532700537405047747e+01
-1.477290845478727022e+01
-1.372834481063001810e+01
-1.224506290942145803e+01
-1.040817408662236687e+01
-8.328101283400282995e+00
-6.129759746480087479e+00
-3.940455319698636494e+00
-1.878168021839568436e+00
-4.177290101411085949e-02
1.495632893545854269e+00
2.689693112847812539e+00
3.524070787710090080e+00
4.006636431043263613e+00
4.163567989498102584e+00
4.032550275933042272e+00
3.656216080755323006e+00
3.076731602592887249e+00
2.332066458239011375e+00
1.454089818644079601e+00
4.682816345713829986e-01
-6.053960124964309353e-01
-1.751025011436851742e+00
-2.955173718894739121e+00
-4.205624147174352068e+00
-5.490539217805983974e+00
-6.798008921965234208e+00
-8.115749176860022729e+00
-9.430653989304330409e+00
-1.072793790083253640e+01
-1.198974307201302736e+01
-1.319329084795474749e+01
-1.430888071569176745e+01
-1.529822276003654835e+01
-1.611368107901634517e+01
-1.669897030431885554e+01
-1.699167620699151371e+01
-1.692768419668435342e+01
-1.644724283558417710e+01
-1.550202855611253128e+01
-1.406228479021594069e+01
-1.212294910133038073e+01
-9.707701130276907620e+00
-6.870077463628019743e+00
-3.691186426936204246e+00
-2.740607321690229359e-01
3.264774430330589450e+00
6.805463356781034534e+00
1.023533679120384576e+01
1.345831485566762531e+01
1.640188959358214760e+01
1.902078002091350939e+01
2.129691879117764941e+01
2.323605562592210561e+01
2.486182594571548776e+01
2.620852264118913055e+01
2.731395073648865690e+01
2.821361903058875953e+01
2.893716780162068858e+01
2.950743270876905910e+01
2.994201264203860902e+01
3.025675172655614631e+01
3.047024411607936756e+01
3.060836268476902333e+01
3.070789087238000548e+01
3.081855491847068151e+01
3.100304539823237349e+01
3.133491599232796787e+01
3.189450366771827916e+01
3.276320334136065071e+01
3.401655269752752275e+01
3.571665822180791139e+01
3.790454666443723397e+01
4.059307519399021658e+01
4.376108060361840302e+01
4.734947608020474519e+01
5.125998110081609838e+01
5.535705897117158969e+01
5.947340939507336799e+01
6.341901517040504643e+01
6.699329988683528825e+01
6.999947843007674919e+01
7.225976068510082939e+01
7.362979546884918136e+01
7.401069539957929067e+01
7.335720472244928203e+01
7.168104707864276293e+01
6.904914665142165120e+01
6.557713518119481932e+01
6.141919850826140248e+01
5.675575027150416929e+01
5.178056125678201482e+01
4.668880066915497196e+01
4.166701272514119836e+01
3.688547120342379770e+01
3.249277152408095759e+01
2.861207688863834520e+01
2.533823594271587964e+01
2.273507459564681454e+01
2.083250122695131168e+01
1.962355505194247840e+01
1.906203341013441843e+01
1.906170869363623055e+01
1.949826980910297181e+01
2.021493226908648211e+01
2.103216359225358545e+01
2.176124898397915075e+01
2.222061805462015371e+01
2.225313966793627785e+01
2.174213660827548011e+01
2.062379910952658335e+01
1.889403680008696540e+01
1.660856219615525475e+01
1.387601811855031997e+01
1.084505523690603468e+01
7.687219683044631324e+00
4.578133717345362896e+00
1.679622242664005727e+00
-8.748709974773615228e-01
-2.989943978559419513e+00
-4.612290298808813915e+00
-5.729446883788938294e+00
-6.364352151656857082e+00
-6.567329690052034152e+00
-6.407225931869572122e+00
-5.963183947442630917e+00
-5.318032628965638331e+00
-4.553660532551277562e+00
-3.748181308982304838e+00
-2.974306024522607839e+00
-2.298182872974986690e+00
-1.778048066892605528e+00
-1.462298225611970315e+00
-1.386954114496055102e+00
-1.572838059996420901e+00
-2.023046268816968141e+00
-2.721406011460056007e+00
-3.632546580638333467e+00
-4.703998221847090377e+00
-5.870409238900721860e+00
-7.059600277038811988e+00
-8.199824678349287410e+00
-9.227338613434845627e+00
-1.009325446694310990e+01
-1.076868461342449379e+01
-1.124738315653499754e+01
-1.154543555861168436e+01
-1.169798002151891581e+01
-1.175340084194419887e+01
-1.176583549949162055e+01
-1.178711195966364222e+01
-1.185932764920800153e+01
-1.200917427218105971e+01
-1.224481726970214623e+01
-1.255570542196590900e+01
-1.291519273889554498e+01
-1.328539241026502360e+01
-1.362333721601176073e+01
-1.388735559974415246e+01
-1.404261440003685024e+01
-1.406501263722086215e+01
-1.394298165157386471e+01
-1.367717451040383203e+01
-1.327842259889670906e+01
-1.276462144771067031e+01
-1.215733074405497760e+01
-1.147882235369867132e+01
-1.075011056247584129e+01
-9.990206332556107682e+00
-9.216523333794269135e+00
-8.446097386411469898e+00
-7.697115178275912406e+00
-6.990208032251917558e+00
-6.349047618883457034e+00
-5.799953124436563634e+00
-5.370438451544560898e+00
-5.086845334356512538e+00
-4.971383441887775589e+00
-5.039006465469917373e+00
-5.294586094078839622e+00
-5.730810852053163096e+00
-6.327150390101470734e+00
-7.050106960862541072e+00
-7.854840767176038518e+00
-8.688115769916684883e+00
-9.492374023270542693e+00
-1.021061485095082411e+01
-1.079163763461079739e+01
-1.119511596087478900e+01
-1.139592351912338231e+01
-1.138714733607322849e+01
-1.118131665496828830e+01
-1.080955060135165979e+01
-1.031857366927676978e+01
-9.765836414970518575e+00
-9.213266026873906611e+00
-8.720406414592170918e+00
-8.337841650468519106e+00
-8.101795561424475878e+00
-8.030652884716012352e+00
-8.123870512938607291e+00
-8.363384375719675745e+00
-8.717230829139987591e+00
-9.144760322006206366e+00
-9.602587630560261545e+00
-1.005033914801708406e+01
-1.045533699243776304e+01
-1.079558419342125575e+01
-1.106073973710076963e+01
-1.125113373441742759e+01
-1.137520344078170176e+01
-1.144597092774680824e+01
-1.147729358889237261e+01
-1.148058703354290522e+01
-1.146256223135552688e+01
-1.142427461208940009e+01
-1.136150621821082574e+01
-1.126624952923255840e+01
-1.112888056123846958e+01
-1.094052818224523627e+01
-1.069517200787741906e+01
-1.039111602134458501e+01
-1.003165552002704253e+01
-9.624939375595024771e+00
-9.183187875464527750e+00
-8.721528694712869623e+00
-8.256745288445632269e+00
-7.806195180621931407e+00
-7.387066225816823817e+00
-7.016021760716173894e+00
-6.709168222868959752e+00
-6.482186022808380521e+00
-6.350413987561052132e+00
-6.328678198342545080e+00
-6.430706595086330246e+00
-6.668061732206558290e+00
-7.048639124572989800e+00
-7.574896919494600311e+00
-8.242081977678934024e+00
-9.036777625882994158e+00
-9.936104631625502392e+00
-1.090785319353785532e+01
-1.191171431039320083e+01
-1.290162874740464360e+01
-1.382910432800171563e+01
-1.464719503033160386e+01
-1.531471473541500394e+01
-1.580019440138662645e+01
-1.608509373608128712e+01
-1.616584561971307465e+01
-1.605443237837159742e+01
-1.577735019580591569e+01
-1.537299227543355862e+01
-1.488765519950916350e+01
-1.437053175428988538e+01
-1.386818537619132030e+01
-1.341909516263351421e+01
-1.304890410360633624e+01
-1.276698394994660113e+01
-1.256483661927074813e+01
-1.241667904761720997e+01
-1.228231218047114837e+01
-1.211207710309745167e+01
-1.185338996140446000e+01
-1.145807214233482973e+01
-1.088950637595849891e+01
-1.012859802876042004e+01
-9.177629122866770572e+00
-8.061357456128313004e+00
-6.825100486018790491e+00
-5.529992594614802748e+00
-4.246038571867615019e+00
-3.043928893985980544e+00
-1.986772601636581648e+00
-1.122908799867694318e+00
-4.807805486135312556e-01
-6.653133081758776102e-02
1.354247232134475898e-01
1.590303482098416599e-01
5.095085833971234324e-02
-1.365163158163008594e-01
-3.530467535607963447e-01
-5.574606946991098599e-01
-7.236156066096274264e-01
-8.443545450409772890e-01
-9.330710637737305024e-01
-1.022696185555768800e+00
-1.162159315903458445e+00
-1.410613578731225948e+00
-1.829940673937141993e+00
-2.476252155167406155e+00
-3.391267216408008878e+00
-4.594548064804948595e+00
-6.077584825463567597e+00
-7.800617549566097431e+00
-9.692849925165569758e+00
-1.165635426093759897e+01
-1.357352136449515356e+01
-1.531742712839998255e+01
-1.676404216903890898e+01
-1.780487903669785865e+01
-1.835852054612559314e+01
-1.837954476171568885e+01
-1.786366258677813690e+01
-1.684837682917237700e+01
-1.540908335735741552e+01
-1.365116621526725105e+01
-1.169918289259098110e+01
-9.684600953047914018e+00
-7.733673558850505003e+00
-5.956915134711239901e+00
-4.441293416626701962e+00
-3.245764163257351509e+00
-2.400236588370074919e+00
-1.907569522277467566e+00
-1.747839995386150092e+00
-1.883943284944116225e+00
-2.267582855465513525e+00
-2.844860492179607903e+00
-3.560926970909261691e+00
-4.363437772368802037e+00
-5.204817509535868858e+00
-6.043527608110975002e+00
-6.844632330311797297e+00
-7.579967676039892410e+00
-8.228152532823028054e+00
-8.774569407412201372e+00
-9.211315791324810931e+00
-9.537018520880566896e+00
-9.756338687316684855e+00
-9.878990667655859426e+00
-9.918160373377903127e+00
-9.888325754781295274e+00
-9.802634534779938846e+00
-9.670147420471311150e+00
-9.493372555236510024e+00
-9.266564941290731383e+00
-8.975220635646023126e+00
-8.597055306143408515e+00
-8.104536703157647182e+00
-7.468776353145677227e+00
-6.664325627699732024e+00
-5.674216547232270536e+00
-4.494481516219522632e+00
-3.137404468669897639e+00
-1.632901139007777447e+00
-2.767677796990647421e-02
1.617875718670646501e+00
3.234748229322040203e+00
4.751787259601909064e+00
6.102790074666898157e+00
7.233371011402430106e+00
8.106776560483703875e+00
8.707969141963019410e+00
9.045519724545037832e+00
9.151113074404015890e+00
9.076740476399480784e+00
8.889902360556398264e+00
8.667344567752193640e+00
8.487992365534569927e+00
8.425817665826306424e+00
8.543373480018543020e+00
8.886655001916311747e+00
9.481802226686356860e+00
1.033395398107176177e+01
1.142831515714497037e+01
1.273323453928766114e+01
1.420484411309027095e+01
1.579261904198705579e+01
1.744511297643465042e+01
1.911512627216707116e+01
2.076367735259539060e+01
2.236235230301148746e+01
2.389387010402831280e+01
2.535097572179291703e+01
2.673401452447903992e+01
2.804771127877937786e+01
2.929775231904200439e+01
3.048774543920708169e+01
3.161702083767678317e+01
3.267956330504128459e+01
3.366416328063179009e+01
3.455567603907514496e+01
3.533711358089498589e+01
3.599218427770188100e+01
3.650785216605081729e+01
3.687651117205670914e+01
3.709744940870531593e+01
3.717739696530887272e+01
3.713008495542834453e+01
3.697487194505443142e+01
3.673459906406468889e+01
3.643290816883323657e+01
3.609129859159731524e+01
3.572621463492880878e+01
3.534645793133498870e+01
3.495121284924837823e+01
3.452895843045357793e+01
3.405750718158494550e+01
3.350534404808404787e+01
3.283432415162113216e+01
3.200362173666348298e+01
3.097461901143415375e+01
2.971621551216478352e+01
2.820987416194385844e+01
2.645365019165527087e+01
2.446451187225096291e+01
2.227846890146890857e+01
1.994835121188924276e+01
1.753946977554052822e+01
1.512376129152636750e+01
1.277328747645467821e+01
1.055406344891624393e+01
8.521102060890571650e+00
6.715300965953000301e+00
5.162426809600570543e+00
3.874051811852245120e+00
2.849961045131313320e+00
2.081343361667620684e+00
1.554038747522537456e+00
1.251231450693962355e+00
1.155206587841538068e+00
1.248061286176652018e+00
1.511510300883710523e+00
1.926096268958933155e+00
2.470179414180608379e+00
3.119044391016025042e+00
3.844352375495936336e+00
4.614028094352551790e+00
5.392548487150967240e+00
6.141525027762081201e+00
6.820459469997155466e+00
7.387596680213361466e+00
7.800875649959614577e+00
8.019059431357911549e+00
8.003175641475353430e+00
7.718398676835246164e+00
7.136443853769579349e+00
6.238428852504593003e+00
5.018009681139876221e+00
3.484447426644089685e+00
1.665142937694413128e+00
-3.928786719806452998e-01
-2.623020207752042143e+00
-4.941060729957744257e+00
-7.249146110173113833e+00
-9.441695160718944990e+00
-1.141280433642833714e+01
-1.306447554751164830e+01
-1.431481308963583743e+01
-1.510527357970772577e+01
-1.540612363397597484e+01
-1.521945602493032013e+01
-1.457940496673139741e+01
-1.354953678173189680e+01
-1.221771865010851066e+01
-1.068903570781096057e+01
-9.077500776157506834e+00
-7.497367586199477962e+00
-6.054824556050924400e+00
-4.840735042181628422e+00
-3.924932388840078001e+00
-3.352403929822971751e+00
-3.141529459006460190e+00
-3.284387834450002153e+00
-3.749011776650780892e+00
-4.483351481550053919e+00
-5.420598368790609634e+00
-6.485421900233656167e+00
-7.600592756875248490e+00
-8.693418524592042118e+00
-9.701419140692879139e+00
-1.057673074694479176e+01
-1.128885135206630075e+01
-1.182552063923303720e+01
-1.219173792079774366e+01
-1.240713637452608076e+01
-1.250211532940210013e+01
-1.251325695083167666e+01
-1.247860135692322103e+01
-1.243332155343919787e+01
-1.240623777449199849e+01
-1.241746234587270514e+01
-1.247729903142365337e+01
-1.258636188182409477e+01
-1.273674817022578765e+01
-1.291400878440199662e+01
-1.309960874705529399e+01
-1.327355514217041588e+01
-1.341688215656106387e+01
-1.351371734930402368e+01
-1.355270734083064355e+01
-1.352765542868669435e+01
-1.343731858413050873e+01
-1.328442317718590893e+01
-1.307407688469696261e+01
-1.281186042929181212e+01
-1.250195453952647995e+01
-1.214567367963018008e+01
-1.174072582936209130e+01
-1.128139799149081846e+01
-1.075969749419032873e+01
-1.016729080794149098e+01
-9.497913196532365987e+00
-8.749811001567220359e+00
-7.927749645274742463e+00
-7.044182753467497449e+00
-6.119319436172986570e+00
-5.180018830310280542e+00
-4.257644468717670883e+00
-3.385185911508825196e+00
-2.594069417072774719e+00
-1.911115799033638485e+00
-1.356061608165971100e+00
-9.399543711342774888e-01
-6.645891530246954559e-01
-5.230011638691896003e-01
-5.008935373863601104e-01
-5.787789754188961133e-01
-7.345568437200462597e-01
-9.462321352407419006e-01
-1.194501140199607070e+00
-1.464969008585487398e+00
-1.749815245363297134e+00
-2.048775983473343221e+00
-2.369362209245084561e+00
-2.726280501004053392e+00
-3.140069623242796482e+00
-3.635015852889508459e+00
-4.236464721800754951e+00
-4.967707003608614613e+00
-5.846678782809453523e+00
-6.882771944382320761e+00
-8.074091683706505762e+00
-9.405509068821277907e+00
-1.084782736441160544e+01
-1.235830266188090398e+01
-1.388263140249462602e+01
-1.535834844552362100e+01
-1.671938890010980927e+01
-1.790138365780244811e+01
-1.884711601057507835e+01
-1.951149687280570433e+01
-1.986544164349411901e+01
-1.989815920472271316e+01
-1.961757921601513388e+01
-1.904891395520282416e+01
-1.823162697850611735e+01
-1.721530936164197456e+01
-1.605509894709081209e+01
-1.480729132036654505e+01
-1.352568214283187586e+01
-1.225897596106886134e+01
-1.104934593320590075e+01
-9.931991677293188658e+00
-8.935373508715921176e+00
-8.081736477295789811e+00
-7.387584136997869422e+00
-6.863896946302609159e+00
-6.516067122630120778e+00
-6.343683966061147927e+00
-6.340400581534228586e+00
-6.494114859174180410e+00
-6.787604511612268965e+00
-7.199597962002105334e+00
-7.706091664119602669e+00
-8.281598575072139923e+00
-8.899980045791318517e+00
-9.534596924666482565e+00
-1.015770397717060725e+01
-1.073926068975852743e+01
-1.124557435828427288e+01
-1.163835580214915133e+01
-1.187479617415652555e+01
-1.190913867649909186e+01
-1.169593617061555335e+01
-1.119480953256301703e+01
-1.037613562379364396e+01
-9.226790151981742127e+00
-7.754927510194249862e+00
-5.992840472751158387e+00
-3.997204591239675420e+00
-1.846425753051546437e+00
3.647101219630403679e-01
2.532438513870905794e+00
4.552497890289950000e+00
6.328580583098927015e+00
7.779704586611162931e+00
8.845696321022593622e+00
9.490327001924962147e+00
9.702032254618838891e+00
9.492488238462780004e+00
8.893559542141403540e+00
7.953246415568354877e+00
6.731245482859010032e+00
5.294628559630349507e+00
3.713982155880781288e+00
2.060180088558827727e+00
4.018179206429551842e-01
-1.196760343398069359e+00
-2.676962536163026929e+00
-3.987104155867906563e+00
-5.083330852158434610e+00
-5.930387266880249975e+00
-6.502275334138903240e+00
-6.782807572109485150e+00
-6.766023956423174113e+00
-6.456406568978869664e+00
-5.868798759143050603e+00
-5.027922191515100891e+00
-3.967393952329307805e+00
-2.728182534177715279e+00
-1.356505963285700167e+00
9.874021950290577665e-02
1.588848120365042194e+00
3.068204247669005458e+00
4.496945727542917659e+00
5.843080766879642063e+00
7.083846235278052461e+00
8.206176450723853932e+00
9.206283157910293724e+00
1.008847254783890790e+01
1.086342590090380078e+01
1.154622675020234013e+01
1.215442052536443640e+01
1.270634589470026476e+01
1.321989471928617021e+01
1.371176026234902778e+01
1.419714208190141314e+01
1.468980668786183941e+01
1.520236272033253044e+01
1.574659635218526255e+01
1.633371915601932045e+01
1.697439807976102344e+01
1.767846046090517831e+01
1.845419743885001651e+01
1.930723325230307452e+01
2.023899317888355753e+01
2.124489152275664594e+01
2.231246491355948791e+01
2.341977494399007753e+01
2.453446872326483685e+01
2.561388624022142935e+01
2.660651889208601517e+01
2.745495208090311223e+01
2.810018749118590975e+01
2.848697958590385682e+01
2.856959014958408716e+01
2.831721734171916438e+01
2.771832968544432418e+01
2.678324341578707291e+01
2.554450744392338990e+01
2.405496260528223118e+01
2.238366470320837109e+01
2.061014641156891258e+01
1.881769480878551093e+01
1.708641271394493089e+01
1.548680989271542074e+01
1.407455214082561135e+01
1.288681366449164933e+01
1.194046765292222290e+01
1.123214503099091921e+01
1.074001681016546605e+01
1.042702452092220433e+01
1.024519830709237489e+01
1.014065768035095694e+01
1.005887580985032770e+01
9.949794578556932834e+00
9.772397622959051233e+00
9.498380317726237365e+00
9.114602456411054376e+00
8.624078024727367620e+00
8.045354185586740314e+00
7.410262037200715746e+00
6.760181117562946262e+00
6.141134459367151521e+00
5.598198052161780680e+00
5.169838212521044696e+00
4.882852622677275711e+00
4.748562855734430599e+00
4.760779501096171984e+00
4.895845597575675612e+00
5.114788839184084779e+00
5.367321040006395094e+00
5.597163612492971119e+00
5.747995089916295264e+00
5.769242203215203091e+00
5.620981159346493783e+00
5.277370502603576874e+00
4.728272552789712257e+00
3.978995859155068260e+00
3.048361081379151738e+00
1.965515588736769459e+00
7.660662663494963720e-01
-5.118520139071598418e-01
-1.831005011112311065e+00
-3.157552954345811624e+00
-4.462372764933848934e+00
-5.721192425302540130e+00
-6.913729971537319940e+00
-8.022191546091445247e+00
-9.029571873296035278e+00
-9.918203669673586020e+00
-1.066892330906883934e+01
-1.126107757514188989e+01
-1.167342115004045766e+01
-1.188578202798571759e+01
-1.188123468861281040e+01
-1.164844106251053013e+01
-1.118380547742185804e+01
-1.049313593022395352e+01
-9.592593142114516525e+00
-8.508818423512593654e+00
-7.278239532024187497e+00
-5.945643945354228244e+00
-4.562172363832956989e+00
-3.182920029252527705e+00
-1.864342661758023656e+00
-6.616525173052689723e-01
3.736368784665760057e-01
1.195897364225958270e+00
1.767230590487640196e+00
2.058945795379908628e+00
2.052690692833476049e+00
1.741285203408507121e+00
1.129313800216171337e+00
2.335081073305550758e-01
-9.171022395145532746e-01
-2.281365444719287705e+00
-3.806677849953895798e+00
-5.430363156203037001e+00
-7.081969988429386298e+00
-8.686622379632160218e+00
-1.016941032471422446e+01
-1.146060432502730464e+01
-1.250125483670214876e+01
-1.324854408870712064e+01
-1.368014588821878341e+01
-1.379686050137868847e+01
-1.362294583580457719e+01
-1.320385225183944833e+01
-1.260144482313647707e+01
-1.188719814050506152e+01
-1.113419835195777630e+01
-1.040901431714553915e+01
-9.764555356051008772e+00
-9.234900821743813992e+00
-8.832787306799659177e+00
-8.550026182691123466e+00
-8.360672421663043252e+00
-8.226356320219222695e+00
-8.102893554053524738e+00
-7.947152791603707023e+00
-7.723198828028580820e+00
-7.406924736220662275e+00
-6.988693141971594969e+00
-6.473861665594479398e+00
-5.881404232072022786e+00
-5.241100811650919233e+00
-4.589914907124195587e+00
-3.968197207366126023e+00
-3.416256752994782708e+00
-2.971659652194427625e+00
-2.667394254858850733e+00
-2.530828174673350084e+00
-2.583218129463902724e+00
-2.839446922731411416e+00
-3.307665019043970922e+00
-3.988601699986010996e+00
-4.874462060431064891e+00
-5.947509265188218208e+00
-7.178608889313773389e+00
-8.526146319808786345e+00
-9.935787728433293609e+00
-1.134152014194586222e+01
-1.266827238489896423e+01
-1.383619969236415592e+01
-1.476644137897632802e+01
-1.538787741834279998e+01
-1.564416719056781524e+01
-1.550020076070096486e+01
-1.494706664661003082e+01
-1.400475661380314030e+01
-1.272207883793852368e+01
-1.117360169880521248e+01
-9.453847280330373692e+00
-7.669331709804414032e+00
-5.929346037323417029e+00
-4.336537815104951399e+00
-2.978364755714846268e+00
-1.920350575546790006e+00
-1.201808405067407826e+00
-8.343572643661523180e-01
-8.031989482467783992e-01
-1.070800132868374499e+00
-1.582378850883624732e+00
-2.272448678427591684e+00
-3.071632135821079856e+00
-3.913005826071063620e+00
-4.737363593864714062e+00
-5.496957639777438231e+00
-6.157479800380279755e+00
-6.698257762803591753e+00
-7.110847120572389102e+00
-7.396382529639985215e+00
-7.562190446309410952e+00
-7.618241994434281850e+00
-7.574020886884168746e+00
-7.436290925258954410e+00
-7.208078103764529843e+00
-6.888958355425487845e+00
-6.476502313625469576e+00
-5.968518539019404656e+00
-5.365597852453970695e+00
-4.673420577520082553e+00
-3.904350972939071962e+00
-3.077991592551291955e+00
-2.220569726911946873e+00
-1.363235296066347635e+00
-5.395242711082480769e-01
2.176444215816288608e-01
8.790290561610754061e-01
1.421798795258600201e+00
1.831633824107656405e+00
2.103989490950770147e+00
2.244433473590872197e+00
2.268067086852774583e+00
2.198125170135915241e+00
2.063910174124709229e+00
1.898255793198447172e+00
1.734736428359770599e+00
1.604844126097707324e+00
1.535347511977616097e+00
1.546030425038467992e+00
1.647983804442967548e+00
1.842594350990083951e+00
2.121337665187041033e+00
2.466440330284331406e+00
2.852421942808173849e+00
3.248461765574112814e+00
3.621455181887833774e+00
3.939536643391910342e+00
4.175758252726447850e+00
4.311541738667713730e+00
4.339484483256093483e+00
4.265114326587976734e+00
4.107263925553275463e+00
3.896874099028878824e+00
3.674225044273905727e+00
3.484810835798697326e+00
3.374283971542186844e+00
3.383067702983026948e+00
3.541332779700091304e+00
3.865039874918365204e+00
4.353650946393911703e+00
4.989919295857847992e+00
5.741901078617391185e+00
6.567024240562183479e+00
7.417745461379296579e+00
8.248065025343755963e+00
9.019993956924267309e+00
9.709009450274471931e+00
1.030761297855002745e+01
1.082632299901306361e+01
1.129177354983354675e+01
1.174201313578129202e+01
1.221954817337411825e+01
1.276308199172282443e+01
1.339919099387187629e+01
1.413529112920803676e+01
1.495514146229002428e+01
1.581780442302577505e+01
1.666047329823898338e+01
1.740496507244004221e+01
1.796706650025571861e+01
1.826742613623645894e+01
1.824240107539949918e+01
1.785325178427481774e+01
1.709233621163350847e+01
1.598543504963430095e+01
1.458994941952597379e+01
1.298933402055759601e+01
1.128465085882625552e+01
9.584467677318999179e+00
7.994442226376401450e+00
6.607837655621043638e+00
5.497954077831860964e+00
4.713107376469834797e+00
4.274411362379812118e+00
4.176281606165261451e+00
4.389313221125666686e+00
4.865001302317859988e+00
5.541665620024819994e+00
6.350897878766603277e+00
7.223859966197712978e+00
8.096821140003616080e+00
8.915432031532157353e+00
9.637393929730368569e+00
1.023338570522363611e+01
1.068633847717125107e+01
1.098936842087095300e+01
1.114285348085938665e+01
1.115123588626211060e+01
1.102012817208229123e+01
1.075419520225396219e+01
1.035609995079434498e+01
9.826575687247881774e+00
9.165469007687891079e+00
8.373430458096196460e+00
7.453841699372145690e+00
6.414569145888511237e+00
5.269211730812680017e+00
4.037637144058993321e+00
2.745741984047739503e+00
1.424495126922362465e+00
1.084092708030336555e-01
-1.166373653552062795e+00
-2.364195112175116353e+00
-3.452023378521820174e+00
-4.401487470836296545e+00
-5.190681624744894584e+00
-5.805628845640255165e+00
-6.241292409204524105e+00
-6.502025843890170798e+00
-6.601366254008390833e+00
-6.561111346256097043e+00
-6.409679586229159121e+00
-6.179830591850181243e+00
-5.905907935677380927e+00
-5.620844217462013681e+00
-5.353223759727450570e+00
-5.124719851855375374e+00
-4.948204675145275289e+00
-4.826770595533767860e+00
-4.753807056630384942e+00
-4.714158429965349839e+00
-4.686259054766723331e+00
-4.645018584688632046e+00
-4.565130297263428005e+00
-4.424412335988486156e+00
-4.206778305849888433e+00
-3.904474532393170882e+00
-3.519313983537248891e+00
-3.062769943650462956e+00
-2.554946735680976300e+00
-2.022595740684351995e+00
-1.496467609081379990e+00
-1.008365300051810909e+00
-5.882758785661651446e-01
-2.619121156493468550e-01
-4.890002427553103576e-02
3.827324100161778181e-02
-5.440147600842206062e-03
-1.779900371422544203e-01
-4.710391111773576389e-01
-8.710530546511670025e-01
-1.360502281339352360e+00
-1.919056653297358306e+00
-2.524712999874935804e+00
-3.154845476661992887e+00
-3.787198294694613665e+00
-4.400843930377082991e+00
-4.977110456798117255e+00
-5.500448520450538226e+00
-5.959174669150575809e+00
-6.346005998340738863e+00
-6.658300584702052660e+00
-6.897942053021070663e+00
-7.070851185346617385e+00
-7.186163164395353853e+00
-7.255162882033700633e+00
-7.290109749431765707e+00
-7.303098050173404410e+00
-7.305085495788315342e+00
-7.305184704069576540e+00
-7.310259341328603888e+00
-7.324811680300330252e+00
-7.351104254400087967e+00
-7.389434413375056465e+00
-7.438480060630805468e+00
-7.495654111880225123e+00
-7.557435357072639803e+00
-7.619673194173565811e+00
-7.677883132381374764e+00
-7.727553313602069984e+00
-7.764469715763459234e+00
-7.785044806347577229e+00
-7.786610273062143150e+00
-7.767618511106784140e+00
-7.727696641422533652e+00
-7.667513204330198562e+00
-7.588448450243244991e+00
-7.492097397642364598e+00
-7.379671653120284169e+00
-7.251392970400724280e+00
-7.105982769094712381e+00
-6.940345108136882324e+00
-6.749517453187350746e+00
-6.526928479638661074e+00
-6.264961262241566686e+00
-5.955779900435335783e+00
-5.592343377857482700e+00
-5.169506070762039052e+00
-4.685091716258214412e+00
-4.140826964993472359e+00
-3.543030639855099029e+00
-2.902973415006355751e+00
-2.236847414775999798e+00
-1.565313968810737144e+00
-9.126286690902296606e-01
-3.053747619251990786e-01
2.291320021326122280e-01
6.646723828493399377e-01
9.780620763472229751e-01
1.151049390214800017e+00
1.172003963956762984e+00
1.037222687174083280e+00
7.516907804059873577e-01
3.291692993667384992e-01
-2.084635606101849226e-01
-8.326138667483082845e-01
-1.510024192943712817e+00
-2.205296460624871724e+00
-2.883631715026688358e+00
-3.513489493941171826e+00
-4.068866610785023319e+00
-4.530937537689906591e+00
-4.888881908501346629e+00
-5.139836265179423158e+00
-5.288028110875830023e+00
-5.343259350068978897e+00
-5.318984382958682922e+00
-5.230263127698652426e+00
-5.091857907755184875e+00
-4.916691806214736005e+00
-4.714808557267318179e+00
-4.492887760720845058e+00
-4.254290751744785659e+00
-3.999553679314820975e+00
-3.727210123277716836e+00
-3.434813819401306922e+00
-3.120035745810772809e+00
-2.781720340432104255e+00
-2.420796234433733929e+00
-2.040945194750053204e+00
-1.648941512870532256e+00
-1.254588956415103818e+00
-8.702103474591176280e-01
-5.096897728095634017e-01
-1.871277557293157534e-01
8.476271425981260488e-02
2.963299988424018538e-01
4.424983776320315920e-01
5.238891249082744395e-01
5.473499568891089240e-01
5.257695657926222399e-01
4.771558814961665562e-01
4.230672602245585390e-01
3.865841478552571875e-01
3.900766386268298969e-01
4.530492163202373690e-01
5.903252529711268126e-01
8.107767222790346340e-01
1.116721693793510717e+00
1.504019083081049812e+00
1.962801858542334132e+00
2.478718246478466281e+00
3.034502761915600644e+00
3.611677965363546683e+00
4.192192827126538290e+00
4.759830862269249785e+00
5.301265271293662096e+00
5.806692384585613986e+00
6.270031250008051060e+00
6.688728772037121573e+00
7.063250056544780442e+00
7.396358397446011423e+00
7.692297530252262483e+00
7.955982318998406022e+00
8.192287153214467210e+00
8.405498980431127976e+00
8.598978125752315904e+00
8.775046763903443292e+00
8.935101732319999712e+00
9.079923618185075540e+00
9.210126538859805478e+00
9.326663989550182166e+00
9.431280279529680399e+00
9.526782334310579969e+00
9.617012129460499992e+00
9.706432970894168122e+00
9.799305156509014125e+00
9.898512417609575564e+00
1.000419584003818230e+01
1.011243630694146844e+01
1.021427742902163871e+01
1.029537949317101564e+01
1.033653129300947349e+01
1.031512388829441740e+01
1.020752552141067682e+01
9.992118954126636865e+00
9.652606551471077267e+00
9.181088594705350658e+00
8.580401824452755122e+00
7.865278432135036191e+00
7.062042923712746223e+00
6.206780576201909483e+00
5.342149115879051280e+00
4.513222154577509748e+00
3.762909714431426078e+00
3.127570037566401062e+00
2.633396686654179586e+00
2.294042963679776115e+00
2.109755526673769310e+00
2.068065388841465513e+00
2.145865756677469260e+00
2.312527342567322730e+00
2.533588192918326598e+00
2.774518729988476373e+00
3.004101574040277001e+00
3.197065632828709703e+00
3.335752500821542288e+00
3.410744601375347074e+00
3.420524337136042980e+00
3.370342700886167719e+00
3.270543019513338034e+00
3.134608006061443408e+00
2.977181097472068050e+00
2.812266867372840373e+00
2.651753674342350653e+00
2.504337963408540535e+00
2.374874291778739988e+00
2.264134239960067685e+00
2.168932099911271116e+00
2.082562853241390233e+00
1.995493545888546327e+00
1.896247739101144969e+00
1.772420905867434282e+00
1.611761539358580908e+00
1.403249618678233723e+00
1.138103288300964300e+00
8.106481407358416824e-01
4.189918867998311813e-01
-3.454074258848739004e-02
-5.432445916206594116e-01
-1.096161243537236318e+00
-1.678504676234507276e+00
-2.272382391340149521e+00
-2.857795355676498339e+00
-3.413880610249953929e+00
-3.920333587867890213e+00
-4.358914777923002859e+00
-4.714912919566664584e+00
-4.978412858426279897e+00
-5.145209805534945779e+00
-5.217230157323106354e+00
-5.202364745202580743e+00
-5.113689632128434859e+00
-4.968132508112467427e+00
-4.784725196575868367e+00
-4.582649329208966726e+00
-4.379319601067677148e+00
-4.188749058093947042e+00
-4.020402432530309156e+00
-3.878672698127755059e+00
-3.763024795433250080e+00
-3.668754433054143060e+00
-3.588225033641372352e+00
-3.512385771140618562e+00
-3.432346827016532931e+00
-3.340796817056109536e+00
-3.233087809044414396e+00
-3.107876248308973910e+00
-2.967281075124497125e+00
-2.816590403037558143e+00
-2.663604275382577935e+00
-2.517736017889007361e+00
-2.389006132275886429e+00
-2.287052819383761371e+00
-2.220257967955931999e+00
-2.195054548128893668e+00
-2.215448499937112015e+00
-2.282761356489093174e+00
-2.395582152257345943e+00
-2.549908754159740276e+00
-2.739457175773756248e+00
-2.956118758991599815e+00
-3.190545223920457918e+00
-3.432837434079327288e+00
-3.673304178159451538e+00
-3.903243457191674537e+00
-4.115683809560304773e+00
-4.306011442716423332e+00
-4.472404828450688541e+00
-4.616005417060506488e+00
-4.740772726400062531e+00
-4.853003328147380557e+00
-4.960532784793924677e+00
-5.071682085220058589e+00
-5.194049241968504482e+00
-5.333276172980138341e+00
-5.491935613428460705e+00
-5.668679387029747829e+00
-5.857767219380310308e+00
-6.049056423455819953e+00
-6.228481794415126060e+00
-6.378998455131366541e+00
-6.481905863664242595e+00
-6.518426336843845981e+00
-6.471382582902299063e+00
-6.326809714626129733e+00
-6.075348575934038209e+00
-5.713296057838998188e+00
-5.243228574844764012e+00
-4.674159621884753868e+00
-4.021234053085637861e+00
-3.304995094677988465e+00
-2.550282894707409209e+00
-1.784836881936415098e+00
-1.037682257252170892e+00
-3.373884110647860646e-01
2.897023681480015989e-01
8.211631866311255301e-01
1.239960212714078525e+00
1.535583144132476985e+00
1.704697002655179983e+00
1.751209792400580278e+00
1.685700372468932562e+00
1.524221520326418666e+00
1.286575382453773342e+00
9.942383301337276436e-01
6.681738949204711897e-01
3.268021404341885927e-01
-1.561684423230827456e-02
-3.499793639656932909e-01
-6.725938406054600138e-01
-9.846801943770168153e-01
-1.291204146221581972e+00
-1.599228902874724190e+00
-1.916027993575240229e+00
-2.247226154717374857e+00
-2.595218770225076188e+00
-2.958069668141346753e+00
-3.329012238043980165e+00
-3.696592854774398695e+00
-4.045411892812345478e+00
-4.357347944276030560e+00
-4.613103661155748547e+00
-4.793891070748235173e+00
-4.883079738377841039e+00
-4.867657961278808010e+00
-4.739397245334451725e+00
-4.495654125621983077e+00
-4.139782054010294310e+00
-3.681153430966690010e+00
-3.134806005013606622e+00
-2.520731624400781357e+00
-1.862825343547133139e+00
-1.187517451819147141e+00
-5.221271384279210226e-01
1.069927880371093487e-01
6.764082868098522106e-01
1.167496317299495656e+00
1.568083956182280359e+00
1.873628837985466644e+00
2.087755933560204280e+00
2.222022834358039933e+00
2.294874386414848200e+00
2.329854618527373411e+00
2.353250861725787235e+00
2.391431764428511464e+00
2.468190658793698145e+00
2.602408373123168417e+00
2.806304071330999683e+00
3.084457103431056169e+00
3.433672476774730420e+00
3.843646665097254278e+00
4.298288423630085120e+00
4.777476886521580646e+00
5.259006101246679776e+00
5.720473352887140983e+00
6.140912771636644507e+00
6.502044472955383903e+00
6.789088040870153939e+00
6.991162244422886474e+00
7.101347700133134211e+00
7.116517875044666930e+00
7.037044703864855144e+00
6.866462665489191153e+00
6.611138665667213310e+00
6.279956039220576436e+00
5.883990300791737127e+00
5.436139583310820811e+00
4.950676722382209682e+00
4.442710116812760290e+00
3.927570073028738840e+00
3.420167387440011364e+00
2.934392801069079848e+00
2.482633424291628810e+00
2.075472774907882734e+00
1.721616145428016553e+00
1.428047311377357076e+00
1.200382708936318599e+00
1.043352144974814877e+00
9.613070346986278825e-01
9.586426729594059726e-01
1.040022858461839617e+00
1.210314187833386956e+00
1.474172656308203599e+00
1.835274209133148204e+00
2.295239027555121769e+00
2.852359962991777742e+00
3.500300076719082387e+00
4.226962934914478609e+00
5.013752598816562767e+00
5.835420859935718241e+00
6.660644403028128657e+00
7.453387685242258698e+00
8.174998737280425587e+00
8.786871128061154224e+00
9.253405631212006099e+00
9.544938821747225077e+00
9.640287298160188811e+00
9.528591593443293206e+00
9.210229156472259149e+00
8.696687532023965161e+00
8.009426654365686460e+00
7.177890038709913156e+00
6.236927763803029379e+00
5.223954697254816537e+00
4.176178978853053891e+00
3.128200370189619495e+00
2.110204834191448331e+00
1.146884094596914982e+00
2.571021417669782649e-01
-5.457707114550198746e-01
-1.253019004504346334e+00
-1.859456983019084131e+00
-2.362257096059022565e+00
-2.759956852261500337e+00
-3.051818631117508840e+00
-3.237639023727638232e+00
-3.318010364329955220e+00
-3.294943209270264184e+00
-3.172681943592371656e+00
-2.958501674328648523e+00
-2.663272520000604437e+00
-2.301618088395815942e+00
-1.891569553676317073e+00
-1.453708554175783263e+00
-1.009880405099838896e+00
-5.816245337092674772e-01
-1.884990137989757952e-01
1.535315864948549047e-01
4.335121718184350437e-01
6.466315949441010513e-01
7.950286592073696479e-01
8.882352220649896157e-01
9.432025369016576732e-01
9.838133995028925938e-01
1.039736534337777796e+00
1.144461238761180111e+00
1.332389694072263042e+00
1.634980759490515689e+00
2.076131229252517141e+00
2.667221420928118203e+00
3.402490227114256971e+00
4.255573925879284403e+00
5.178077245713924803e+00
6.100898106625979977e+00
6.938689493458360502e+00
7.597350122180540843e+00
7.983872334514736657e+00
8.017354628384715909e+00
7.639627544322271646e+00
6.823842269594683430e+00
5.579578320339094510e+00
3.953520972348067097e+00
