-1.377172211481740938e+01
-1.379455052128738579e+01
-1.381401814656185678e+01
-1.383005653874713659e+01
-1.384259753464829323e+01
-1.385157329800028592e+01
-1.385691635805029343e+01
-1.385855964847387511e+01
-1.385643654660882085e+01
-1.385048091297334771e+01
-1.384062713106784237e+01
-1.382681014742027870e+01
-1.380896551186731003e+01
-1.378702941804132998e+01
-1.376093874404759276e+01
-1.373063109330322895e+01
-1.369604483552110885e+01
-1.365711914781005909e+01
-1.361379405587428160e+01
-1.356601047528354442e+01
-1.351371025279226501e+01
-1.345683620768416233e+01
-1.339533217311601199e+01
-1.332914303744094475e+01
-1.325821478548061805e+01
-1.318249453972446261e+01
-1.310193060143243216e+01
-1.301647249161371001e+01
-1.292607099185634034e+01
-1.283067818498447821e+01
-1.273024749551595391e+01
-1.262473372989426146e+01
-1.251409311647081601e+01
-1.239828334521299347e+01
-1.227726360710630793e+01
-1.215099463323504203e+01
-1.201943873350249881e+01
-1.188255983498037693e+01
-1.174032351984719114e+01
-1.159269706290082347e+01
-1.143964946861275678e+01
-1.128115150770413067e+01
-1.111717575321261187e+01
-1.094769661602973976e+01
-1.077269037988107492e+01
-1.059213523572395310e+01
-1.040601131553895975e+01
-1.021430072549110690e+01
-1.001698757843787213e+01
-9.814058025751418057e+00
-9.605500288444442702e+00
-9.391304687565774856e+00
-9.171463673844023390e+00
-8.945971856560740676e+00
-8.714826031624600233e+00
-8.478025208829523152e+00
-8.235570638268534083e+00
-7.987465835887856080e+00
-7.733716608155265959e+00
-7.474331075822311377e+00
-7.209319696762872987e+00
-6.938695287862619132e+00
-6.662473045944676819e+00
-6.380670567709188390e+00
-6.093307868669269212e+00
-5.800407401060023282e+00
-5.501994070713401186e+00
-5.198095252868681904e+00
-4.888740806912177383e+00
-4.573963090019893762e+00
-4.253796969697088315e+00
-3.928279835192416858e+00
-3.597451607773811233e+00
-3.261354749853086599e+00
-2.920034272943173637e+00
-2.573537744436413810e+00
-2.221915293190643403e+00
-1.865219613913839058e+00
-1.503505970329696240e+00
-1.136832197120922983e+00
-7.652587006340277886e-01
-3.888484583418733154e-01
-7.667017048313368860e-03
3.782175101648780347e-01
7.687344482657793021e-01
1.163810565872172020e+00
1.563370082134223349e+00
1.967334674908080228e+00
2.375623490221808520e+00
2.788153153031512677e+00
3.204837779286238586e+00
3.625588989290036146e+00
4.050315922369915889e+00
4.478925252851111871e+00
4.911321207332663086e+00
5.347405583277453189e+00
5.787077768900646291e+00
6.230234764363232536e+00
6.676771204266517934e+00
7.126579381443844952e+00
7.579549272048247133e+00
8.035568561925622078e+00
8.494522674274247009e+00
8.956294798581657446e+00
9.420765920830719509e+00
9.887814854972761580e+00
1.035731827565148322e+01
1.082915075217797529e+01
1.130318478373731850e+01
1.177929083582550618e+01
1.225733737789819422e+01
1.273719092222462201e+01
1.321871606393339427e+01
1.370177552223183248e+01
1.418623018279221526e+01
1.467193914128598742e+01
1.515875974805214987e+01
1.564654765388134727e+01
1.613515685690362744e+01
1.662443975055840184e+01
1.711424717263129835e+01
1.760442845533573930e+01
1.809483147642638201e+01
1.858530271131713718e+01
1.907568728618915443e+01
1.956582903206195923e+01
2.005557053981434024e+01
2.054475321612334326e+01
2.103321734030485146e+01
2.152080212202981357e+01
2.200734575989211095e+01
2.249268550080519802e+01
2.297665770020010001e+01
2.345909788299957910e+01
2.393984080534571390e+01
2.441872051704882196e+01
2.489557042473407478e+01
2.537022335565668385e+01
2.584251162216169817e+01
2.631226708675275816e+01
2.677932122774521773e+01
2.724350520547756815e+01
2.770464992904336299e+01
2.816258612352026702e+01
2.861714439766112505e+01
2.906815531202225600e+01
2.951544944749197796e+01
2.995885747418820699e+01
3.039821022069722645e+01
3.083333874362078575e+01
3.126407439739417882e+01
3.169024890434760522e+01
3.211169442498090376e+01
3.252824362840667050e+01
3.293972976294323018e+01
3.334598672681438813e+01
3.374684913892419758e+01
3.414215240967501330e+01
3.453173281179478948e+01
3.491542755113584917e+01
3.529307483741840912e+01
3.566451395487538178e+01
3.602958533277186604e+01
3.638813061576339436e+01
3.673999273405303256e+01
3.708501597332386979e+01
3.742304604440228388e+01
3.775393015262341834e+01
3.807751706686238435e+01
3.839365718820037188e+01
3.870220261818750629e+01
3.900300722667163456e+01
3.929592671915630575e+01
3.958081870365961663e+01
3.985754275703444449e+01
4.012596049072286775e+01
4.038593561590418091e+01
4.063733400801379503e+01
4.088002377058827363e+01
4.111387529841879740e+01
4.133876133996635360e+01
4.155455705901821517e+01
4.176114009554754603e+01
4.195839062575003453e+01
4.214619142122252526e+01
4.232442790725436765e+01
4.249298822020604405e+01
4.265176326393959982e+01
4.280064676527463519e+01
4.293953532844088272e+01
4.306832848849906981e+01
4.318692876370393918e+01
4.329524170677726858e+01
4.339317595507128544e+01
4.348064327959006903e+01
4.355755863284702656e+01
4.362384019553200432e+01
4.367940942196199927e+01
4.372419108429541978e+01
4.375811331548156602e+01
4.378110765092505119e+01
4.379310906884617793e+01
4.379405602930799546e+01
4.378389051189639503e+01
4.376255805202811189e+01
4.373000777587041199e+01
4.368619243385101214e+01
4.363106843274153590e+01
4.356459586629643610e+01
4.348673854442915143e+01
4.339746402091228106e+01
4.329674361958323914e+01
4.318455245904331008e+01
4.306086947583425228e+01
4.292567744607978142e+01
4.277896300558047216e+01
4.262071666834685857e+01
4.245093284356590146e+01
4.226960985098651236e+01
4.207674993471111691e+01
4.187235927539499869e+01
4.165644800083619970e+01
4.142903019495234673e+01
4.119012390513788802e+01
4.093975114799863491e+01
4.067793791345493304e+01
4.040471416721024411e+01
4.012011385158826471e+01
3.982417488472545841e+01
3.951693915812903413e+01
3.919845253258982609e+01
3.886876483245880820e+01
3.852792983828116746e+01
3.817600527779499231e+01
3.781305281529393625e+01
3.743913803935932094e+01
3.705433044896201267e+01
3.665870343794711061e+01
3.625233427789894591e+01
3.583530409939485395e+01
3.540769787166087212e+01
3.496960438062668430e+01
3.452111620540339487e+01
3.406232969317851200e+01
3.359334493254777243e+01
3.311426572529493484e+01
3.262519955662580884e+01
3.212625756387571840e+01
3.161755450369922826e+01
3.109920871775827678e+01
3.057134209692451066e+01
3.003408004400749576e+01
2.948755143502773279e+01
2.893188857905647637e+01
2.836722717662593851e+01
2.779370627674322591e+01
2.721146823252004410e+01
2.662065865543479148e+01
2.602142636825531596e+01
2.541392335663291036e+01
2.479830471940017134e+01
2.417472861758507463e+01
2.354335622216794732e+01
2.290435166060847649e+01
2.225788196215446746e+01
2.160411700197154516e+01
2.094322944410826537e+01
2.027539468332187766e+01
1.960079078579845557e+01
1.891959842878615561e+01
1.823200083916838921e+01
1.753818373101063699e+01
1.683833524210047017e+01
1.613264586951207846e+01
1.542130840422566607e+01
1.470451786482740708e+01
1.398247143032047290e+01
1.325536837207489071e+01
1.252340998494851476e+01
1.178679951760865308e+01
1.104574210208131113e+01
1.030044468256389933e+01
9.551115943528055041e+00
8.797966237146797042e+00
8.041207510074521281e+00
7.281053229615900513e+00
6.517718309307896973e+00
5.751419033956828741e+00
4.982372984151787421e+00
4.210798960297867488e+00
3.436916906192319487e+00
2.660947832179720418e+00
1.883113737922317732e+00
1.103637534810607779e+00
3.227429680543441592e-01
-4.593454615184766054e-01
-1.242402575919730134e+00
-2.026202598680274747e+00
-2.810519233725932153e+00
-3.595125744406620694e+00
-4.379795032657537668e+00
-5.164299718246216919e+00
-5.948412218085511682e+00
-6.731904825574342333e+00
-7.514549789928984147e+00
-8.296119395485176184e+00
-9.076386040923582144e+00
-9.855122318399290648e+00
-1.063210109253654601e+01
-1.140709557925766404e+01
-1.217987942441823179e+01
-1.295022678221227252e+01
-1.371791239332131518e+01
-1.448271166277057809e+01
-1.524440073746867519e+01
-1.600275658339316465e+01
-1.675755706239872467e+01
-1.750858100861481503e+01
-1.825560830440014826e+01
-1.899841995583132714e+01
-1.973679816769340079e+01
-2.047052641794381600e+01
-2.119938953161791417e+01
-2.192317375416076075e+01
-2.264166682414105836e+01
-2.335465804532976364e+01
-2.406193835812189974e+01
-2.476330041025671491e+01
-2.545853862683504687e+01
-2.614744927958535214e+01
-2.682983055537004802e+01
-2.750548262389796506e+01
-2.817420770462305413e+01
-2.883581013280614158e+01
-2.949009642471255077e+01
-3.013687534192705542e+01
-3.077595795476050711e+01
-3.140715770473195079e+01
-3.203029046609572816e+01
-3.264517460640252722e+01
-3.325163104606648545e+01
-3.384948331692579870e+01
-3.443855761976774943e+01
-3.501868288081102776e+01
-3.558969080711737831e+01
-3.615141594092053623e+01
-3.670369571285353771e+01
-3.724637049405586708e+01
-3.777928364714902898e+01
-3.830228157605998973e+01
-3.881521377468015999e+01
-3.931793287434542350e+01
-3.981029469012462840e+01
-4.029215826589518912e+01
-4.076338591820616131e+01
-4.122384327890560485e+01
-4.167339933652582573e+01
-4.211192647641192366e+01
-4.253930051958856495e+01
-4.295540076034697563e+01
-4.336011000255250281e+01
-4.375331459465206763e+01
-4.413490446338302320e+01
-4.450477314617332070e+01
-4.486281782222098258e+01
-4.520893934225112076e+01
-4.554304225694339436e+01
-4.586503484402088304e+01
-4.617482913400117894e+01
-4.647234093460097171e+01
-4.675748985379000544e+01
-4.703019932149009463e+01
-4.729039660992485494e+01
-4.753801285260377796e+01
-4.777298306194964539e+01
-4.799524614556306545e+01
-4.820474492112541043e+01
-4.840142612993866322e+01
-4.858524044910128481e+01
-4.875614250232349178e+01
-4.891409086938120510e+01
-4.905904809421129187e+01
-4.919098069165013953e+01
-4.930985915281569731e+01
-4.941565794914085785e+01
-4.950835553505922348e+01
-4.958793434934517563e+01
-4.965438081511912571e+01
-4.970768533851374116e+01
-4.974784230601702717e+01
-4.977485008049028181e+01
-4.978871099586948645e+01
-4.978943135055799729e+01
-4.977702139952187110e+01
-4.975149534508133797e+01
-4.971287132642523687e+01
-4.966117140784337636e+01
-4.959642156569068305e+01
-4.951865167409118129e+01
-4.942789548939506972e+01
-4.932419063339198573e+01
-4.920757857529925872e+01
-4.907810461252821455e+01
-4.893581785024331765e+01
-4.878077117972969035e+01
-4.861302125557239151e+01
-4.843262847166629825e+01
-4.823965693606546523e+01
-4.803417444468797015e+01
-4.781625245388767098e+01
-4.758596605190537332e+01
-4.734339392921567224e+01
-4.708861834778144129e+01
-4.682172510923287234e+01
-4.654280352198199466e+01
-4.625194636729185049e+01
-4.594924986431322367e+01
-4.563481363410329550e+01
-4.530874066264802735e+01
-4.497113726289180846e+01
-4.462211303580819077e+01
-4.426178083051075873e+01
-4.389025670343421837e+01
-4.350765987659319478e+01
-4.311411269494229259e+01
-4.270974058285073482e+01
-4.229467199971291791e+01
-4.186903839470682698e+01
-4.143297416072578443e+01
-4.098661658749450254e+01
-4.053010581389080613e+01
-4.006358477949505925e+01
-3.958719917537752053e+01
-3.910109739414830443e+01
-3.860543047928994298e+01
-3.810035207378616207e+01
-3.758601836806916197e+01
-3.706258804730587286e+01
-3.653022223803951363e+01
-3.598908445420708091e+01
-3.543934054255322508e+01
-3.488115862745933526e+01
-3.431470905520713188e+01
-3.374016433769580914e+01
-3.315769909563677231e+01
-3.256749000123888038e+01
-3.196971572041120524e+01
-3.136455685449827158e+01
-3.075219588156895867e+01
-3.013281709728349966e+01
-2.950660655535114785e+01
-2.887375200760342864e+01
-2.823444284370305724e+01
-2.758887003050734776e+01
-2.693722605110766466e+01
-2.627970484356309200e+01
-2.561650173934869201e+01
-2.494781340154214533e+01
-2.427383776276363392e+01
-2.359477396289217666e+01
-2.291082228658009612e+01
-2.222218410057935856e+01
-2.152906179090853200e+01
-2.083165869987161400e+01
-2.013017906295385728e+01
-1.942482794561621873e+01
-1.871581118000143462e+01
-1.800333530157730877e+01
-1.728760748573484918e+01
-1.656883548435970255e+01
-1.584722756239760599e+01
-1.512299243443611374e+01
-1.439633920131510081e+01
-1.366747728678908125e+01
-1.293661637426470890e+01
-1.220396634362529831e+01
-1.146973720816192355e+01
-1.073413905163749682e+01
-9.997381965492392553e+00
-9.259675986216180377e+00
-8.521231032905092206e+00
-7.782256845017454516e+00
-7.042962920349460809e+00
-6.303558453249721971e+00
-5.564252273088942324e+00
-4.825252782999692513e+00
-4.086767898912424535e+00
-3.349004988894065615e+00
-2.612170812813257470e+00
-1.876471462349579733e+00
-1.142112301359854198e+00
-4.092979066205169048e-01
3.217679910379165342e-01
1.050882565185554229e+00
1.777843951829697122e+00
2.502451307000309821e+00
3.224504863890722550e+00
3.943805989517871424e+00
4.660157240899435394e+00
5.373362420724293820e+00
6.083226632513492049e+00
6.789556335239899987e+00
7.492159397407481158e+00
8.190845150566870458e+00
8.885424442255580146e+00
9.575709688351322413e+00
1.026151492482098959e+01
1.094265585885342240e+01
1.161894991936297750e+01
1.229021630685107525e+01
1.295627604261492216e+01
1.361695201728325344e+01
1.427206903867794985e+01
1.492145387898047204e+01
1.556493532119450940e+01
1.620234420489627425e+01
1.683351347125569575e+01
1.745827820732132096e+01
1.807647568955587403e+01
1.868794542661407831e+01
1.929252920135160210e+01
1.989007111205206613e+01
2.048041761286938112e+01
2.106341755346839051e+01
2.163892221785879499e+01
2.220678536241312528e+01
2.276686325305651692e+01
2.331901470162828360e+01
2.386310110139435281e+01
2.439898646171479868e+01
2.492653744185194142e+01
2.544562338391340717e+01
2.595611634492363251e+01
2.645789112801553244e+01
2.695082531273618898e+01
2.743479928446403804e+01
2.790969626292311290e+01
2.837540232979764809e+01
2.883180645543581733e+01
2.927880052464031380e+01
2.971627936153810268e+01
3.014414075352837941e+01
3.056228547430047016e+01
3.097061730592146134e+01
3.136904305998534781e+01
3.175747259782473719e+01
3.213581884977980252e+01
3.250399783351939220e+01
3.286192867141568286e+01
3.320953360696717027e+01
3.354673802026906770e+01
3.387347044252732076e+01
3.418966256962055184e+01
3.449524927469779101e+01
3.479016861982240982e+01
3.507436186665677980e+01
3.534777348618197124e+01
3.561035116746339924e+01
3.586204582545231290e+01
3.610281160783140564e+01
3.633260590089552267e+01
3.655138933448085936e+01
3.675912578593083424e+01
3.695578238311377817e+01
3.714132950647834264e+01
3.731574079016364465e+01
3.747899312215638190e+01
3.763106664350424069e+01
3.777194474657883916e+01
3.790161407240241687e+01
3.802006450703812845e+01
3.812728917703716291e+01
3.822328444396504921e+01
3.830804989799590743e+01
3.838158835058434448e+01
3.844390582622276753e+01
3.849501155328191260e+01
3.853491795394511854e+01
3.856364063324130598e+01
3.858119836717867912e+01
3.858761308998737860e+01
3.858290988047988890e+01
3.856711694752695507e+01
3.854026561466623946e+01
3.850239030384225458e+01
3.845352851828835838e+01
3.839372082455685842e+01
3.832301083370425943e+01
3.824144518164099082e+01
3.814907350865193791e+01
3.804594843809607596e+01
3.793212555431261279e+01
3.780766337964428203e+01
3.767262335078739710e+01
3.752706979427269118e+01
3.737106990118653727e+01
3.720469370112996899e+01
3.702801403541497649e+01
3.684110652951263631e+01
3.664404956476253972e+01
3.643692424935558449e+01
3.621981438859326374e+01
3.599280645444213889e+01
3.575598955438925941e+01
3.550945539961229969e+01
3.525329827246893899e+01
3.498761499332913161e+01
3.471250488674662904e+01
3.442806974699105638e+01
3.413441380294801064e+01
3.383164368240310438e+01
3.351986837571518407e+01
3.319919919889701987e+01
3.286974975611231287e+01
3.253163590160024654e+01
3.218497570104408823e+01
3.182988939239381665e+01
3.146649934615288657e+01
3.109493002515010929e+01
3.071530794379679108e+01
3.032776162685569687e+01
2.993242156772761220e+01
2.952942018626618648e+01
2.911889178614226381e+01
2.870097251176449049e+01
2.827580030477428252e+01
2.784351486012290167e+01
2.740425758175325655e+01
2.695817153788945220e+01
2.650540141595877230e+01
2.604609347714961842e+01
2.558039551062891803e+01
2.510845678742627740e+01
2.463042801400183279e+01
2.414646128551040150e+01
2.365671003877943335e+01
2.316132900501078851e+01
2.266047416222491506e+01
2.215430268745579667e+01
2.164297290871790125e+01
2.112664425675724900e+01
2.060547721659492026e+01
2.007963327889172689e+01
1.954927489112853323e+01
1.901456540863519251e+01
1.847566904547472078e+01
1.793275082519423336e+01
1.738597653146429423e+01
1.683551265861278168e+01
1.628152636207595449e+01
1.572418540877829329e+01
1.516365812745200969e+01
1.460011335891393713e+01
1.403372040631770901e+01
1.346464898538747157e+01
1.289306917465098756e+01
1.231915136569377367e+01
1.174306621343436774e+01
1.116498458644730896e+01
1.058507751734399704e+01
1.000351615321839205e+01
9.420471706188491723e+00
8.836115404029827758e+00
8.250618440922426799e+00
7.664151928329262731e+00
7.076886846013041854e+00
6.488993993210437239e+00
5.900643939971629948e+00
5.312006978684199687e+00
4.723253075793093281e+00
4.134551823728473963e+00
3.546072393056391991e+00
2.957983484867093171e+00
2.370453283409515777e+00
1.783649408987094009e+00
1.197738871134224059e+00
6.128880220717403127e-01
2.926251046983157841e-02
-5.529727644795043862e-01
-1.133653698664689236e+00
-1.712617028317913626e+00
-2.289700374928451687e+00
-2.864742289797420849e+00
-3.437582298212907173e+00
-4.008060943244316832e+00
-4.576019829136292572e+00
-5.141301664297324159e+00
-5.703750303863487581e+00
-6.263210791835260416e+00
-6.819529402767747328e+00
-7.372553683009803294e+00
-7.922132491479553451e+00
-8.468116039963621944e+00
-9.010355932931801703e+00
-9.548705206853025373e+00
-1.008301836901242687e+01
-1.061315143580781317e+01
-1.113896197052045345e+01
-1.166030912055409807e+01
-1.217705365412665941e+01
-1.268905799641166965e+01
-1.319618626511212334e+01
-1.369830430546708122e+01
-1.419527972467614774e+01
-1.468698192573737238e+01
-1.517328214068311887e+01
-1.565405346321757918e+01
-1.612917088073626459e+01
-1.659851130572715050e+01
-1.706195360653934756e+01
-1.751937863752340618e+01
-1.797066926852361135e+01
-1.841571041372126771e+01
-1.885438905982179136e+01
-1.928659429357850996e+01
-1.971221732864999865e+01
-2.013115153177833605e+01
-2.054329244828639744e+01
-2.094853782689073896e+01
-2.134678764382139349e+01
-2.173794412624090810e+01
-2.212191177496386985e+01
-2.249859738646727791e+01
-2.286791007418940325e+01
-2.322976128911244231e+01
-2.358406483962129130e+01
-2.393073691064093822e+01
-2.426969608204613138e+01
-2.460086334633113836e+01
-2.492416212555597710e+01
-2.523951828754398008e+01
-2.554686016134141369e+01
-2.584611855193575281e+01
-2.613722675422246411e+01
-2.642012056622528959e+01
-2.669473830156900718e+01
-2.696102080118908972e+01
-2.721891144430344767e+01
-2.746835615861287039e+01
-2.770930342975304228e+01
-2.794170430999043120e+01
-2.816551242615172868e+01
-2.838068398680557536e+01
-2.858717778867396575e+01
-2.878495522229494341e+01
-2.897398027691690814e+01
-2.915421954464583720e+01
-2.932564222382147889e+01
-2.948822012164666972e+01
-2.964192765605772095e+01
-2.978674185683779640e+01
-2.992264236598246541e+01
-3.004961143730546524e+01
-3.016763393530381165e+01
-3.027669733326964163e+01
-3.037679171065970252e+01
-3.046790974972028110e+01
-3.055004673137382909e+01
-3.062320053036662415e+01
-3.068737160968580824e+01
-3.074256301424291493e+01
-3.078878036383133932e+01
-3.082603184536121432e+01
-3.085432820437438295e+01
-3.087368273584765532e+01
-3.088411127427716707e+01
-3.088563218306611446e+01
-3.087826634320446217e+01
-3.086203714125453246e+01
-3.083697045664448666e+01
-3.080309464827839960e+01
-3.076044054045964771e+01
-3.070904140814456085e+01
-3.064893296152537161e+01
-3.058015332994938618e+01
-3.050274304518071133e+01
-3.041674502401291491e+01
-3.032220455023606220e+01
-3.021916925596805825e+01
-3.010768910235285034e+01
-2.998781635963888093e+01
-2.985960558663566999e+01
-2.972311360956858550e+01
-2.957839950032524001e+01
-2.942552455411360413e+01
-2.926455226653066788e+01
-2.909554831005466013e+01
-2.891858050996546226e+01
-2.873371881970798469e+01
-2.854103529569790965e+01
-2.834060407158404260e+01
-2.813250133197621494e+01
-2.791680528564249286e+01
-2.769359613819322874e+01
-2.746295606425227476e+01
-2.722496917912858905e+01
-2.697972150999794749e+01
-2.672730096660567867e+01
-2.646779731149223380e+01
-2.620130212976309636e+01
-2.592790879840337226e+01
-2.564771245514773668e+01
-2.536080996692365730e+01
-2.506729989786681401e+01
-2.476728247693058549e+01
-2.446085956508730774e+01
-2.414813462214432249e+01
-2.382921267317121305e+01
-2.350420027456701888e+01
-2.317320547975932854e+01
-2.283633780455737394e+01
-2.249370819216850492e+01
-2.214542897788370013e+01
-2.179161385344990265e+01
-2.143237783113476880e+01
-2.106783720749930211e+01
-2.069810952688368744e+01
-2.032331354462380091e+01
-1.994356919000627215e+01
-1.955899752897424193e+01
-1.916972072659427084e+01
-1.877586200929476945e+01
-1.837754562689194771e+01
-1.797489681440955422e+01
-1.756804175370462318e+01
-1.715710753491732277e+01
-1.674222211774466373e+01
-1.632351429256115338e+01
-1.590111364138846994e+01
-1.547515049873519644e+01
-1.504575591230657139e+01
-1.461306160361145423e+01
-1.417719992845871957e+01
-1.373830383737196925e+01
-1.329650683592803873e+01
-1.285194294502319323e+01
-1.240474666109186508e+01
-1.195505291628062317e+01
-1.150299703859256439e+01
-1.104871471200975641e+01
-1.059234193661466605e+01
-1.013401498870269002e+01
-9.673870380926652857e+00
-9.212044822453782089e+00
-8.748675179170419369e+00
-8.283898433929962835e+00
-7.817851646865458193e+00
-7.350671915772275078e+00
-6.882496336575874452e+00
-6.413461963891571749e+00
-5.943705771695113604e+00
-5.473364614101121184e+00
-5.002575186280322939e+00
-4.531473985507576963e+00
-4.060197272360311693e+00
-3.588881032082268163e+00
-3.117660936112246262e+00
-2.646672303799753045e+00
-2.176050064310557808e+00
-1.705928718733523253e+00
-1.236442302407378957e+00
-7.677243474631060272e-01
-2.999078456060454423e-01
1.668747888603846208e-01
6.324917557555150838e-01
1.096811905479308624e+00
1.559704775193628379e+00
2.021040624723260848e+00
2.480690472159999604e+00
2.938526129166392664e+00
3.394420235964339394e+00
3.848246296002497679e+00
4.299878710294640527e+00
4.749192811415286819e+00
5.196064897145802775e+00
5.640372263767195804e+00
6.081993238977563720e+00
6.520807214442069899e+00
6.956694677953925599e+00
7.389537245206923899e+00
7.819217691165522233e+00
8.245619981022196399e+00
8.668629300747751287e+00
9.088132087208771637e+00
9.504016057856267352e+00
9.916170239974693601e+00
1.032448499948273479e+01
1.072885206928523338e+01
1.112916457715125418e+01
1.152531707314019904e+01
1.191720555654200453e+01
1.230472750233796653e+01
1.268778188717421962e+01
1.306626921483985626e+01
1.344009154124770866e+01
1.380915249890275476e+01
1.417335732086480249e+01
1.453261286418452158e+01
1.488682763282737653e+01
1.523591180005433365e+01
1.557977723028191264e+01
1.591833750039435458e+01
1.625150792051516291e+01
1.657920555422798969e+01
1.690134923824659197e+01
1.721785960152449135e+01
1.752865908380637094e+01
1.783367195360820290e+01
1.813282432563386593e+01
1.842604417761539182e+01
1.871326136657381412e+01
1.899440764450577035e+01
1.926941667348341269e+01
1.953822404016647241e+01
1.980076726973117118e+01
2.005698583919987499e+01
2.030682119018439735e+01
2.055021674102699691e+01
2.078711789834817480e+01
2.101747206798863488e+01
2.124122866535534015e+01
2.145833912516071962e+01
2.166875691055626874e+01
2.187243752166314792e+01
2.206933850349389203e+01
2.225941945326662363e+01
2.244264202711209322e+01
2.261896994616921219e+01
2.278836900207436500e+01
2.295080706184028330e+01
2.310625407212383209e+01
2.325468206288864792e+01
2.339606515045528567e+01
2.353037953994516229e+01
2.365760352712057824e+01
2.377771749961059911e+01
2.389070393754069599e+01
2.399654741355029941e+01
2.409523459221428254e+01
2.418675422886106219e+01
2.427109716779089865e+01
2.434825633989985150e+01
2.441822675970449552e+01
2.448100552177825406e+01
2.453659179659672418e+01
2.458498682579191197e+01
2.462619391682640924e+01
2.466021843708499262e+01
2.468706780738325079e+01
2.470675149490643463e+01
2.471928100557243724e+01
2.472466987582739506e+01
2.472293366387928870e+01
2.471408994036662321e+01
2.469815827847195067e+01
2.467516024348505255e+01
2.464511938181320971e+01
2.460806120945407827e+01
2.456401319992299292e+01
2.451300477165021974e+01
2.445506727484924170e+01
2.439023397785826930e+01
2.431854005296161247e+01
2.424002256170255976e+01
2.415472043968365767e+01
2.406267448086628136e+01
2.396392732137148585e+01
2.385852342279043370e+01
2.374650905501277620e+01
2.362793227857173051e+01
2.350284292652012752e+01
2.337129258583673064e+01
2.323333457837434324e+01
2.308902394135837710e+01
2.293841740743079782e+01
2.278157338426169076e+01
2.261855193372560535e+01
2.244941475064993597e+01
2.227422514114890362e+01
2.209304800054442808e+01
2.190594979088117711e+01
2.171299851804771919e+01
2.151426370850762382e+01
2.130981638565021896e+01
2.109972904576411779e+01
2.088407563365245068e+01
2.066293151788171656e+01
2.043637346568672086e+01
2.020447961753123067e+01
1.996732946133573705e+01
1.972500380637753992e+01
1.947758475687955482e+01
1.922515568528296726e+01
1.896780120522346991e+01
1.870560714421707615e+01
1.843866051606083190e+01
1.816704949295508698e+01
1.789086337736795329e+01
1.761019257363657076e+01
1.732512855932026596e+01
1.703576385631920687e+01
1.674219200175278033e+01
1.644450751862606452e+01
1.614280588627935131e+01
1.583718351063109608e+01
1.552773769423110473e+01
1.521456660612324185e+01
1.489776925153853782e+01
1.457744544141191234e+01
1.425369576174707298e+01
1.392662154282901810e+01
1.359632482830010680e+01
1.326290834410185759e+01
1.292647546729698504e+01
1.258713019477794681e+01
1.224497711187679094e+01
1.190012136087593042e+01
1.155266860943638108e+01
1.120272501895454731e+01
1.085039721284511138e+01
1.049579224477653483e+01
1.013901756685329225e+01
9.780180997763066486e+00
9.419390690892031515e+00
9.056755102423290182e+00
8.692382959424184818e+00
8.326383227932989683e+00
7.958865081052231893e+00
7.589937867059421528e+00
7.219711077544071820e+00
6.848294315581602731e+00
6.475797263949377047e+00
6.102329653399982234e+00
5.728001230989832493e+00
5.352921728485642738e+00
4.977200830849286994e+00
4.600948144809549056e+00
4.224273167535838702e+00
3.847285255414074623e+00
3.470093592942800065e+00
3.092807161746346178e+00
2.715534709729411134e+00
2.338384720363992031e+00
1.961465382133639190e+00
1.584884558129256771e+00
1.208749755817301041e+00
8.331680969758055166e-01
4.582462878204701662e-01
8.409058931634401379e-02
-2.891932123101423335e-01
-6.614998348478601242e-01
-1.032724529172359684e+00
-1.402763108083360022e+00
-1.771511974919223631e+00
-2.138868151929543160e+00
-2.504729308406651533e+00
-2.868993788555154190e+00
-3.231560639110759858e+00
-3.592329636685311911e+00
-3.951201314837704093e+00
-4.308076990864153188e+00
-4.662858792295512700e+00
-5.015449683104218792e+00
-5.365753489602856696e+00
-5.713674926035539059e+00
-6.059119619852601168e+00
-6.401994136663627266e+00
-6.742206004858262602e+00
-7.079663739894422214e+00
-7.414276868244421337e+00
-7.745955950992838623e+00
-8.074612607078799797e+00
-8.400159536185764608e+00
-8.722510541255456218e+00
-9.041580550639674030e+00
-9.357285639873822447e+00
-9.669543053065774885e+00
-9.978271223902600795e+00
-1.028338979625973870e+01
-1.058481964442027490e+01
-1.088248289288538295e+01
-1.117630293578240774e+01
-1.146620445586279580e+01
-1.175211344308034001e+01
-1.203395721275053454e+01
-1.231166442329154975e+01
-1.258516509352716284e+01
-1.285439061956516760e+01
-1.311927379123911308e+01
-1.337974880810432943e+01
-1.363575129499845495e+01
-1.388721831714853749e+01
-1.413408839483576607e+01
-1.437630151759749353e+01
-1.461379915798177720e+01
-1.484652428483942899e+01
-1.507442137615305100e+01
-1.529743643140431963e+01
-1.551551698347227592e+01
-1.572861211006454241e+01
-1.593667244467755850e+01
-1.613965018707888532e+01
-1.633749911332203908e+01
-1.653017458527744310e+01
-1.671763355968885989e+01
-1.689983459674781940e+01
-1.707673786818843098e+01
-1.724830516489814158e+01
-1.741449990404511539e+01
-1.757528713572314416e+01
-1.773063354910500777e+01
-1.788050747812266650e+01
-1.802487890664521686e+01
-1.816371947318334534e+01
-1.829700247509621391e+01
-1.842470287232367099e+01
-1.854679729061692228e+01
-1.866326402429469056e+01
-1.877408303850755189e+01
-1.887923597101804063e+01
-1.897870613349088487e+01
-1.907247851230885871e+01
-1.916053976889283916e+01
-1.924287823955042853e+01
-1.931948393483503779e+01
-1.939034853842918693e+01
-1.945546540554811799e+01
-1.951482956086735143e+01
-1.956843769597225702e+01
-1.961628816633835726e+01
-1.965838098783644128e+01
-1.969471783277061050e+01
-1.972530202544718136e+01
-1.975013853728249558e+01
-1.976923398144322874e+01
-1.978259660703342604e+01
-1.979023629281879337e+01
-1.979216454049880269e+01
-1.978839446753273990e+01
-1.977894079950847939e+01
-1.976381986207596242e+01
-1.974304957243296244e+01
-1.971664943037755791e+01
-1.968464050892166384e+01
-1.964704544447864976e+01
-1.960388842662275977e+01
-1.955519518742603324e+01
-1.950099299037231049e+01
-1.944131061886788814e+01
-1.937617836432692897e+01
-1.930562801386461302e+01
-1.922969283758223114e+01
-1.914840757545620065e+01
-1.906180842383484020e+01
-1.896993302155133776e+01
-1.887282043565110357e+01
-1.877051114674067378e+01
-1.866304703397032938e+01
-1.855047135964252192e+01
-1.843282875346633531e+01
-1.831016519644634499e+01
-1.818252800442992623e+01
-1.804996581130512467e+01
-1.791252855185716442e+01
-1.777026744429387506e+01
-1.762323497244255677e+01
-1.747148486762488773e+01
-1.731507209021349070e+01
-1.715405281088356304e+01
-1.698848439155359102e+01
-1.681842536603306471e+01
-1.664393542037869977e+01
-1.646507537296263735e+01
-1.628190715426490343e+01
-1.609449378639229167e+01
-1.590289936233095958e+01
-1.570718902493915792e+01
-1.550742894569588159e+01
-1.530368630318512579e+01
-1.509602926136488144e+01
-1.488452694758359485e+01
-1.466924943038494966e+01
-1.445026769708755410e+01
-1.422765363115433424e+01
-1.400147998936173721e+01
-1.377182037876364795e+01
-1.353874923347356152e+01
-1.330234179125942973e+01
-1.306267406996260760e+01
-1.281982284374980985e+01
-1.257386561920339751e+01
-1.232488061125680545e+01
-1.207294671898434402e+01
-1.181814350124928303e+01
-1.156055115222244467e+01
-1.130025047677616890e+01
-1.103732286575948507e+01
-1.077185027116328619e+01
-1.050391518118457235e+01
-1.023360059519363041e+01
-9.960989998617540309e+00
-9.686167337736346639e+00
-9.409216994415986690e+00
-9.130223760766737584e+00
-8.849272813751261069e+00
-8.566449689738744766e+00
-8.281840259016458816e+00
-7.995530700265860879e+00
-7.707607475014336629e+00
-7.418157302058776104e+00
-7.127267131885399287e+00
-6.835024121075600867e+00
-6.541515606720222920e+00
-6.246829080839479964e+00
-5.951052164819428114e+00
-5.654272583873271252e+00
-5.356578141533551829e+00
-5.058056694183185265e+00
-4.758796125630639473e+00
-4.458884321739796874e+00
-4.158409145121360062e+00
-3.857458409885039963e+00
-3.556119856475630225e+00
-3.254481126582692063e+00
-2.952629738143310423e+00
-2.650653060436887198e+00
-2.348638289287504843e+00
-2.046672422370152233e+00
-1.744842234634653266e+00
-1.443234253859849714e+00
-1.141934736324762278e+00
-8.410296426258874192e-01
-5.406046136373371391e-01
-2.407449466151996009e-01
5.846442853770640602e-02
3.569389728434991249e-01
6.545945616537023337e-01
9.513475078794886297e-01
1.247114585032989664e+00
1.541813050092140758e+00
1.835360666159052689e+00
2.127675724926337608e+00
2.418677068934768304e+00
2.708284113618139699e+00
2.996416869128276872e+00
3.282995961941490570e+00
3.567942656229597276e+00
3.851178874999515944e+00
4.132627220991440531e+00
4.412210997329355067e+00
4.689854227921836483e+00
4.965481677605189326e+00
5.239018872024319151e+00
5.510392117247204347e+00
5.779528519108121820e+00
6.046356002270446339e+00
6.310803329011577922e+00
6.572800117719555857e+00
6.832276861097067666e+00
7.089164944073798935e+00
7.343396661411638604e+00
7.594905235014101308e+00
7.843624830919216251e+00
8.089490575983941056e+00
8.332438574248856256e+00
8.572405922985236515e+00
8.809330728412335887e+00
9.043152121091464934e+00
9.273810270984848003e+00
9.501246402177727646e+00
9.725402807264110550e+00
9.946222861388998027e+00
1.016365103594249497e+01
1.037763291190970705e+01
1.058811519286418701e+01
1.079504571760959664e+01
1.099837347246307218e+01
1.119804860317825757e+01
1.139402242650362496e+01
1.158624744138193030e+01
1.177467733977515074e+01
1.195926701712109441e+01
1.213997258242076960e+01
1.231675136795141512e+01
1.248956193860287733e+01
1.265836410083329788e+01
1.282311891125360503e+01
1.298378868482153337e+01
1.314033700266098137e+01
1.329272871949793000e+01
1.344092997070339557e+01
1.358490817895969549e+01
1.372463206053589779e+01
1.386007163117635699e+01
1.399119821159915134e+01
1.411798443260958713e+01
1.424040423981891301e+01
1.435843289797855959e+01
1.447204699491829771e+01
1.458122444509965199e+01
1.468594449277546232e+01
1.478618771475877303e+01
1.488193602280303551e+01
1.497317266559105420e+01
1.505988223033675943e+01
1.514205064399198264e+01
1.521966517407308572e+01
1.529271442909172940e+01
1.536118835860364840e+01
1.542507825286907419e+01
1.548437674212968673e+01
1.553907779549974499e+01
1.558917671947570938e+01
1.563467015606412858e+01
1.567555608053136140e+01
1.571183379877134989e+01
1.574350394430184963e+01
1.577056847487963687e+01
1.579303066875012362e+01
1.581089512051915413e+01
1.582416773666036214e+01
1.583285573065440666e+01
1.583696761776421624e+01
1.583651320944716012e+01
1.583150360741006857e+01
1.582195119730594612e+01
1.580786964207568701e+01
1.578927387493792978e+01
1.576618009203352067e+01
1.573860574472444185e+01
1.570656953154280622e+01
1.567009138981073058e+01
1.562919248692001517e+01
1.558389521127262611e+01
1.553422316290310334e+01
1.548020114376670087e+01
1.542185514770846844e+01
1.535921235011316099e+01
1.529230109724058551e+01
1.522115089525030385e+01
1.514579239891652840e+01
1.506625740004323788e+01
1.498257881557751503e+01
1.489479067543057944e+01
1.480292811000617803e+01
1.470702733744348478e+01
1.460712565057415446e+01
1.450326140360971827e+01
1.439547399854923704e+01
1.428380387132019891e+01
1.416829247765461908e+01
1.404898227870932992e+01
1.392591672642616274e+01
1.379914024864878108e+01
1.366869823398881856e+01
1.353463701645748074e+01
1.339700385985753783e+01
1.325584694195021740e+01
1.311121533839213527e+01
1.296315900645920927e+01
1.281172876854907550e+01
1.265697629548069791e+01
1.249895408958632892e+01
1.233771546760719673e+01
1.217331454339577412e+01
1.200580621042765728e+01
1.183524612413611088e+01
1.166169068406917475e+01
1.148519701587125219e+01
1.130582295310343710e+01
1.112362701890521244e+01
1.093866840749811864e+01
1.075100696554234858e+01
1.056070317335389319e+01
1.036781812597631891e+01
1.017241351413497163e+01
9.974551605050926639e+00
9.774295223145212930e+00
9.571707730625309551e+00
9.366853007967518963e+00
9.159795434290369798e+00
8.950599867638766582e+00
8.739331625173694107e+00
8.526056463280454523e+00
8.310840557595060574e+00
8.093750482962960291e+00
7.874853193326218914e+00
7.654216001553921345e+00
7.431906559214236374e+00
7.207992836302682171e+00
6.982543100920881152e+00
6.755625898927993589e+00
6.527310033550781654e+00
6.297664544975244638e+00
6.066758689918757774e+00
5.834661921186579114e+00
5.601443867224594975e+00
5.367174311664550501e+00
5.131923172883666062e+00
4.895760483565603671e+00
4.658756370283253290e+00
4.420981033098149382e+00
4.182504725197123463e+00
3.943397732550526058e+00
3.703730353622565197e+00
3.463572879115715875e+00
3.222995571775765455e+00
2.982068646244911747e+00
2.740862248983812144e+00
2.499446438257043379e+00
2.257891164195811040e+00
2.016266248936796845e+00
1.774641366847110380e+00
1.533086024838862471e+00
1.291669542779514845e+00
1.050461034003016714e+00
8.095293859268272163e-01
5.689432407818645343e-01
3.287709764591052464e-01
8.908068747532223164e-02
-1.500598339291941419e-01
-3.885831165623105377e-01
-6.264220289181832158e-01
-8.635097976646471940e-01
-1.099780025990993781e+00
-1.335166711796782701e+00
-1.569604265730040860e+00
-1.803027529058222944e+00
-2.035371791373358441e+00
-2.266572808125803640e+00
-2.496566817984298137e+00
-2.725290560010174445e+00
-2.952681290649928236e+00
-3.178676800539221414e+00
-3.403215431107366573e+00
-3.626236090990731853e+00
-3.847678272236514374e+00
-4.067482066304206612e+00
-4.285588179853331070e+00
-4.501937950318770199e+00
-4.716473361265510533e+00
-4.929137057520986076e+00
-5.139872360080542713e+00
-5.348623280781241718e+00
-5.555334536748263830e+00
-5.759951564590277684e+00
-5.962420534368194858e+00
-6.162688363309960060e+00
-6.360702729283223889e+00
-6.556412084008576890e+00
-6.749765666029017730e+00
-6.940713513413870217e+00
-7.129206476206317866e+00
-7.315196228602411921e+00
-7.498635280871748243e+00
-7.679476991000172781e+00
-7.857675576067663314e+00
-8.033186123346773400e+00
-8.205964601128254543e+00
-8.375967869260733778e+00
-8.543153689417989582e+00
-8.707480735075495915e+00
-8.868908601197794894e+00
-9.027397813646746982e+00
-9.182909838292639293e+00
-9.335407089834802719e+00
-9.484852940327725079e+00
-9.631211727411244539e+00
-9.774448762245002698e+00
-9.914530337139687788e+00
-1.005142373289355895e+01
-1.018509722582190236e+01
-1.031552009448530072e+01
-1.044266262611263230e+01
-1.056649612272086713e+01
-1.068699290692459414e+01
-1.080412632744127954e+01
-1.091787076428768621e+01
-1.102820163366337880e+01
-1.113509539253246139e+01
-1.123852954288477513e+01
-1.133848263569447390e+01
-1.143493427456457034e+01
-1.152786511906065137e+01
-1.161725688772989784e+01
-1.170309236081299886e+01
-1.178535538264191906e+01
-1.186403086372501114e+01
-1.193910478252183971e+01
-1.201056418690802730e+01
-1.207839719532499245e+01
-1.214259299762371391e+01
-1.220314185559506903e+01
-1.226003510319410239e+01
-1.231326514645032333e+01
-1.236282546307661967e+01
-1.240871060176628404e+01
-1.245091618118323851e+01
-1.248943888865217211e+01
-1.252427647854051251e+01
-1.255542777033708646e+01
-1.258289264643360461e+01
-1.260667204960073029e+01
-1.262676798016992308e+01
-1.264318349291474952e+01
-1.265592269363763300e+01
-1.266499073546545517e+01
-1.267039381484722682e+01
-1.267213916726936418e+01
-1.267023506267344146e+01
-1.266469080059758490e+01
-1.265551670502410175e+01
-1.264272411895415438e+01
-1.262632539869501436e+01
-1.260633390787447183e+01
-1.258276401117871579e+01
-1.255563106781901972e+01
-1.252495142472435319e+01
-1.249074240947160241e+01
-1.245302232294912770e+01
-1.241181043175556731e+01
-1.236712696034579118e+01
-1.231899308291181683e+01
-1.226743091502049054e+01
-1.221246350499116140e+01
-1.215411482503425056e+01
-1.209240976213901320e+01
-1.202737410872487089e+01
-1.195903455305427521e+01
-1.188741866940893388e+01
-1.181255490803815356e+01
-1.173447258487887446e+01
-1.165320187105117711e+01
-1.156877378212994145e+01
-1.148122016721059602e+01
-1.139057369774675266e+01
-1.129686785619075984e+01
-1.120013692442315900e+01
-1.110041597197960783e+01
-1.099774084408382002e+01
-1.089214814948079457e+01
-1.078367524808565747e+01
-1.067236023844319703e+01
-1.055824194500453395e+01
-1.044135990523175828e+01
-1.032175435651778095e+01
-1.019946622294884087e+01
-1.007453710189298945e+01
-9.947009250430117078e+00
-9.816925571625333191e+00
-9.684329600651233605e+00
-9.549265490757305130e+00
-9.411777999100705117e+00
-9.271912472434289398e+00
-9.129714832661386836e+00
-8.985231562256545956e+00
-8.838509689565677618e+00
-8.689596773980879263e+00
-8.538540890999607669e+00
-8.385390617168244631e+00
-8.230195014925367758e+00
-8.073003617332661364e+00
-7.913866412715396592e+00
-7.752833829200246107e+00
-7.589956719172190169e+00
-7.425286343641224640e+00
-7.258874356534180450e+00
-7.090772788903536572e+00
-6.921034033073880209e+00
-6.749710826716473377e+00
-6.576856236867540062e+00
-6.402523643886172344e+00
-6.226766725362098853e+00
-6.049639439976416178e+00
-5.871196011321515584e+00
-5.691490911681818865e+00
-5.510578845781585855e+00
-5.328514734504991246e+00
-5.145353698597751269e+00
-4.961151042339873030e+00
-4.775962237215940931e+00
-4.589842905566128728e+00
-4.402848804243054026e+00
-4.215035808261483830e+00
-4.026459894452558252e+00
-3.837177125137020361e+00
-3.647243631798859909e+00
-3.456715598792781119e+00
-3.265649247062040850e+00
-3.074100817893602233e+00
-2.882126556702769626e+00
-2.689782696854771338e+00
-2.497125443528800393e+00
-2.304210957630291823e+00
-2.111095339751006161e+00
-1.917834614187134301e+00
-1.724484713017408577e+00
-1.531101460243157186e+00
-1.337740555998190528e+00
-1.144457560834222232e+00
-9.513078800808377755e-01
-7.583467482877597199e-01
-5.656292137537595188e-01
-3.732101231472996217e-01
-1.811441062167898353e-01
1.051443939544743390e-02
2.017113632373613019e-01
3.923927770269011739e-01
5.825050695200505446e-01
7.719949212616515899e-01
9.608093192197614263e-01
1.148895571297216645e+00
1.336201320714296648e+00
1.522674560264126731e+00
1.708263646431571470e+00
1.892917313374703259e+00
2.076584686763632615e+00
2.259215297476117712e+00
2.440759095143818502e+00
2.621166461543264159e+00
2.800388223834435308e+00
2.978375667636314006e+00
3.155080549946882140e+00
3.330455111886256425e+00
3.504452091279425030e+00
3.677024735062692340e+00
3.848126811513196799e+00
4.017712622305501746e+00
4.185737014375979115e+00
4.352155391614177304e+00
4.516923726357056523e+00
4.679998570696911386e+00
4.841337067595530286e+00
5.000896961804386365e+00
5.158636610577221226e+00
5.314514994193009656e+00
5.468491726264447017e+00
5.620527063850540017e+00
5.770581917347604062e+00
5.918617860180465762e+00
6.064597138272552534e+00
6.208482679307143925e+00
6.350238101761397580e+00
6.489827723726755870e+00
6.627216571507797305e+00
6.762370387994530496e+00
6.895255640809127229e+00
7.025839530224984308e+00
7.154089996856084710e+00
7.279975729117794891e+00
7.403466170451222794e+00
7.524531526316651231e+00
7.643142770946273146e+00
7.759271653867006791e+00
7.872890706178480080e+00
7.983973246595451378e+00
8.092493387245424330e+00
8.198426039229156359e+00
8.301746917933364500e+00
8.402432548104592058e+00
8.500460268671224284e+00
8.595808237327823065e+00
8.688455434866893867e+00
8.778381669267218967e+00
8.865567579532134701e+00
8.949994639280333786e+00
9.031645160090613800e+00
9.110502294590300920e+00
9.186550039305778625e+00
9.259773237251524236e+00
9.330157580277496976e+00
9.397689611164450341e+00
9.462356725467026664e+00
9.524147173108993059e+00
9.583050059732597603e+00
9.639055347789250661e+00
9.692153857390039207e+00
9.742337266903025039e+00
9.789598113302503180e+00
9.833929792269872294e+00
9.875326558049900783e+00
9.913783523055837321e+00
9.949296657233110963e+00
9.981862787173714224e+00
1.001147959498664086e+01
1.003814561692850660e+01
1.006186024178712479e+01
1.008262370902569671e+01
1.010043710668498385e+01
1.011530236904787117e+01
1.012722227406536923e+01
1.013620044054476388e+01
1.014224132510359588e+01
1.014535021888849364e+01
1.014553324406318779e+01
1.014279735006325467e+01
1.013715030962345409e+01
1.012860071457703093e+01
1.011715797142762874e+01
1.010283229670135974e+01
1.008563471206884010e+01
1.006557703925658309e+01
1.004267189473191202e+01
1.001693268417728078e+01
9.988373596746523475e+00
9.957009599111502851e+00
9.922856429297423730e+00
9.885930590313023458e+00
9.846249343571839674e+00
9.803830702114915141e+00
9.758693423629917874e+00
9.710857003272561627e+00
9.660341666296382357e+00
9.607168360484882541e+00
9.551358748395278653e+00
9.492935199417118497e+00
9.431920781643281515e+00
9.368339253559534896e+00
9.302215055556695589e+00
9.233573301265002087e+00
9.162439768734618184e+00
9.088840891371138042e+00
9.012803748813487559e+00
8.934356057576158250e+00
8.853526161546307449e+00
8.770343022326002824e+00
8.684836209415625063e+00
8.597035890248600154e+00
8.506972820076018849e+00
8.414678331705273351e+00
8.320184325100401068e+00
8.223523256839870399e+00
8.124728129440232038e+00
8.023832480548763968e+00
7.920870372007253302e+00
7.815876378791620560e+00
7.708885577829116542e+00
7.599933536696620529e+00
7.489056302207393934e+00
7.376290388884481963e+00
7.261672767327432609e+00
7.145240852477573235e+00
7.027032491779172219e+00
6.907085953248875754e+00
6.785439913448382043e+00
6.662133445369437190e+00
6.537206006236313982e+00
6.410697425222884327e+00
6.282647891093888326e+00
6.153097939772132818e+00
6.022088441834260841e+00
5.889660589940161728e+00
5.755855886202542848e+00
5.620716129493587232e+00
5.484283402696733312e+00
5.346600059911252423e+00
5.207708713606209905e+00
5.067652221728714323e+00
4.926473674777614775e+00
4.784216382836405934e+00
4.640923862575381698e+00
4.496639824227883331e+00
4.351408158538465187e+00
4.205272923691246945e+00
4.058278332222610807e+00
3.910468737920473892e+00
3.761888622711500041e+00
3.612582583548459514e+00
3.462595319290445506e+00
3.311971617586978223e+00
3.160756341769735300e+00
3.008994417751948980e+00
2.856730820941680626e+00
2.704010563172150938e+00
2.550878679655135706e+00
2.397380215952648275e+00
2.243560214987243118e+00
2.089463704072710204e+00
1.935135681989112566e+00
1.780621106092806993e+00
1.625964879473451585e+00
1.471211838149782736e+00
1.316406738324682024e+00
1.161594243687422701e+00
1.006818912775928831e+00
8.521251863998354770e-01
6.975573751257090338e-01
5.431596468316087778e-01
3.889760143327655739e-01
2.350503230816071154e-01
8.142623894528545903e-02
-7.185276393765641090e-02
-2.247434152107591065e-01
-3.772026602711258669e-01
-5.291876721464056077e-01
-6.806558632776021911e-01
-8.315648972072094969e-01
-9.818727001641069929e-01
-1.131537472546159107e+00
-1.280517700295001893e+00
-1.428772166162352031e+00
-1.576259960863699572e+00
-1.722940494113698762e+00
-1.868773505547331792e+00
-2.013719075516229751e+00
-2.157737635761814765e+00
-2.300789979962200249e+00
-2.442837274146598237e+00
-2.583841066982813128e+00
-2.723763299922572934e+00
-2.862566317214413125e+00
-3.000212875774382670e+00
-3.136666154913986926e+00
-3.271889765923486681e+00
-3.405847761506687110e+00
-3.538504645065446486e+00
-3.669825379834938506e+00
-3.799775397859451509e+00
-3.928320608815217607e+00
-4.055427408672624523e+00
-4.181062688198171173e+00
-4.305193841291945489e+00
-4.427788773161640989e+00
-4.548815908327797253e+00
-4.668244198461833250e+00
-4.786043130050829930e+00
-4.902182731891824297e+00
-5.016633582411585301e+00
-5.129366816808276219e+00
-5.240354134017481513e+00
-5.349567803497918383e+00
-5.456980671836898722e+00
-5.562566169171851982e+00
-5.666298315432477750e+00
-5.768151726391260503e+00
-5.868101619532807511e+00
-5.966123819735456912e+00
-6.062194764759286869e+00
-6.156291510550368606e+00
-6.248391736349755199e+00
-6.338473749614337294e+00
-6.426516490739035525e+00
-6.512499537591750709e+00
-6.596403109847460478e+00
-6.678208073134157097e+00
-6.757895942974126768e+00
-6.835448888535386125e+00
-6.910849736182079539e+00
-6.984081972830242790e+00
-7.055129749099374514e+00
-7.123977882270167150e+00
-7.190611859044527598e+00
-7.255017838097580274e+00
-7.317182652439953472e+00
-7.377093811574350291e+00
-7.434739503452417075e+00
-7.490108596234350102e+00
-7.543190639844842948e+00
-7.593975867330320817e+00
-7.642455196017698960e+00
-7.688620228471030771e+00
-7.732463253248672785e+00
-7.773977245464264385e+00
-7.813155867143128930e+00
-7.849993467385285584e+00
-7.884485082327372218e+00
-7.916626434907771070e+00
-7.946413934434411352e+00
-7.973844675955432670e+00
-7.998916439435091341e+00
-8.021627688734286110e+00
-8.041977570396413810e+00
-8.059965912239290375e+00
-8.075593221755291040e+00
-8.088860684319232774e+00
-8.099770161206661712e+00
-8.108324187418745055e+00
-8.114525969324393628e+00
-8.118379382110710196e+00
-8.119888967048050077e+00
-8.119059928570424134e+00
-8.115898131174541064e+00
-8.110410096131584368e+00
-8.102602998021984249e+00
-8.092484661089095255e+00
-8.080063555416716170e+00
-8.065348792925634669e+00
-8.048350123202952844e+00
-8.029077929151254622e+00
-8.007543222469154287e+00
-7.983757638960939929e+00
-7.957733433681070778e+00
-7.929483475908836176e+00
-7.899021243961326988e+00
-7.866360819843293051e+00
-7.831516883734815693e+00
-7.794504708322983255e+00
-7.755340152976751611e+00
-7.714039657764789837e+00
-7.670620237326408741e+00
-7.625099474585049109e+00
-7.577495514320246706e+00
-7.527827056592503396e+00
-7.476113350021024395e+00
-7.422374184924827034e+00
-7.366629886322229481e+00
-7.308901306796189878e+00
-7.249209819221825057e+00
-7.187577309367507716e+00
-7.124026168361131006e+00
-7.058579285035178508e+00
-6.991260038142293354e+00
-6.922092288453848496e+00
-6.851100370736958212e+00
-6.778309085615592977e+00
-6.703743691316847553e+00
-6.627429895308321051e+00
-6.549393845824904581e+00
-6.469662123292054368e+00
-6.388261731642356445e+00
-6.305220089534975259e+00
-6.220565021478300594e+00
-6.134324748853040354e+00
-6.046527880850641523e+00
-5.957203405314333899e+00
-5.866380679500626805e+00
-5.774089420753985458e+00
-5.680359697102811189e+00
-5.585221917777139389e+00
-5.488706823649661892e+00
-5.390845477607462577e+00
-5.291669254856025795e+00
-5.191209833153535236e+00
-5.089499182985258052e+00
-4.986569557676487463e+00
-4.882453483450359677e+00
-4.777183749427408088e+00
-4.670793397581020301e+00
-4.563315712637067811e+00
-4.454784211933738192e+00
-4.345232635240009245e+00
-4.234694934528235422e+00
-4.123205263720887359e+00
-4.010797968395874769e+00
-3.897507575464591145e+00
-3.783368782825235588e+00
-3.668416448988935041e+00
-3.552685582687037158e+00
-3.436211332460293200e+00
-3.319028976230507411e+00
-3.201173910865280359e+00
-3.082681641727492927e+00
-2.963587772225094064e+00
-2.843927993354241401e+00
-2.723738073242175872e+00
-2.603053846693675233e+00
-2.481911204747286437e+00
-2.360346084232568753e+00
-2.238394457346024602e+00
-2.116092321238901786e+00
-1.993475687621245829e+00
-1.870580572389899610e+00
-1.747442985277699590e+00
-1.624098919527221740e+00
-1.500584341597988036e+00
-1.376935180901642353e+00
-1.253187319573458192e+00
-1.129376582280522845e+00
-1.005538726072742417e+00
-8.817094302716098619e-01
-7.579242864107424982e-01
-6.342187882198381255e-01
-5.106283216634533995e-01
-3.871881550302556096e-01
-2.639334290812805350e-01
-1.408991472575112369e-01
-1.812016594541112149e-02
1.043688151902704281e-01
2.265332628065047371e-01
3.483388194155550566e-01
4.697513128440003460e-01
5.907367656211569562e-01
7.112614042857103858e-01
8.312916686187539206e-01
9.507942207921608047e-01
1.069735954435573344e+00
1.188084003613627981e+00
1.305805751719831820e+00
1.422868840277834446e+00
1.539241177649004921e+00
1.654890947644347188e+00
1.769786618044124404e+00
1.883896949014250977e+00
1.997191001422433887e+00
2.109638145050943159e+00
2.221208066704502215e+00
2.331870778213668505e+00
2.441596624322310394e+00
2.550356290470443543e+00
2.658120810462971662e+00
2.764861574021383994e+00
2.870550334220689948e+00
2.975159214808612340e+00
3.078660717403206792e+00
3.181027728569771007e+00
3.282233526776587418e+00
3.382251789220656502e+00
3.481056598531943269e+00
3.578622449350383761e+00
3.674924254766083642e+00
3.769937352638581540e+00
3.863637511777604949e+00
3.956000937990148625e+00
4.047004279998003717e+00
4.136624635212063694e+00
4.224839555375589306e+00
4.311627052064989307e+00
4.396965602050403099e+00
4.480834152520347224e+00
4.563212126159067239e+00
4.644079426081983542e+00
4.723416440631640789e+00
4.801204048022142956e+00
4.877423620843039487e+00
4.952057030412298388e+00
5.025086650986972714e+00
5.096495363819621538e+00
5.166266561071326535e+00
5.234384149569502043e+00
5.300832554419458553e+00
5.365596722463775947e+00
5.428662125587937481e+00
5.490014763878148685e+00
5.549641168620258469e+00
5.607528405151626316e+00
5.663664075555707278e+00
5.718036321203364025e+00
5.770633825140377482e+00
5.821445814319008427e+00
5.870462061676146703e+00
5.917672888055768965e+00
5.963069163974236808e+00
6.006642311232480047e+00
6.048384304370417297e+00
6.088287671966865489e+00
6.126345497784060790e+00
6.162551421753096115e+00
6.196899640807695064e+00
6.229384909558886463e+00
6.260002540815872152e+00
6.288748405949223574e+00
6.315618935102202514e+00
6.340611117240992023e+00
6.363722500056233855e+00
6.384951189705924790e+00
6.404295850403345369e+00
6.421755703853678554e+00
6.437330528534126017e+00
6.451020658821862597e+00
6.462826983968998462e+00
6.472750946923988558e+00
6.480794543002057040e+00
6.486960318402312353e+00
6.491251368576933523e+00
6.493671336446328546e+00
6.494224410465840869e+00
6.492915322544824619e+00
6.489749345814712633e+00
6.484732292248597041e+00
6.477870510137346827e+00
6.469170881416692609e+00
6.458640818847830367e+00
6.446288263055478751e+00
6.432121679419018356e+00
6.416150054824082183e+00
6.398382894269118992e+00
6.378830217330321517e+00
6.357502554487535207e+00
6.334410943310538222e+00
6.309566924505690899e+00
6.282982537825509972e+00
6.254670317843300076e+00
6.224643289587974415e+00
6.192914964049503368e+00
6.159499333547919342e+00
6.124410866971325085e+00
6.087664504881838745e+00
6.049275654494049803e+00
6.009260184520486270e+00
5.967634419894079834e+00
5.924415136362271461e+00
5.879619554955355376e+00
5.833265336332843276e+00
5.785370575005991611e+00
5.735953793440827120e+00
5.685033936038377256e+00
5.632630363002041562e+00
5.578762844079724559e+00
5.523451552198946679e+00
5.466717056981597267e+00
5.408580318149391886e+00
5.349062678817132266e+00
5.288185858674414597e+00
5.225971947062101108e+00
5.162443395940287338e+00
5.097623012750614357e+00
5.031533953177371288e+00
4.964199713803864711e+00
4.895644124670034181e+00
4.825891341730006445e+00
4.754965839216087176e+00
4.682892401902313928e+00
4.609696117278701877e+00
4.535402367631253817e+00
4.460036822031447912e+00
4.383625428241460398e+00
4.306194404526547004e+00
4.227770231387927957e+00
4.148379643209858969e+00
4.068049619828576269e+00
3.986807378018834225e+00
3.904680362906992386e+00
3.821696239303489229e+00
3.737882882969768783e+00
3.653268371807627091e+00
3.567880976982880536e+00
3.481749153980465916e+00
3.394901533595640952e+00
3.307366912862394592e+00
3.219174245919920185e+00
3.130352634821166546e+00
3.040931320288401629e+00
2.950939672408551484e+00
2.860407181282533795e+00
2.769363447622622765e+00
2.677838173302491853e+00
2.585861151864295771e+00
2.493462258981228086e+00
2.400671442882888584e+00
2.307518714740797172e+00
2.214034139020175207e+00
2.120247823800820886e+00
2.026189911065536364e+00
1.931890566963166522e+00
1.837379972046557119e+00
1.742688311489512198e+00
1.647845765283018959e+00
1.552882498417114787e+00
1.457828651046512602e+00
1.362714328649962336e+00
1.267569592175963100e+00
1.172424448187437518e+00
1.077308839004439189e+00
9.822526328451615107e-01
8.872856139719796920e-01
7.924374728462444395e-01
6.977377962887995055e-01
6.032160576593572632e-01
5.089016070464322805e-01
4.148236614807761513e-01
3.210112951687857374e-01
2.274934297523718563e-01
1.342988246017188803e-01
4.145606713221643147e-02
-5.100643683420363894e-02
-1.430604726734852339e-01
-2.346780265192601189e-01
-3.258312947774675838e-01
-4.164926935930233221e-01
-5.066348682575355644e-01
-5.962307025684498996e-01
-6.852533281233109674e-01
-7.736761335502011505e-01
-8.614727736721582430e-01
-9.486171786000238138e-01
-1.035083562751696551e+00
-1.120846433790536167e+00
-1.205880601485176618e+00
-1.290161186479432454e+00
-1.373663628977609408e+00
-1.456363697329993601e+00
-1.538237496527433024e+00
-1.619261476592396720e+00
-1.699412440863961260e+00
-1.778667554176778687e+00
-1.857004350925612224e+00
-1.934400743014493829e+00
-2.010835027687142507e+00
-2.086285895229682108e+00
-2.160732436549605229e+00
-2.234154150622368107e+00
-2.306530951797983064e+00
-2.377843176976282891e+00
-2.448071592633298987e+00
-2.517197401700850712e+00
-2.585202250299236670e+00
-2.652068234311139694e+00
-2.717777905800776939e+00
-2.782314279268218282e+00
-2.845660837741307514e+00
-2.907801538694700039e+00
-2.968720819797831645e+00
-3.028403604487593270e+00
-3.086835307356992075e+00
-3.144001839365415218e+00
-3.199889612856737120e+00
-3.254485546389428219e+00
-3.307777069372966672e+00
-3.359752126505506364e+00
-3.410399182013025943e+00
-3.459707223681598443e+00
-3.507665766686331565e+00
-3.554264857207986683e+00
-3.599495075836800950e+00
-3.643347540760404790e+00
-3.685813910736164267e+00
-3.726886387836019665e+00
-3.766557719973281593e+00
-3.804821203196483204e+00
-3.841670683760004312e+00
-3.877100559959261172e+00
-3.911105783732980790e+00
-3.943681862029554175e+00
-3.974824857933756839e+00
-4.004531391555249620e+00
-4.032798640673893154e+00
-4.059624341140333215e+00
-4.085006787032706477e+00
-4.108944830566894524e+00
-4.131437881754773223e+00
-4.152485907816752864e+00
-4.172089432341341109e+00
-4.190249534193978498e+00
-4.206967846173264469e+00
-4.222246553413612880e+00
-4.236088391533194830e+00
-4.248496644529868860e+00
-4.259475142419722360e+00
-4.269028258623749572e+00
-4.277160907097913523e+00
-4.283878539209943881e+00
-4.289187140361662820e+00
-4.293093226358262626e+00
-4.295603839523930212e+00
-4.296726544565542483e+00
-4.296469424186394548e+00
-4.294841074450780560e+00
-4.291850599895357554e+00
-4.287507608399937276e+00
-4.281822205809021398e+00
-4.274804990311614539e+00
-4.266467046578861222e+00
-4.256819939661988350e+00
-4.245875708654540226e+00
-4.233646860120686028e+00
-4.220146361290033177e+00
-4.205387633025427618e+00
-4.189384542565056435e+00
-4.172151396041046567e+00
-4.153702930781042468e+00
-4.134054307392776018e+00
-4.113221101637560828e+00
-4.091219296095676583e+00
-4.068065271629776269e+00
-4.043775798646705333e+00
-4.018368028164817751e+00
-3.991859482693464578e+00
-3.964268046923480338e+00
-3.935611958238637076e+00
-3.905909797051719146e+00
-3.875180476969287913e+00
-3.843443234790975715e+00
-3.810717620350956736e+00
-3.777023486203401781e+00
-3.742380977161591460e+00
-3.706810519692782968e+00
-3.670332811178802057e+00
-3.632968809045269865e+00
-3.594739719766771202e+00
-3.555666987757208020e+00
-3.515772284145540993e+00
-3.475077495451636356e+00
-3.433604712159548988e+00
-3.391376217206784283e+00
-3.348414474385338568e+00
-3.304742116664521223e+00
-3.260381934451613617e+00
-3.215356863783175090e+00
-3.169689974465096594e+00
-3.123404458165279785e+00
-3.076523616463107569e+00
-3.029070848868874233e+00
-2.981069640819147715e+00
-2.932543551650176550e+00
-2.883516202567150799e+00
-2.834011264604326286e+00
-2.784052446597170327e+00
-2.733663483163220054e+00
-2.682868122704313407e+00
-2.631690115438401811e+00
-2.580153201465936963e+00
-2.528281098881172806e+00
-2.476097491933801020e+00
-2.423626019251929442e+00
-2.370890262127663295e+00
-2.317913732879917532e+00
-2.264719863299604175e+00
-2.211331993181514743e+00
-2.157773358954313103e+00
-2.104067082413976664e+00
