-1.737926630480307155e+00
-2.066596840035587412e+00
-2.430413854457323719e+00
-2.828391371256767428e+00
-3.258929200266533766e+00
-3.719913440480871802e+00
-4.208841347313144077e+00
-4.722958947354659820e+00
-5.259399042602824537e+00
-5.815308368647029269e+00
-6.387955053909392333e+00
-6.974810714521853861e+00
-7.573604973835557530e+00
-8.182353398946878187e+00
-8.799362389214715918e+00
-9.423216188611071686e+00
-1.005275186191005865e+01
-1.068702787255016062e+01
-1.132529103931949876e+01
-1.196694539487850584e+01
-1.261152508288419938e+01
-1.325867212774898540e+01
-1.390811884053349345e+01
-1.455967386642505446e+01
-1.521321045791341042e+01
-1.586865545892089990e+01
-1.652597767130572493e+01
-1.718517469385576746e+01
-1.784625790868853557e+01
-1.850923595798309762e+01
-1.917409770528822932e+01
-1.984079619966479413e+01
-2.050923545145590410e+01
-2.117926180569289940e+01
-2.185066133234992947e+01
-2.252316397636868217e+01
-2.319645432673884855e+01
-2.387018792809191581e+01
-2.454401124835414549e+01
-2.521758289411537035e+01
-2.589059353962765542e+01
-2.656278233299740066e+01
-2.723394820232788049e+01
-2.790395536740232174e+01
-2.857273328629717213e+01
-2.924027204535527247e+01
-2.990661468829632597e+01
-3.057184809970802419e+01
-3.123609381896826065e+01
-3.189949965214703553e+01
-3.256223231759383197e+01
-3.322447077275477056e+01
-3.388639947407334319e+01
-3.454820071514324553e+01
-3.521004539356722773e+01
-3.587208201956777742e+01
-3.653442438078919707e+01
-3.719713886403654612e+01
-3.786023285311296860e+01
-3.852364575693798798e+01
-3.918724402305838339e+01
-3.985082098502716264e+01
-4.051410167600985091e+01
-4.117675196259240522e+01
-4.183839067458334426e+01
-4.249860296910222246e+01
-4.315695305720237229e+01
-4.381299465302835472e+01
-4.446627801950175751e+01
-4.511635316300437637e+01
-4.576276942523188751e+01
-4.640507229094239960e+01
-4.704279856981182206e+01
-4.767547117106560961e+01
-4.830259448760138241e+01
-4.892365101431363428e+01
-4.953809935020990451e+01
-5.014537328963474749e+01
-5.074488138888610678e+01
-5.133600625629121339e+01
-5.191810286538095198e+01
-5.249049539907255735e+01
-5.305247243693815307e+01
-5.360328062849549013e+01
-5.414211729382489580e+01
-5.466812262206053674e+01
-5.518037228788097792e+01
-5.567787138623177157e+01
-5.615955061533143322e+01
-5.662426563237184496e+01
-5.707080046560513154e+01
-5.749787577379607484e+01
-5.790416257074721074e+01
-5.828830175118221746e+01
-5.864892935333266166e+01
-5.898470699047949495e+01
-5.929435632920522181e+01
-5.957669596460814176e+01
-5.983067863263823938e+01
-6.005542648814076756e+01
-6.025026221491562950e+01
-6.041473402734225573e+01
-6.054863313047238904e+01
-6.065200284712610568e+01
-6.072513929682887834e+01
-6.076858412567166567e+01
-6.078311026453447852e+01
-6.076970199687935548e+01
-6.072953074470834878e+01
-6.066392795987995612e+01
-6.057435638147807566e+01
-6.046238073415400294e+01
-6.032963873493547879e+01
-6.017781307197970619e+01
-6.000860483204925799e+01
-5.982370869170183170e+01
-5.962479005663149678e+01
-5.941346424185437769e+01
-5.919127774018014065e+01
-5.895969163136184221e+01
-5.872006723444768284e+01
-5.847365418457992092e+01
-5.822158119574190493e+01
-5.796484982065893377e+01
-5.770433150952516144e+01
-5.744076818395004835e+01
-5.717477638329766876e+01
-5.690685482870615886e+01
-5.663739502176452589e+01
-5.636669429220418692e+01
-5.609497056898259615e+01
-5.582237809390433370e+01
-5.554902332827998634e+01
-5.527498040301993854e+01
-5.500030559906018368e+01
-5.472505048192881105e+01
-5.444927342148952221e+01
-5.417304928946457920e+01
-5.389647714494140729e+01
-5.361968570938884682e+01
-5.334283642544527027e+01
-5.306612391714849508e+01
-5.278977374579494608e+01
-5.251403749447577951e+01
-5.223918540853289016e+01
-5.196549704597209285e+01
-5.169325061647514730e+01
-5.142271186911545300e+01
-5.115412348727467418e+01
-5.088769593329838159e+01
-5.062360053947918459e+01
-5.036196537150495089e+01
-5.010287402471278284e+01
-4.984636710363439960e+01
-4.959244574841090270e+01
-4.934107627935532037e+01
-4.909219489545512261e+01
-4.884571142232445595e+01
-4.860151136358993540e+01
-4.835945593114438879e+01
-4.811938024303594830e+01
-4.788109038886326374e+01
-4.764436047248958062e+01
-4.740893096692184372e+01
-4.717450970485819539e+01
-4.694077657180166341e+01
-4.670739250176085022e+01
-4.647401276976533069e+01
-4.624030392431038194e+01
-4.600596310512261766e+01
-4.577073803471017044e+01
-4.553444571957743392e+01
-4.529698788132754572e+01
-4.505836135938451292e+01
-4.481866215694004296e+01
-4.457808238854726568e+01
-4.433690006536053829e+01
-4.409546234939957543e+01
-4.385416354902008607e+01
-4.361341964858663545e+01
-4.337364151309770932e+01
-4.313520904689288926e+01
-4.289844849839491303e+01
-4.266361479617026475e+01
-4.243088030427372104e+01
-4.220033074697825271e+01
-4.197196834208106964e+01
-4.174572147654437515e+01
-4.152145963918520977e+01
-4.129901186559738591e+01
-4.107818670532412142e+01
-4.085879171797094500e+01
-4.064065073764012936e+01
-4.042361757366547437e+01
-4.020758537054401671e+01
-3.999249144275619727e+01
-3.977831793854806364e+01
-3.956508909136159957e+01
-3.935286603718792264e+01
-3.914174019757001588e+01
-3.893182607855914767e+01
-3.872325407657138641e+01
-3.851616359280315294e+01
-3.831069651819937860e+01
-3.810699102022984164e+01
-3.790517556485810502e+01
-3.770536322443269484e+01
-3.750764650035455361e+01
-3.731209305217429062e+01
-3.711874279646976049e+01
-3.692760676712634194e+01
-3.673866790258367132e+01
-3.655188358308279817e+01
-3.636718936245812017e+01
-3.618450302889354475e+01
-3.600372798811527986e+01
-3.582475505920282188e+01
-3.564746212120516589e+01
-3.547171159722635281e+01
-3.529734640306556770e+01
-3.512418557594700985e+01
-3.495202118895889498e+01
-3.478061823515267292e+01
-3.460971888059388135e+01
-3.443905186419671338e+01
-3.426834696491008714e+01
-3.409735351945920456e+01
-3.392586113406169801e+01
-3.375372015345541143e+01
-3.358085924329414951e+01
-3.340729764963944604e+01
-3.323315028714986852e+01
-3.305862467434403840e+01
-3.288400973533123306e+01
-3.270965746453776291e+01
-3.253595926215481171e+01
-3.236331929032163401e+01
-3.219212742219411894e+01
-3.202273425973817211e+01
-3.185543032758534210e+01
-3.169043098582372053e+01
-3.152786793385079989e+01
-3.136778748862887056e+01
-3.121015518973208813e+01
-3.105486576773090945e+01
-3.090175714827319808e+01
-3.075062696816660690e+01
-3.060125005030792167e+01
-3.045339540439829662e+01
-3.030684156015611919e+01
-3.016138935960821144e+01
-3.001687168971829678e+01
-2.987315998025666985e+01
-2.973016758402118143e+01
-2.958785036826973069e+01
-2.944620496448029101e+01
-2.930526515319069247e+01
-2.916509682283237126e+01
-2.902579186837516545e+01
-2.888746132261655220e+01
-2.875022796982133499e+01
-2.861421869468137302e+01
-2.847955686823754817e+01
-2.834635514814598523e+01
-2.821470914257255558e+01
-2.808469241988666454e+01
-2.795635331050628025e+01
-2.782971382724424814e+01
-2.770477083047650879e+01
-2.758149930890251866e+01
-2.745985737620300782e+01
-2.733979234702909622e+01
-2.722124709869346759e+01
-2.710416588172435226e+01
-2.698849882763304464e+01
-2.687420460756673890e+01
-2.676125099113028583e+01
-2.664961339449019206e+01
-2.653927183681996382e+01
-2.643020699142802243e+01
-2.632239617983663393e+01
-2.621581018775712479e+01
-2.611041167589048584e+01
-2.600615573104569833e+01
-2.590299278726246612e+01
-2.580087378784748253e+01
-2.569975710828688875e+01
-2.559961646577590244e+01
-2.550044884393680533e+01
-2.540228138781921885e+01
-2.530517628438676780e+01
-2.520923282980687929e+01
-2.511458617341530086e+01
-2.502140258314964782e+01
-2.492987145484468670e+01
-2.484019464247719711e+01
-2.475257397662504033e+01
-2.466719803162398605e+01
-2.458422927880875974e+01
-2.450379271955339533e+01
-2.442596693824978260e+01
-2.435077827515619475e+01
-2.427819852402121015e+01
-2.420814624479330135e+01
-2.414049148111837795e+01
-2.407506341324883437e+01
-2.401166027828201166e+01
-2.395006076067722489e+01
-2.389003599769550235e+01
-2.383136135159130831e+01
-2.377382716458109613e+01
-2.371724782448416491e+01
-2.366146861968383064e+01
-2.360637004355898938e+01
-2.355186941225072061e+01
-2.349791987501000889e+01
-2.344450710942207650e+01
-2.339164418667725442e+01
-2.333936524417958580e+01
-2.328771869362734748e+01
-2.323676070577235819e+01
-2.318654964025929743e+01
-2.313714193406440955e+01
-2.308858974241601203e+01
-2.304094037139453022e+01
-2.299423728970531400e+01
-2.294852229823911571e+01
-2.290383830393395925e+01
-2.286023210992043175e+01
-2.281775669953610475e+01
-2.277647264048901121e+01
-2.273644843347071287e+01
-2.269775983332840497e+01
-2.266048833676061136e+01
-2.262471912458793000e+01
-2.259053875326820560e+01
-2.255803281601400911e+01
-2.252728366614761057e+01
-2.249836815606418838e+01
-2.247135523999802231e+01
-2.244630325503089452e+01
-2.242325675107545280e+01
-2.240224288083404858e+01
-2.238326755444644789e+01
-2.236631176239208330e+01
-2.235132861975256091e+01
-2.233824173829603410e+01
-2.232694546304622563e+01
-2.231730731766716147e+01
-2.230917271737741814e+01
-2.230237168108934043e+01
-2.229672696906897755e+01
-2.229206284858945963e+01
-2.228821359137169367e+01
-2.228503085089978342e+01
-2.228238924384741182e+01
-2.228018973118395962e+01
-2.227836070772605481e+01
-2.227685700605567121e+01
-2.227565725162867594e+01
-2.227476013776256636e+01
-2.227418021188244524e+01
-2.227394369034357879e+01
-2.227408467842225548e+01
-2.227464200418610574e+01
-2.227565671940032388e+01
-2.227717020832217898e+01
-2.227922279273501971e+01
-2.228185272893497526e+01
-2.228509554488799083e+01
-2.228898373867677307e+01
-2.229354692441332375e+01
-2.229881254393016121e+01
-2.230480724531380332e+01
-2.231155895806421796e+01
-2.231909957720728244e+01
-2.232746802377129214e+01
-2.233671330295720736e+01
-2.234689706375408136e+01
-2.235809510326942373e+01
-2.237039727882574169e+01
-2.238390540464986245e+01
-2.239872891850848191e+01
-2.241497839208792087e+01
-2.243275729582044420e+01
-2.245215276763722656e+01
-2.247322641888841233e+01
-2.249600638058369739e+01
-2.252048179955271223e+01
-2.254660080871318328e+01
-2.257427262129336043e+01
-2.260337387496136330e+01
-2.263375875198366671e+01
-2.266527182324688994e+01
-2.269776211126157506e+01
-2.273109662974081857e+01
-2.276517169027202314e+01
-2.279992057684786744e+01
-2.283531673079116331e+01
-2.287137227050587285e+01
-2.290813237284645254e+01
-2.294566664164948833e+01
-2.298405898063816366e+01
-2.302339761007844032e+01
-2.306376670921545369e+01
-2.310524077193872827e+01
-2.314788221493100195e+01
-2.319174218180629055e+01
-2.323686394991783288e+01
-2.328328795534547169e+01
-2.333105725890415272e+01
-2.338022229498648130e+01
-2.343084395164060396e+01
-2.348299437245841403e+01
-2.353675528127637762e+01
-2.359221403989272758e+01
-2.364945799630521606e+01
-2.370856792189799833e+01
-2.376961144576132412e+01
-2.383263736804834920e+01
-2.389767158497152977e+01
-2.396471511320897818e+01
-2.403374439893953607e+01
-2.410471377993168574e+01
-2.417755968214147799e+01
-2.425220591448718821e+01
-2.432856930636962645e+01
-2.440656492751754314e+01
-2.448611023758463290e+01
-2.456712771545695162e+01
-2.464954578287334286e+01
-2.473329812167827413e+01
-2.481832174401812097e+01
-2.490455436979099346e+01
-2.499193176655384718e+01
-2.508038570057130556e+01
-2.516984303817220692e+01
-2.526022634490360019e+01
-2.535145608927115290e+01
-2.544345430732430202e+01
-2.553614936221986298e+01
-2.562948127005521215e+01
-2.572340697871887372e+01
-2.581790498564570413e+01
-2.591297875601675571e+01
-2.600865853877210299e+01
-2.610500135283376721e+01
-2.620208910890532295e+01
-2.630002502458366820e+01
-2.639892866752985157e+01
-2.649893011139323562e+01
-2.660016380165795624e+01
-2.670276279285991095e+01
-2.680685402325081768e+01
-2.691255522712982895e+01
-2.701997394149969267e+01
-2.712920884262431187e+01
-2.724035336046975431e+01
-2.735350118846663747e+01
-2.746875296798589616e+01
-2.758622312539927179e+01
-2.770604562179013186e+01
-2.782837728504626185e+01
-2.795339746486292754e+01
-2.808130300086064679e+01
-2.821229792011701676e+01
-2.834657785780324346e+01
-2.848430987517001611e+01
-2.862560906367950864e+01
-2.877051398714318964e+01
-2.891896353127578934e+01
-2.907077801048538745e+01
-2.922564734923966512e+01
-2.938312876465559853e+01
-2.954265562629423414e+01
-2.970355810899653193e+01
-2.986509498897544290e+01
-3.002649461153893284e+01
-3.018700185717951712e+01
-3.034592702887295346e+01
-3.050269212604833413e+01
-3.065687005170128288e+01
-3.080821293320983045e+01
-3.095666685458870404e+01
-3.110237175147586086e+01
-3.124564680943788630e+01
-3.138696321028301384e+01
-3.152690728673096388e+01
-3.166613792191640187e+01
-3.180534229177382599e+01
-3.194519380492616989e+01
-3.208631543231737737e+01
-3.222925067779402752e+01
-3.237444338506713848e+01
-3.252222656171372961e+01
-3.267281954880277794e+01
-3.282633224812737183e+01
-3.298277475971033823e+01
-3.314207066034439464e+01
-3.330407222407135492e+01
-3.346857609437056880e+01
-3.363533821771726195e+01
-3.380408720332776085e+01
-3.397453565904998385e+01
-3.414638944663109044e+01
-3.431935517407730174e+01
-3.449314656099464571e+01
-3.466749052737174708e+01
-3.484213391825383610e+01
-3.501685164906245973e+01
-3.519145672872596720e+01
-3.536581211832722005e+01
-3.553984378111886144e+01
-3.571355367905616163e+01
-3.588703099165500277e+01
-3.606045958780031668e+01
-3.623411985038191574e+01
-3.640838336501206385e+01
-3.658369970280509165e+01
-3.676057545904547652e+01
-3.693954671636892328e+01
-3.712114702548492318e+01
-3.730587369056338787e+01
-3.749415549820412252e+01
-3.768632498137490927e+01
-3.788259786901381432e+01
-3.808306160399331475e+01
-3.828767382866892888e+01
-3.849627067558906646e+01
-3.870858370099890067e+01
-3.892426348193523467e+01
-3.914290735119996612e+01
-3.936408851284684118e+01
-3.958738386490843908e+01
-3.981239821864251383e+01
-4.003878317893757099e+01
-4.026624965638070819e+01
-4.049457373032750240e+01
-4.072359629098843925e+01
-4.095321748546970753e+01
-4.118338742264712948e+01
-4.141409481891157895e+01
-4.164535527683739247e+01
-4.187720069000774004e+01
-4.210967089091686688e+01
-4.234280815800000397e+01
-4.257665464304267289e+01
-4.281125225249837740e+01
-4.304664409648039225e+01
-4.328287637546398514e+01
-4.351999954952581362e+01
-4.375806783514051546e+01
-4.399713646688521607e+01
-4.423725667542872486e+01
-4.447846887225874468e+01
-4.472079499037046446e+01
-4.496423121543389101e+01
-4.520874239254582250e+01
-4.545425919436350171e+01
-4.570067872283316746e+01
-4.594786866907846701e+01
-4.619567458284216599e+01
-4.644392931810105551e+01
-4.669246341980935711e+01
-4.694111515320081196e+01
-4.718973905529094282e+01
-4.743821226021647419e+01
-4.768643832772568203e+01
-4.793434877961358609e+01
-4.818190291904660683e+01
-4.842908669727991366e+01
-4.867591137025986114e+01
-4.892241247338800747e+01
-4.916864930043475113e+01
-4.941470469521010500e+01
-4.966068465144878274e+01
-4.990671704918410967e+01
-5.015294887915018052e+01
-5.039954151698849216e+01
-5.064666395582842284e+01
-5.089448430448948812e+01
-5.114316021158461467e+01
-5.139282909762215468e+01
-5.164359911609275855e+01
-5.189554161575302516e+01
-5.214868558284935318e+01
-5.240301418248625964e+01
-5.265846318536267034e+01
-5.291492084097952642e+01
-5.317222868921842860e+01
-5.343018289130848331e+01
-5.368853586602087802e+01
-5.394699826312841395e+01
-5.420524150978513234e+01
-5.446290125733251131e+01
-5.471958200144490547e+01
-5.497486295690087132e+01
-5.522830499002211724e+01
-5.547945812384988784e+01
-5.572786891511862706e+01
-5.597308692190900814e+01
-5.621466956520301039e+01
-5.645218492235118646e+01
-5.668521232284319922e+01
-5.691334096928819974e+01
-5.713616709745753042e+01
-5.735329035383965390e+01
-5.756431007600744465e+01
-5.776882201981365483e+01
-5.796641583559429733e+01
-5.815667332587607063e+01
-5.833916729802555778e+01
-5.851346072019053679e+01
-5.867910592886821064e+01
-5.883564381150824829e+01
-5.898260314844658581e+01
-5.911950056882289317e+01
-5.924584177115705330e+01
-5.936112471179538375e+01
-5.946484533786387061e+01
-5.955650614428483181e+01
-5.963562741927571409e+01
-5.970176059428026605e+01
-5.975450272962336129e+01
-5.979351093256050831e+01
-5.981851547426001758e+01
-5.982933055590400073e+01
-5.982586203307329953e+01
-5.980811186438131699e+01
-5.977617950617751319e+01
-5.973026083267490804e+01
-5.967064534625567518e+01
-5.959771242242437950e+01
-5.951192712210874447e+01
-5.941383575946469620e+01
-5.930406102603901530e+01
-5.918329614323359777e+01
-5.905229733402870096e+01
-5.891187392939152545e+01
-5.876287566665043727e+01
-5.860617715887138957e+01
-5.844266003590147562e+01
-5.827319377289223468e+01
-5.809861662030595397e+01
-5.791971823952147247e+01
-5.773722557819667855e+01
-5.755179318845138425e+01
-5.736399864974691098e+01
-5.717434310055541147e+01
-5.698325622585197436e+01
-5.679110450867050730e+01
-5.659820122758351602e+01
-5.640481662003076480e+01
-5.621118683402785621e+01
-5.601752070708572262e+01
-5.582400395092027878e+01
-5.563080087359141146e+01
-5.543805423027364299e+01
-5.524588407835802428e+01
-5.505438658155373588e+01
-5.486363356827770588e+01
-5.467367335264625439e+01
-5.448453295267393770e+01
-5.429622148122546577e+01
-5.410873422168532443e+01
-5.392205678482211795e+01
-5.373616879000229574e+01
-5.355104669742097911e+01
-5.336666568200250538e+01
-5.318300071186780542e+01
-5.300002720480759422e+01
-5.281772173384524649e+01
-5.263606321646640396e+01
-5.245503486358287404e+01
-5.227462692475350536e+01
-5.209484000439620388e+01
-5.191568850188772899e+01
-5.173720359792592660e+01
-5.155943520009535064e+01
-5.138245237523405251e+01
-5.120634201225568205e+01
-5.103120573451549546e+01
-5.085715536393681191e+01
-5.068430747898275257e+01
-5.051277776385192908e+01
-5.034267589121724740e+01
-5.017410160763543558e+01
-5.000714250913149783e+01
-4.984187372905440583e+01
-4.967835944714200735e+01
-4.951665581126874827e+01
-4.935681458814728728e+01
-4.919888667118701164e+01
-4.904292451035702527e+01
-4.888898261438770732e+01
-4.873711551474218595e+01
-4.858737295459832950e+01
-4.843979253089903381e+01
-4.829439050812647594e+01
-4.815115196011082332e+01
-4.801002170078609765e+01
-4.787089756908311244e+01
-4.773362749644770275e+01
-4.759801140413558329e+01
-4.746380838940591929e+01
-4.733074894183722137e+01
-4.719855118881837086e+01
-4.706693952096420475e+01
-4.693566350471672166e+01
-4.680451483464596407e+01
-4.667334025262265129e+01
-4.654204885305985329e+01
-4.641061293755378614e+01
-4.627906246895481246e+01
-4.614747406747665082e+01
-4.601595624858133249e+01
-4.588463310202357093e+01
-4.575362877191084721e+01
-4.562305489201824571e+01
-4.549300259186989592e+01
-4.536353990512677825e+01
-4.523471451098879470e+01
-4.510656086929714093e+01
-4.497911011321802022e+01
-4.485240065314246038e+01
-4.472648738693620629e+01
-4.460144771076514303e+01
-4.447738312663943816e+01
-4.435441604126474147e+01
-4.423268220608899526e+01
-4.411232001189065954e+01
-4.399345839153087923e+01
-4.387620531125804746e+01
-4.376063871126098803e+01
-4.364680132015331537e+01
-4.353470010262618217e+01
-4.342431033085939163e+01
-4.331558353896797087e+01
-4.320845805305118148e+01
-4.310287047702675522e+01
-4.299876649270204609e+01
-4.289610958022771570e+01
-4.279488671155557000e+01
-4.269511061292877230e+01
-4.259681872348816967e+01
-4.250006940272675848e+01
-4.240493620106416017e+01
-4.231150108956671119e+01
-4.221984747196727739e+01
-4.213005362888675620e+01
-4.204218703614345998e+01
-4.195629981455105906e+01
-4.187242544383082077e+01
-4.179057681512254874e+01
-4.171074568467299315e+01
-4.163290358789531354e+01
-4.155700423792200837e+01
-4.148298733848571374e+01
-4.141078358360836376e+01
-4.134032041956238146e+01
-4.127152795360125737e+01
-4.120434426487484103e+01
-4.113871935572785787e+01
-4.107461710502688845e+01
-4.101201484659667784e+01
-4.095090055882335633e+01
-4.089126805225424732e+01
-4.083311090325253190e+01
-4.077641612992490394e+01
-4.072115868868506539e+01
-4.066729776553625442e+01
-4.061477556199067607e+01
-4.056351888105059089e+01
-4.051344337542991525e+01
-4.046445990659530878e+01
-4.041648214871047173e+01
-4.036943440382169257e+01
-4.032325859197331397e+01
-4.027791953042886064e+01
-4.023340788259512379e+01
-4.018974048665694454e+01
-4.014695810920940744e+01
-4.010512096009986749e+01
-4.006430251632941264e+01
-4.002458231982075176e+01
-3.998603843993610241e+01
-3.994874024542762925e+01
-3.991274203836125878e+01
-3.987807799072525228e+01
-3.984475871245580691e+01
-3.981276967645783316e+01
-3.978207163001297175e+01
-3.975260302322202222e+01
-3.972428437217438102e+01
-3.969702433983460566e+01
-3.967072716284044986e+01
-3.964530089074958852e+01
-3.962066575944373881e+01
-3.959676192205688494e+01
-3.957355573774769653e+01
-3.955104389135631493e+01
-3.952925479135024034e+01
-3.950824695732957537e+01
-3.948810443193658415e+01
-3.946892959213550256e+01
-3.945083404227559498e+01
-3.943392849975296599e+01
-3.941831269849015484e+01
-3.940406631879697130e+01
-3.939124180833719890e+01
-3.937985971176033217e+01
-3.936990681522551938e+01
-3.936133708369745676e+01
-3.935407507025860241e+01
-3.934802124629408837e+01
-3.934305856393567069e+01
-3.933905952574515652e+01
-3.933589309348293028e+01
-3.933343089753159916e+01
-3.933155238316862778e+01
-3.933014871950373248e+01
-3.932912547461620534e+01
-3.932840420583136165e+01
-3.932792321485616327e+01
-3.932763776931079036e+01
-3.932752009722470632e+01
-3.932755942592422116e+01
-3.932776227038083761e+01
-3.932815308823417411e+01
-3.932877531897850787e+01
-3.932969272257798110e+01
-3.933099083740371782e+01
-3.933277829842961637e+01
-3.933518770369999373e+01
-3.933837569904035547e+01
-3.934252197442696541e+01
-3.934782693283199251e+01
-3.935450790030472490e+01
-3.936279388422340730e+01
-3.937291903820398176e+01
-3.938511513569634559e+01
-3.939960346751944087e+01
-3.941658664279589175e+01
-3.943624077741685596e+01
-3.945870850015330689e+01
-3.948409310694356833e+01
-3.951245407193395209e+01
-3.954380400781479210e+01
-3.957810708430680791e+01
-3.961527887971252682e+01
-3.965518765913676447e+01
-3.969765713058362877e+01
-3.974247079860244014e+01
-3.978937807852916819e+01
-3.983810231806921820e+01
-3.988835077363315662e+01
-3.993982640220959013e+01
-3.999224107416788598e+01
-4.004532952780065358e+01
-4.009886312622727189e+01
-4.015266229822988464e+01
-4.020660649437734691e+01
-4.026064059631851677e+01
-4.031477698168629331e+01
-4.036909284291557043e+01
-4.042372283489324047e+01
-4.047884761816454358e+01
-4.053467930226202043e+01
-4.059144511654845644e+01
-4.064937080057016061e+01
-4.070866519315624998e+01
-4.076950731614405754e+01
-4.083203692498550197e+01
-4.089634908260936896e+01
-4.096249286241247489e+01
-4.103047385949766124e+01
-4.110025983705930486e+01
-4.117178859380787515e+01
-4.124497702709698643e+01
-4.131973038446106017e+01
-4.139595082595351982e+01
-4.147354463059376428e+01
-4.155242763512088544e+01
-4.163252875426608313e+01
-4.171379166605671429e+01
-4.179617492935820877e+01
-4.187965092084152019e+01
-4.196420403224903595e+01
-4.204982856223053744e+01
-4.213652668192035833e+01
-4.222430676441040731e+01
-4.231318226026909457e+01
-4.240317118787979211e+01
-4.249429620008191222e+01
-4.258658509648631707e+01
-4.268007158065564255e+01
-4.277479601763966599e+01
-4.287080593249810079e+01
-4.296815600462952744e+01
-4.306690735403685721e+01
-4.316712598026356318e+01
-4.326888029720537077e+01
-4.337223780071931145e+01
-4.347726100346514500e+01
-4.358400286473179364e+01
-4.369250202384473880e+01
-4.380277820591928162e+01
-4.391482820072896942e+01
-4.402862281345579021e+01
-4.414410514707431332e+01
-4.426119050099364927e+01
-4.437976806476390834e+01
-4.449970445881005077e+01
-4.462084903888828791e+01
-4.474304075063624708e+01
-4.486611620677568624e+01
-4.498991856979650095e+01
-4.511430675973861071e+01
-4.523916446770102340e+01
-4.536440843589978300e+01
-4.548999545972738900e+01
-4.561592757510918972e+01
-4.574225492007012406e+01
-4.586907581352517838e+01
-4.599653369165010730e+01
-4.612481069720504223e+01
-4.625411793815438699e+01
-4.638468271521004738e+01
-4.651673334393976234e+01
-4.665048252961407371e+01
-4.678611054270722747e+01
-4.692374963521052678e+01
-4.706347118321714618e+01
-4.720527690686735411e+01
-4.734909519828914171e+01
-4.749478310670087211e+01
-4.764213394295998683e+01
-4.779088985216520058e+01
-4.794075815120856987e+01
-4.809142982153440471e+01
-4.824259834785106449e+01
-4.839397713042921367e+01
-4.854531396286169809e+01
-4.869640151317560850e+01
-4.884708330054778713e+01
-4.899725523494353752e+01
-4.914686329672024812e+01
-4.929589830787693217e+01
-4.944438894373964644e+01
-4.959239414359370812e+01
-4.973999592287383109e+01
-4.988729331472408290e+01
-5.003439783601623247e+01
-5.018143054503123324e+01
-5.032852048780347332e+01
-5.047580415178540392e+01
-5.062342547027846962e+01
-5.077153593817030242e+01
-5.092029448134194070e+01
-5.106986683281050432e+01
-5.122042427363692951e+01
-5.137214167083072880e+01
-5.152519477784457536e+01
-5.167975676184849476e+01
-5.183599390506611115e+01
-5.199406042117153959e+01
-5.215409235709061875e+01
-5.231620063171840940e+01
-5.248046339787043735e+01
-5.264691808754592728e+01
-5.281555368392048422e+01
-5.298630391771132508e+01
-5.315904217051473069e+01
-5.333357885051552216e+01
-5.350966186888804543e+01
-5.368698059111654430e+01
-5.386517329161292622e+01
-5.404383774759360648e+01
-5.422254422775996119e+01
-5.440084982507198674e+01
-5.457831290517086131e+01
-5.475450642842435656e+01
-5.492902906288499310e+01
-5.510151331611353243e+01
-5.527163032647569452e+01
-5.543909140039228589e+01
-5.560364678575670894e+01
-5.576508246605548891e+01
-5.592321589876109300e+01
-5.607789158963536380e+01
-5.622897720853901404e+01
-5.637636065687198084e+01
-5.651994815399035588e+01
-5.665966308598370205e+01
-5.679544511201338253e+01
-5.692724888895102708e+01
-5.705504176858424614e+01
-5.717879993472406852e+01
-5.729850265443602808e+01
-5.741412458317681455e+01
-5.752562635106916389e+01
-5.763294393431336715e+01
-5.773597755620538408e+01
-5.783458104764671504e+01
-5.792855271337981549e+01
-5.801762878573122606e+01
-5.810148049155250760e+01
-5.817971560104474094e+01
-5.825188506449958226e+01
-5.831749497898986334e+01
-5.837602367965452288e+01
-5.842694325402020894e+01
-5.846974428358800679e+01
-5.850396218704889861e+01
-5.852920323896445609e+01
-5.854516822239318685e+01
-5.855167177811616597e+01
-5.854865583995049150e+01
-5.853619606258978081e+01
-5.851450079005006444e+01
-5.848390279099822209e+01
-5.844484460709033158e+01
-5.839785883858616700e+01
-5.834354497258747330e+01
-5.828254442660688994e+01
-5.821551535782138842e+01
-5.814310853377993737e+01
-5.806594524959282211e+01
-5.798459798554308975e+01
-5.789957428492802194e+01
-5.781130422033633209e+01
-5.772013179640038061e+01
-5.762631066492881615e+01
-5.753000454110745210e+01
-5.743129264203682283e+01
-5.733018027275878126e+01
-5.722661434340869846e+01
-5.712050313737514529e+01
-5.701173912634688890e+01
-5.690022313439955326e+01
-5.678588779118840080e+01
-5.666871807452877619e+01
-5.654876688416942443e+01
-5.642616402309825219e+01
-5.630111764803637442e+01
-5.617390809521490525e+01
-5.604487486528181961e+01
-5.591439832562911505e+01
-5.578287823866902073e+01
-5.565071146941925662e+01
-5.551827113957585880e+01
-5.538588911213322064e+01
-5.525384309561356133e+01
-5.512234896669666995e+01
-5.499155824720489250e+01
-5.486156013942266441e+01
-5.473238718735051833e+01
-5.460402350751727596e+01
-5.447641459267369868e+01
-5.434947787331677915e+01
-5.422311344947437561e+01
-5.409721460797280201e+01
-5.397167786953291824e+01
-5.384641234700496426e+01
-5.372134815330754520e+01
-5.359644351158125630e+01
-5.347169013913879354e+01
-5.334711644802176522e+01
-5.322278816220376285e+01
-5.309880610755895702e+01
-5.297530117483996293e+01
-5.285242675599422313e+01
-5.273034926330250727e+01
-5.260923760632665136e+01
-5.248925267474249523e+01
-5.237053791990616958e+01
-5.225321202808065379e+01
-5.213736444018037020e+01
-5.202305412579364230e+01
-5.191031161067333954e+01
-5.179914384557921636e+01
-5.168954115085093548e+01
-5.158148522783645262e+01
-5.147495713081962521e+01
-5.136994415388009116e+01
-5.126644479336232507e+01
-5.116447126236868570e+01
-5.106404940607945520e+01
-5.096521623538387757e+01
-5.086801560410637535e+01
-5.077249275806844508e+01
-5.067868855895002156e+01
-5.058663413282383203e+01
-5.049634653510513260e+01
-5.040782579979034494e+01
-5.032105349832949770e+01
-5.023599271733169758e+01
-5.015258920890239835e+01
-5.007077339066763955e+01
-4.999046287414618206e+01
-4.991156526375926461e+01
-4.983398106747556255e+01
-4.975760666333572146e+01
-4.968233734668719848e+01
-4.960807052237351655e+01
-4.953470909728200411e+01
-4.946216507593366174e+01
-4.939036327865354536e+01
-4.931924500711263448e+01
-4.924877139575541207e+01
-4.917892612763867533e+01
-4.910971717262739134e+01
-4.904117723195933820e+01
-4.897336264704384234e+01
-4.890635064743729288e+01
-4.884023496357915661e+01
-4.877511999997427949e+01
-4.871111393627619890e+01
-4.864832127676618256e+01
-4.858683548174782629e+01
-4.852673236768856668e+01
-4.846806494152686895e+01
-4.841086023138956307e+01
-4.835511849469686751e+01
-4.830081494104057072e+01
-4.824790382854872917e+01
-4.819632451450210908e+01
-4.814600880308028508e+01
-4.809688877179159761e+01
-4.804890420048588595e+01
-4.800200878513319935e+01
-4.795617448714225617e+01
-4.791139362440197402e+01
-4.786767861450402251e+01
-4.782505958750333974e+01
-4.778358034844498547e+01
-4.774329334975363537e+01
-4.770425440585663068e+01
-4.766651784099315847e+01
-4.763013261909112117e+01
-4.759513979122085203e+01
-4.756157135138577985e+01
-4.752945035825295861e+01
-4.749879199708846045e+01
-4.746960514949915932e+01
-4.744189401988196408e+01
-4.741565943138674299e+01
-4.739089953084992146e+01
-4.736760980197628612e+01
-4.734578244611721942e+01
-4.732540532063087824e+01
-4.730646070502453426e+01
-4.728892418584256063e+01
-4.727276391608372563e+01
-4.725794042779421744e+01
-4.724440707786615690e+01
-4.723211110900083298e+01
-4.722099522914468395e+01
-4.721099956568389899e+01
-4.720206383910894488e+01
-4.719412962040150461e+01
-4.718714257641340026e+01
-4.718105465398289056e+01
-4.717582619233020580e+01
-4.717142797308411417e+01
-4.716784321183236273e+01
-4.716506946420085455e+01
-4.716312036912526651e+01
-4.716202709321407838e+01
-4.716183928707489770e+01
-4.716262533193911111e+01
-4.716447165544759912e+01
-4.716748093684461196e+01
-4.717176910512274191e+01
-4.717746115229115844e+01
-4.718468592412799012e+01
-4.719357019339587112e+01
-4.720423244401364826e+01
-4.721677687872747953e+01
-4.723128819168310599e+01
-4.724782761255557517e+01
-4.726643063081053242e+01
-4.728710665606752173e+01
-4.730984067934037540e+01
-4.733459679086227112e+01
-4.736132320618598612e+01
-4.738995827599045185e+01
-4.742043682703513952e+01
-4.745269611874125104e+01
-4.748668071354654785e+01
-4.752234565451014703e+01
-4.755965751755415027e+01
-4.759859314568797117e+01
-4.763913615594029238e+01
-4.768127160458936231e+01
-4.772497946414735992e+01
-4.777022776621623024e+01
-4.781696636232023678e+01
-4.786512222636359581e+01
-4.791459706131279006e+01
-4.796526769389824096e+01
-4.801698937996295058e+01
-4.806960175091927567e+01
-4.812293676777020579e+01
-4.817682776998481131e+01
-4.823111855615379540e+01
-4.828567143497932079e+01
-4.834037333716155160e+01
-4.839513935544992052e+01
-4.844991343710446330e+01
-4.850466633563474517e+01
-4.855939128192796517e+01
-4.861409811225794186e+01
-4.866880676054407218e+01
-4.872354107058460215e+01
-4.877832381366214065e+01
-4.883317362421751540e+01
-4.888810431627987896e+01
-4.894312674528212881e+01
-4.899825306377623235e+01
-4.905350291423133058e+01
-4.910891083460418827e+01
-4.916453394790741527e+01
-4.922045888846106010e+01
-4.927680690401133035e+01
-4.933373617705387204e+01
-4.939144063305739252e+01
-4.945014483684292372e+01
-4.951009499439833661e+01
-4.957154653367012287e+01
-4.963474918008763126e+01
-4.969993081098130716e+01
-4.976728161141888762e+01
-4.983694011944024993e+01
-4.990898262048024492e+01
-4.998341703597843377e+01
-5.006018198563521793e+01
-5.013915114688347785e+01
-5.022014246470953935e+01
-5.030293125874555216e+01
-5.038726590093504143e+01
-5.047288454238169919e+01
-5.055953136909500500e+01
-5.064697104887495982e+01
-5.073500035413355391e+01
-5.082345634870057438e+01
-5.091222094524314912e+01
-5.100122201446265535e+01
-5.109043151399374239e+01
-5.117986128134445778e+01
-5.126955720055426013e+01
-5.135959242394167035e+01
-5.145006023736105050e+01
-5.154106703257718891e+01
-5.163272572321949383e+01
-5.172514983244835207e+01
-5.181844840128768936e+01
-5.191272181624993465e+01
-5.200805862476260444e+01
-5.210453338368190401e+01
-5.220220555600810286e+01
-5.230111942337276076e+01
-5.240130491295573023e+01
-5.250277915130506301e+01
-5.260554846617985447e+01
-5.270961047920854270e+01
-5.281495588756895643e+01
-5.292156954062244267e+01
-5.302943048902274370e+01
-5.313851081981996316e+01
-5.324877327900301083e+01
-5.336016789791656123e+01
-5.347262804833556515e+01
-5.358606651596851833e+01
-5.370037227112037925e+01
-5.381540860627108458e+01
-5.393101319715530906e+01
-5.404700043782374053e+01
-5.416316612834721411e+01
-5.427929429476721879e+01
-5.439516563754786205e+01
-5.451056687717167648e+01
-5.462530012428931769e+01
-5.473919136397787355e+01
-5.485209721106608782e+01
-5.496390925424071838e+01
-5.507455553845095864e+01
-5.518399900970215555e+01
-5.529223303375160015e+01
-5.539927437229313512e+01
-5.550515423254178415e+01
-5.560990817898073146e+01
-5.571356579465081182e+01
-5.581614099422530018e+01
-5.591762381874706023e+01
-5.601797438617151670e+01
-5.611711944534646079e+01
-5.621495170573324174e+01
-5.631133182147407013e+01
-5.640609263227974424e+01
-5.649904504154648066e+01
-5.658998477501844349e+01
-5.667869923052871428e+01
-5.676497370428623412e+01
-5.684859644787297128e+01
-5.692936224326188466e+01
-5.700707444128037338e+01
-5.708154564965915512e+01
-5.715259744260969654e+01
-5.722005956868297716e+01
-5.728376914685473764e+01
-5.734357026806040381e+01
-5.739931428054477180e+01
-5.745086086163961170e+01
-5.749807979878031006e+01
-5.754085324928712453e+01
-5.757907814509032818e+01
-5.761266836835650196e+01
-5.764155634874106937e+01
-5.766569381424756102e+01
-5.768505154904320165e+01
-5.769961815235190983e+01
-5.770939793144716390e+01
-5.771440818032682074e+01
-5.771467618050706250e+01
-5.771023630424162576e+01
-5.770112760172383304e+01
-5.768739221506779558e+01
-5.766907488811611415e+01
-5.764622373833591240e+01
-5.761889233154148826e+01
-5.758714295904555769e+01
-5.755105086931995828e+01
-5.751070906500836344e+01
-5.746623315771817175e+01
-5.741776569664609298e+01
-5.736547937152119658e+01
-5.730957854929373241e+01
-5.725029874123960383e+01
-5.718790380293294362e+01
-5.712268091972140382e+01
-5.705493368915629304e+01
-5.698497383811402273e+01
-5.691311226792925737e+01
-5.683965017910986006e+01
-5.676487097937571491e+01
-5.668903353634173925e+01
-5.661236712842836738e+01
-5.653506821490287138e+01
-5.645729893062657823e+01
-5.637918704804415881e+01
-5.630082705881048355e+01
-5.622228201347208909e+01
-5.614358580713636826e+01
-5.606474568857098717e+01
-5.598574487242049713e+01
-5.590654522516836522e+01
-5.582709005936236935e+01
-5.574730710205638928e+01
-5.566711170629105254e+01
-5.558641035851887580e+01
-5.550510451140651469e+01
-5.542309474906342359e+01
-5.534028527398374564e+01
-5.525658868978022298e+01
-5.517193103493949735e+01
-5.508625699279412657e+01
-5.499953515600901710e+01
-5.491176315902409755e+01
-5.482297241412697275e+01
-5.473323210738008981e+01
-5.464265204543251997e+01
-5.455138391129552389e+01
-5.445962050311360514e+01
-5.436759260665801463e+01
-5.427556329370068511e+01
-5.418381963870558593e+01
-5.409266208904924866e+01
-5.400239198354339010e+01
-5.391329795818382564e+01
-5.382564217247181659e+01
-5.373964740318002242e+01
-5.365548606239577367e+01
-5.357327209327054618e+01
-5.349305648568324756e+01
-5.341482685579242684e+01
-5.333851118149770087e+01
-5.326398542087977006e+01
-5.319108440460924214e+01
-5.311961512278006126e+01
-5.304937134805288679e+01
-5.298014846365766317e+01
-5.291175739646622134e+01
-5.284403668021270306e+01
-5.277686187212098901e+01
-5.271015179370555614e+01
-5.264387133879827019e+01
-5.257803086628371148e+01
-5.251268245204067142e+01
-5.244791349785643320e+01
-5.238383837111733499e+01
-5.232058886698166589e+01
-5.225830433641750261e+01
-5.219712230456354263e+01
-5.213717031496397425e+01
-5.207855958318702250e+01
-5.202138084179900801e+01
-5.196570252751823205e+01
-5.191157122490682951e+01
-5.185901406491236543e+01
-5.180804260453825094e+01
-5.175865760387578263e+01
-5.171085407835089143e+01
-5.166462603744550108e+01
-5.161997041726855429e+01
-5.157688985676533378e+01
-5.153539413523972001e+01
-5.149550026026948046e+01
-5.145723134996027426e+01
-5.142061457585173656e+01
-5.138567851203148962e+01
-5.135245026711513816e+01
-5.132095275898662834e+01
-5.129120243252361178e+01
-5.126320762698738775e+01
-5.123696768484295205e+01
-5.121247277272105691e+01
-5.118970427481767871e+01
-5.116863553574039258e+01
-5.114923268743957152e+01
-5.113145530178806553e+01
-5.111525666726312522e+01
-5.110058358681592239e+01
-5.108737571777858477e+01
-5.107556460102475171e+01
-5.106507263115080519e+01
-5.105581228074281341e+01
-5.104768589592926986e+01
-5.104058632415038232e+01
-5.103439852673830757e+01
-5.102900218686588119e+01
-5.102427517236666432e+01
-5.102009757892583508e+01
-5.101635598456160636e+01
-5.101294750580910886e+01
-5.100978326427636489e+01
-5.100679094395138691e+01
-5.100391623136481911e+01
-5.100112306411921992e+01
-5.099839274884185158e+01
-5.099572212989264841e+01
-5.099312108222695628e+01
-5.099060965828753211e+01
-5.098821523768278752e+01
-5.098597001203746970e+01
-5.098390909094844403e+01
-5.098206944498018345e+01
-5.098048981487259823e+01
-5.097921161904462650e+01
-5.097828079007609148e+01
-5.097775037102054085e+01
-5.097768361031805284e+01
-5.097815721655185683e+01
-5.097926437879583261e+01
-5.098111713256975719e+01
-5.098384766257353817e+01
-5.098760818659943084e+01
-5.099256916205372647e+01
-5.099891569413687620e+01
-5.100684219373424355e+01
-5.101654551807910565e+01
-5.102821700767390212e+01
-5.104203398525179125e+01
-5.105815138363469430e+01
-5.107669420061209564e+01
-5.109775143031507127e+01
-5.112137199332158843e+01
-5.114756299576836795e+01
-5.117629041618380370e+01
-5.120748208022396852e+01
-5.124103257246724752e+01
-5.127680958075536921e+01
-5.131466109161005562e+01
-5.135442285999424428e+01
-5.139592565294128690e+01
-5.143900189157587022e+01
-5.148349145989260478e+01
-5.152924658135922442e+01
-5.157613576278959755e+01
-5.162404685757263678e+01
-5.167288930932853219e+01
-5.172259561607258149e+01
-5.177312202426832499e+01
-5.182444844196953682e+01
-5.187657756437968715e+01
-5.192953323669332377e+01
-5.198335812954963586e+01
-5.203811085457049046e+01
-5.209386268097541262e+01
-5.215069401283108164e+01
-5.220869074395637455e+01
-5.226794053137851392e+01
-5.232852893922478188e+01
-5.239053533227044568e+01
-5.245402837206267321e+01
-5.251906101046508724e+01
-5.258566499169641162e+01
-5.265384505068332288e+01
-5.272357320008923409e+01
-5.279478368514742925e+01
-5.286736930604348572e+01
-5.294117982249052545e+01
-5.301602304381916042e+01
-5.309166897513877359e+01
-5.316785706640553144e+01
-5.324430624712936577e+01
-5.332072708526077065e+01
-5.339683514191095526e+01
-5.347236444669538713e+01
-5.354708001152032182e+01
-5.362078842779632026e+01
-5.369334582492176366e+01
-5.376466276285467671e+01
-5.383470593999003029e+01
-5.390349687544235735e+01
-5.397110794054086114e+01
-5.403765625222802527e+01
-5.410329600120430626e+01
-5.416820978237707607e+01
-5.423259944363977070e+01
-5.429667689185443180e+01
-5.436065520991803623e+01
-5.442474035853769720e+01
-5.448912366775306992e+01
-5.455397526859905355e+01
-5.461943857381533718e+01
-5.468562588585775330e+01
-5.475261518772564528e+01
-5.482044815409769711e+01
-5.488912940344048508e+01
-5.495862699222450942e+01
-5.502887412619562468e+01
-5.509977202760241255e+01
-5.517119385006583343e+01
-5.524298947610287769e+01
-5.531499097149446698e+01
-5.538701841435027262e+01
-5.545888577545716203e+01
-5.553040651064515032e+01
-5.560139854295025685e+01
-5.567168836464916382e+01
-5.574111407267751161e+01
-5.580952725510908152e+01
-5.587679375626755274e+01
-5.594279344703267753e+01
-5.600741920023596521e+01
-5.607057530900825526e+01
-5.613217558586499223e+01
-5.619214134684735740e+01
-5.625039942871711673e+01
-5.630688032172462698e+01
-5.636151643949638412e+01
-5.641424050198137508e+01
-5.646498398360282778e+01
-5.651367557855846968e+01
-5.656023965663045772e+01
-5.660459472158616023e+01
-5.664665193484620431e+01
-5.668631382350972814e+01
-5.672347334710845956e+01
-5.675801354313662728e+01
-5.678980799720660144e+01
-5.681872237834866013e+01
-5.684461723339716599e+01
-5.686735214081093659e+01
-5.688679118556557768e+01
-5.690280954474634001e+01
-5.691530078995847930e+01
-5.692418434674152650e+01
-5.692941243404746388e+01
-5.693097576536651161e+01
-5.692890734347569293e+01
-5.692328382433887413e+01
-5.691422414758557125e+01
-5.690188540267457995e+01
-5.688645618424210681e+01
-5.686814794857038891e+01
-5.684718508215318877e+01
-5.682379451003935600e+01
-5.679819569630446807e+01
-5.677059182508806856e+01
-5.674116281233239079e+01
-5.671006060676182159e+01
-5.667740701757661270e+01
-5.664329407879800016e+01
-5.660778674598638105e+01
-5.657092753566479360e+01
-5.653274257246194168e+01
-5.649324841136584752e+01
-5.645245895735013164e+01
-5.641039181446898709e+01
-5.636707346147532860e+01
-5.632254276843936225e+01
-5.627685253242179186e+01
-5.623006890919619849e+01
-5.618226883662528337e+01
-5.613353576336653816e+01
-5.608395419082378197e+01
-5.603360368285552084e+01
-5.598255307575704620e+01
-5.593085561608898360e+01
-5.587854566151944624e+01
-5.582563740731678337e+01
-5.577212586776303738e+01
-5.571799007670915671e+01
-5.566319820968623588e+01
-5.560771410672020920e+01
-5.555150452021941732e+01
-5.549454634572550304e+01
-5.543683312129825680e+01
-5.537838019609544915e+01
-5.531922815013815153e+01
-5.525944426640539575e+01
-5.519912208058553205e+01
-5.513837923178554945e+01
-5.507735398419589501e+01
-5.501620086962580558e+01
-5.495508590976047003e+01
-5.489418182193277573e+01
-5.483366350948913492e+01
-5.477370400998407263e+01
-5.471447094612459239e+01
-5.465612341818366815e+01
-5.459880920926359238e+01
-5.454266215464998879e+01
-5.448779955248887319e+01
-5.443431955549584700e+01
-5.438229856657421379e+01
-5.433178874662969093e+01
-5.428281581321800786e+01
-5.423537735099289847e+01
-5.418944186264785401e+01
-5.414494876236793885e+01
-5.410180945870354208e+01
-5.405990959993734180e+01
-5.401911247343428357e+01
-5.397926347128582591e+01
-5.394019546564079803e+01
-5.390173488342648511e+01
-5.386370823391774820e+01
-5.382594882377701850e+01
-5.378830339108774439e+01
-5.375063839969257629e+01
-5.371284575413546492e+01
-5.367484771949684585e+01
-5.363660085521936338e+01
-5.359809879431615798e+01
-5.355937371772434119e+01
-5.352049638955262623e+01
-5.348157463760112051e+01
-5.344275019293257856e+01
-5.340419385210307013e+01
-5.336609900441111876e+01
-5.332867367822731808e+01
-5.329213140158042705e+01
-5.325668132971945568e+01
-5.322251824412012411e+01
-5.318981314465734300e+01
-5.315870520937239974e+01
-5.312929585963513546e+01
-5.310164552966621443e+01
-5.307577350241064096e+01
-5.305166086155166028e+01
-5.302925626173158946e+01
-5.300848388634178576e+01
-5.298925269711097741e+01
-5.297146592679602151e+01
-5.295502975342060381e+01
-5.293986022693309934e+01
-5.292588777791539911e+01
-5.291305898312407408e+01
-5.290133564043499348e+01
-5.289069155835788649e+01
-5.288110774099759936e+01
-5.287256681134572034e+01
-5.286504754774477277e+01
-5.285852031597431022e+01
-5.285294398787900150e+01
-5.284826468566667756e+01
-5.284441642359636404e+01
-5.284132347791989304e+01
-5.283890413423450383e+01
-5.283707535720192539e+01
-5.283575790336288236e+01
-5.283488144156570598e+01
-5.283438933489146905e+01
-5.283424284547300687e+01
-5.283442462273647067e+01
-5.283494140584442533e+01
-5.283582590160816750e+01
-5.283713779008544265e+01
-5.283896377217156726e+01
-5.284141652527879529e+01
-5.284463239714647642e+01
-5.284876766563191808e+01
-5.285399324029453538e+01
-5.286048778676703108e+01
-5.286842941274751695e+01
-5.287798624833830274e+01
-5.288930645649143969e+01
-5.290250838812128364e+01
-5.291767171659598290e+01
-5.293483041854251780e+01
-5.295396839390897270e+01
-5.297501833508380997e+01
-5.299786417689743701e+01
-5.302234711700312886e+01
-5.304827483196685023e+01
-5.307543317645949088e+01
-5.310359938714643135e+01
-5.313255565545533443e+01
-5.316210190511964839e+01
-5.319206671338892534e+01
-5.322231553280442284e+01
-5.325275567207890504e+01
-5.328333783901781118e+01
-5.331405439189256867e+01
-5.334493474820015990e+01
-5.337603863001280047e+01
-5.340744796356208468e+01
-5.343925829032441754e+01
-5.347157049231558545e+01
-5.350448349976138473e+01
-5.353808845601781030e+01
-5.357246458830430669e+01
-5.360767680134828339e+01
-5.364377480202103499e+01
-5.368079340122967835e+01
-5.371875354377586120e+01
-5.375766359809050243e+01
-5.379752049538085856e+01
-5.383831042973795888e+01
-5.388000899453640358e+01
-5.392258080618123017e+01
-5.396597882208359209e+01
-5.401014366781087972e+01
-5.405500333018173365e+01
-5.410047354304753497e+01
-5.414645909855534001e+01
-5.419285617805029176e+01
-5.423955563945188629e+01
-5.428644704913329377e+01
-5.433342312924585116e+01
-5.438038422157630691e+01
-5.442724235268477173e+01
-5.447392451985738404e+01
-5.452037489433548956e+01
-5.456655574453156987e+01
-5.461244700349788417e+01
-5.465804452854875706e+01
-5.470335721536905282e+01
-5.474840322528392278e+01
-5.479320565614161609e+01
-5.483778803028355497e+01
-5.488216998527843771e+01
-5.492636353444035535e+01
-5.497037021644105437e+01
-5.501417938000818708e+01
-5.505776775553283642e+01
-5.510110035622321334e+01
-5.514413263398682830e+01
-5.518681369721842600e+01
-5.522909028794320818e+01
-5.527091112426644059e+01
-5.531223115154462278e+01
-5.535301522265460505e+01
-5.539324075292239513e+01
-5.543289897350955897e+01
-5.547199453718483397e+01
-5.551054340375435459e+01
-5.554856913241424365e+01
-5.558609791159308600e+01
-5.562315283608553074e+01
-5.565974806895123095e+01
-5.569588357869938022e+01
-5.573154110634752811e+01
-5.576668188961498629e+01
-5.580124646379510267e+01
-5.583515659462712222e+01
-5.586831911188174615e+01
-5.590063114343564621e+01
-5.593198603881670294e+01
-5.596227915356763560e+01
-5.599141266528057770e+01
-5.601929871727320176e+01
-5.604586042689540193e+01
-5.607103062413182926e+01
-5.609474855810281468e+01
-5.611695516890481628e+01
-5.613758781128667863e+01
-5.615657548219753181e+01
-5.617383560903659401e+01
-5.618927328585224501e+01
-5.620278351558386021e+01
-5.621425657104543916e+01
-5.622358609221044645e+01
-5.623067907173650326e+01
-5.623546652280434444e+01
-5.623791343589412151e+01
-5.623802664894180481e+01
-5.623585947838656551e+01
-5.623151235183436825e+01
-5.622512918312676078e+01
-5.621688975844721625e+01
-5.620699887801159633e+01
-5.619567335590735979e+01
-5.618312817905050593e+01
-5.616956315219365337e+01
-5.615515122392702096e+01
-5.614002943382768507e+01
-5.612429308980747322e+01
-5.610799342559585057e+01
-5.609113864388238824e+01
-5.607369795379346300e+01
-5.605560798402908063e+01
-5.603678080724682076e+01
-5.601711275138016077e+01
-5.599649319742064080e+01
-5.597481266297620550e+01
-5.595196963297325965e+01
-5.592787580346325882e+01
-5.590245962652541323e+01
-5.587566825544492843e+01
-5.584746816201427322e+01
-5.581784480950780392e+01
-5.578680180281456558e+01
-5.575435990104935513e+01
-5.572055618020367262e+01
-5.568544349693330986e+01
-5.564909025791218511e+01
-5.561158037051404790e+01
-5.557301316216406661e+01
-5.553350301986696991e+01
-5.549317851912631028e+01
-5.545218087353308078e+01
-5.541066162671312867e+01
-5.536877960860864789e+01
-5.532669727146690519e+01
-5.528457659530256763e+01
-5.524257480172931167e+01
-5.520084013799626632e+01
-5.515950799252625103e+01
-5.511869758347746995e+01
-5.507850942685499263e+01
-5.503902374336732350e+01
-5.500029990535288960e+01
-5.496237695817053748e+01
-5.492527517663624792e+01
-5.488899854010619350e+01
-5.485353793516205201e+01
-5.481887482950462243e+01
-5.478498511215184408e+01
-5.475184277037365632e+01
-5.471942307833994334e+01
-5.468770500900760823e+01
-5.465667264891038712e+01
-5.462631549124083818e+01
-5.459662759826360201e+01
-5.456760574860122404e+01
-5.453924680454480267e+01
-5.451154463417123708e+01
-5.448448698819659342e+01
-5.445805275065682594e+01
-5.443220994959897041e+01
-5.440691483025137387e+01
-5.438211216799169279e+01
-5.435773684853570131e+01
-5.433371658968325590e+01
-5.430997554535704097e+01
-5.428643843808936253e+01
-5.426303482312077620e+01
-5.423970309906633958e+01
-5.421639394010484381e+01
-5.419307291826432760e+01
-5.416972219248152243e+01
-5.414634124435355744e+01
-5.412294672338360613e+01
-5.409957151831367383e+01
-5.407626319488849020e+01
-5.405308194003289657e+01
-5.403009813824438368e+01
-5.400738968931784711e+01
-5.398503916642712852e+01
-5.396313091460863376e+01
-5.394174820089457256e+01
-5.392097054300965198e+01
-5.390087135517645578e+01
-5.388151604856464161e+01
-5.386296070423875904e+01
-5.384525139657171167e+01
-5.382842418868265355e+01
-5.381250575674709324e+01
-5.379751453789707227e+01
-5.378346224783847163e+01
-5.377035558767661882e+01
-5.375819795865658790e+01
-5.374699102713612575e+01
-5.373673602383217229e+01
-5.372743471180578467e+01
-5.371909000665414879e+01
-5.371170627157529509e+01
-5.370528933456223086e+01
-5.369984628448092678e+01
-5.369538510055645730e+01
-5.369191416153219620e+01
-5.368944167249615873e+01
-5.368797504349617356e+01
-5.368752025612850076e+01
-5.368808126065884778e+01
-5.368965945286940666e+01
-5.369225328167954814e+01
-5.369585803136602209e+01
-5.370046580382354762e+01
-5.370606569773482164e+01
-5.371264414680486254e+01
-5.372018534469394524e+01
-5.372867165724178307e+01
-5.373808390966392068e+01
-5.374840144218570259e+01
-5.375960185348517228e+01
-5.377166039516882279e+01
-5.378454903674575149e+01
-5.379823528107423414e+01
-5.381268086566860376e+01
-5.382784052654400853e+01
-5.384366102130453413e+01
-5.386008060296313715e+01
-5.387702910537996814e+01
-5.389442874890816881e+01
-5.391219570761210633e+01
-5.393024240582195716e+01
-5.394848044056993075e+01
-5.396682396514474789e+01
-5.398519332288796591e+01
-5.400351869214959777e+01
-5.402174349347263416e+01
-5.403982731757028546e+01
-5.405774815592970128e+01
-5.407550375350703575e+01
-5.409311195390024807e+01
-5.411060997050083188e+01
-5.412805259051781803e+01
-5.414550939880868441e+01
-5.416306118922290835e+01
-5.418079580452651101e+01
-5.419880370245905965e+01
-5.421717357587571939e+01
-5.423598835230417592e+01
-5.425532185978066479e+01
-5.427523637405897006e+01
-5.429578116528835352e+01
-5.431699205264948915e+01
-5.433889186832691109e+01
-5.436149164251627042e+01
-5.438479226095676466e+01
-5.440878632278374738e+01
-5.443345994026028478e+01
-5.445879426821311853e+01
-5.448476662025049677e+01
-5.451135110913561022e+01
-5.453851882802666040e+01
-5.456623765764387457e+01
-5.459447183498560463e+01
-5.462318144872276804e+01
-5.465232203456774585e+01
-5.468184443239047710e+01
-5.471169503812816259e+01
-5.474181654024773991e+01
-5.477214917537526162e+01
-5.480263247398220727e+01
-5.483320739932258903e+01
-5.486381871766204199e+01
-5.489441738356904921e+01
-5.492496268984829300e+01
-5.495542392587243086e+01
-5.498578131580684669e+01
-5.501602606972602416e+01
-5.504615947008250743e+01
-5.507619102198984962e+01
-5.510613580308163506e+01
-5.513601124115704266e+01
-5.516583361159458576e+01
-5.519561457286352635e+01
-5.522535804528949654e+01
-5.525505769008143631e+01
-5.528469517222595897e+01
-5.531423930467678929e+01
-5.534364608482877657e+01
-5.537285955787632474e+01
-5.540181338207401041e+01
-5.543043293106008207e+01
-5.545863774796550416e+01
-5.548634416258084912e+01
-5.551346789301551610e+01
-5.553992647366702329e+01
-5.556564137900358702e+01
-5.559053974531470033e+01
-5.561455562825615573e+01
-5.563763077088685094e+01
-5.565971489300638098e+01
-5.568076554575176118e+01
-5.570074760316769868e+01
-5.571963248237237565e+01
-5.573739719384741420e+01
-5.575402332189615606e+01
-5.576949602231250935e+01
-5.578380310136395792e+01
-5.579693421082504301e+01
-5.580888016328010792e+01
-5.581963234662045181e+01
-5.582918220290263633e+01
-5.583752073926017090e+01
-5.584463805903291700e+01
-5.585052293716552896e+01
-5.585516250820180062e+01
-5.585854217711492709e+01
-5.586064589018182858e+01
-5.586145690341984249e+01
-5.586095915191646810e+01
-5.585913925329639085e+01
-5.585598907907909449e+01
-5.585150871299983066e+01
-5.584570950547129087e+01
-5.583861685048334067e+01
-5.583027227547758287e+01
-5.582073445968378422e+01
-5.581007888575017972e+01
-5.579839597540540552e+01
-5.578578774361535864e+01
-5.577236320043660101e+01
-5.575823290517543995e+01
-5.574350320504360212e+01
-5.572827074876975217e+01
-5.571261784401632156e+01
-5.569660912826982724e+01
-5.568028986087751520e+01
-5.566368594368428546e+01
-5.564680556939746481e+01
-5.562964221084691729e+01
-5.561217852653224725e+01
-5.559439068534981487e+01
-5.557625261220373147e+01
-5.555773972091576951e+01
-5.553883181622444454e+01
-5.551951499084130148e+01
-5.549978249215663340e+01
-5.547963466371960806e+01
-5.545907816200218576e+01
-5.543812470003211956e+01
-5.541678957575143727e+01
-5.539509021167165770e+01
-5.537304487624381721e+01
-5.535067169133319709e+01
-5.532798796832673816e+01
-5.530500986810847053e+01
-5.528175235256563980e+01
-5.525822938703574749e+01
-5.523445435915763113e+01
-5.521044069212886996e+01
-5.518620264099043737e+01
-5.516175626232742246e+01
-5.513712053679682867e+01
-5.511231860005580074e+01
-5.508737900461126458e+01
-5.506233689946198950e+01
-5.503723498449923568e+01
-5.501212408094868778e+01
-5.498706316467063715e+01
-5.496211873991224195e+01
-5.493736348706566019e+01
-5.491287419445998808e+01
-5.488872907214092578e+01
-5.486500463260166072e+01
-5.484177239568994366e+01
-5.481909571954051330e+01
-5.479702706689528213e+01
-5.477560598259773172e+01
-5.475485798603686760e+01
-5.473479448105290146e+01
-5.471541366960906316e+01
-5.469670234135200815e+01
-5.467863831567507304e+01
-5.466119324947401026e+01
-5.464433550042090104e+01
-5.462803275369564915e+01
-5.461225417471771237e+01
-5.459697193136583593e+01
-5.458216202317388621e+01
-5.456780444797247043e+01
-5.455388281574695952e+01
-5.454038357560916239e+01
-5.452729504945717309e+01
-5.451460646440641256e+01
-5.450230714886573224e+01
-5.449038601093038636e+01
-5.447883136125098247e+01
-5.446763108491587246e+01
-5.445677311643712670e+01
-5.444624613486763565e+01
-5.443604037576617571e+01
-5.442614845346123786e+01
-5.441656609838555170e+01
-5.440729273572542013e+01
-5.439833185794494597e+01
-5.438969116988081254e+01
-5.438138250729364387e+01
-5.437342154610268352e+01
-5.436582733005003831e+01
-5.435862165079943509e+01
-5.435182831878504572e+01
-5.434547236762312394e+01
-5.433957924073447998e+01
-5.433417401566377691e+01
-5.432928072757782445e+01
-5.432492185565515541e+01
-5.432111803133805950e+01
-5.431788801316972837e+01
-5.431524894818599591e+01
-5.431321690570104010e+01
-5.431180762921373884e+01
-5.431103741139943253e+01
-5.431092396225794516e+01
-5.431148711811894003e+01
-5.431274923498430240e+01
-5.431473512711970386e+01
-5.431747145142050215e+01
-5.432098549697750656e+01
-5.432530341118769712e+01
-5.433044796967951129e+01
-5.433643606664738002e+01
-5.434327615432212610e+01
-5.435096588645367888e+01
-5.435949021556046290e+01
-5.436882015672698998e+01
-5.437891236648208348e+01
-5.438970960290195222e+01
-5.440114204474980397e+01
-5.441312936615570806e+01
-5.442558340032778119e+01
-5.443841118844211024e+01
-5.445151820037158075e+01
-5.446481152915002610e+01
-5.447820289370201863e+01
-5.449161132494991477e+01
-5.450496544980370572e+01
-5.451820531915554824e+01
-5.453128374714357562e+01
-5.454416714104149833e+01
-5.455683580875204086e+01
-5.456928373995838655e+01
-5.458151787269253674e+01
-5.459355688199996592e+01
-5.460542956050693419e+01
-5.461717289743473458e+01
-5.462882999581249521e+01
-5.464044798938193281e+01
-5.465207612423598249e+01
-5.466376415182466530e+01
-5.467556113987985356e+01
-5.468751475057914746e+01
-5.469967096892337111e+01
-5.471207419894059143e+01
-5.472476759127577850e+01
-5.473779343166528122e+01
-5.475119341128585404e+01
-5.476500861852395730e+01
-5.477927913464598930e+01
-5.479404317680921821e+01
-5.480933580192248655e+01
-5.482518725403409832e+01
-5.484162109662835860e+01
-5.485865231173474399e+01
-5.487628556524577306e+01
-5.489451383084618641e+01
-5.491331753538867844e+01
-5.493266434112887708e+01
-5.495250962155363794e+01
-5.497279762492853905e+01
-5.499346326008652852e+01
-5.501443438801474173e+01
-5.503563446427456540e+01
-5.505698535307590191e+01
-5.507841012411657289e+01
-5.509983564714290338e+01
-5.512119481506474727e+01
-5.514242825273906590e+01
-5.516348540369400411e+01
-5.518432492961394331e+01
-5.520491440560792284e+01
-5.522522934578870490e+01
-5.524525164526568943e+01
-5.526496757216516187e+01
-5.528436548202440548e+01
-5.530343345220388329e+01
-5.532215704206991802e+01
-5.534051737361570389e+01
-5.535848969728709079e+01
-5.537604256204107145e+01
-5.539313765238341603e+01
-5.540973029512232984e+01
-5.542577058203927720e+01
-5.544120500794647910e+01
-5.545597849105246979e+01
-5.547003662596359419e+01
-5.548332801809271331e+01
-5.549580655863357492e+01
-5.550743351729148145e+01
-5.551817935128732984e+01
-5.552802515042209563e+01
-5.553696365750445096e+01
-5.554499982127011748e+01
-5.555215085643362016e+01
-5.555844580456722781e+01
-5.556392461145707529e+01
-5.556863676153027143e+01
-5.557263953631206732e+01
-5.557599598861366275e+01
-5.557877274337212725e+01
-5.558103774598462365e+01
-5.558285807689235725e+01
-5.558429793622431703e+01
-5.558541687583897328e+01
-5.558626832150599029e+01
-5.558689839017316814e+01
-5.558734497189691126e+01
-5.558763701851972883e+01
-5.558779396599390310e+01
-5.558782521719179215e+01
-5.558772962790907712e+01
-5.558749496919085686e+01
-5.558709738058690419e+01
-5.558650087605151668e+01
-5.558565701001890602e+01
-5.558450484791416812e+01
-5.558297140524254587e+01
-5.558097271584030352e+01
-5.557841565872156764e+01
-5.557520061370632902e+01
-5.557122493265949004e+01
-5.556638711440014333e+01
-5.556059146988039288e+01
-5.555375297522512312e+01
-5.554580194883972410e+01
-5.553668816743533654e+01
-5.552638406151666572e+01
-5.551488670342274645e+01
-5.550221841242926502e+01
-5.548842593691677649e+01
-5.547357831400242389e+01
-5.545776363214380922e+01
-5.544108501452011240e+01
-5.542365618910261560e+01
-5.540559701057802044e+01
-5.538702925531988086e+01
-5.536807293285756515e+01
-5.534884326205934713e+01
-5.532944836313603076e+01
-5.530998763170164523e+01
-5.529055069803968081e+01
-5.527121683738912594e+01
-5.525205468391258279e+01
-5.523312210581382686e+01
-5.521446611218958367e+01
-5.519612267152020024e+01
-5.517811631288502383e+01
-5.516045933672619839e+01
-5.514315036048139973e+01
-5.512617173754770050e+01
-5.510948508023107451e+01
-5.509302364627971826e+01
-5.507667966968173801e+01
-5.506028379250764715e+01
-5.504357257302221740e+01
-5.502613864284388256e+01
-5.500735658097665493e+01
-5.498627620047668785e+01
-5.496147408709312288e+01
-5.493085443052068229e+01
-5.489139212561605063e+01
-5.483881552845177509e+01
-5.476723377782926860e+01
-5.466872458208256091e+01
-5.453291260489110925e+01
-5.434658501872844738e+01
-5.409340737830536483e+01
-5.375381662493462898e+01
-5.330517491591877643e+01
-5.272226401047792876e+01
-5.197818169306834335e+01
-5.104566738855127284e+01
-4.989883458249467907e+01
-4.851522709526254573e+01
-4.687805227748693682e+01
-4.497838710522120209e+01
-4.281711441503392024e+01
-4.040633654746668668e+01
-3.777003940436157592e+01
-3.494384274993935691e+01
-3.197376713997010711e+01
-2.891406224121709911e+01
