0.000000000000000000e+00
-1.698046576889544745e-07
-1.357882970015253377e-06
-4.580654756792743032e-06
-1.085185263142822432e-05
-2.118179247236756657e-05
-3.657664630167881126e-05
-5.803771804769805587e-05
-8.656072266680428506e-05
-1.231350690971098893e-04
-1.687431475143504056e-04
-2.243596213575976828e-04
-2.909507245890535776e-04
-3.694735646489061276e-04
-4.608754315626080456e-04
-5.660931136536873076e-04
-6.860522203110397399e-04
-8.216665122550773082e-04
-9.738372397420924642e-04
-1.143452489141119632e-03
-1.331386538312120948e-03
-1.538499221208425305e-03
-1.765635302120704964e-03
-2.013623859972925312e-03
-2.283277683074791398e-03
-2.575392674727873532e-03
-2.890747270075808006e-03
-3.230101864581683135e-03
-3.594198254507734169e-03
-3.983759089765351313e-03
-4.399487339494662086e-03
-4.842065770725011153e-03
-5.312156440459139817e-03
-5.810400201515214524e-03
-6.337416222451125458e-03
-6.893801521887892025e-03
-7.480130517537812718e-03
-8.096954590234808902e-03
-8.744801663253719270e-03
-9.424175797196267246e-03
-1.013555680071010628e-02
-1.087939985729849401e-02
-1.165613516846594061e-02
-1.246616761343644075e-02
-1.330987642566834606e-02
-1.418761488638049795e-02
-1.509971003529178568e-02
-1.604646239876625358e-02
-1.702814573554416178e-02
-1.804500680022717851e-02
-1.909726512467610493e-02
-2.018511281746554475e-02
-2.130871438153045250e-02
-2.246820655012617129e-02
-2.366369814121187243e-02
-2.489526993035610924e-02
-2.616297454225019470e-02
-2.746683636090321845e-02
-2.880685145858105645e-02
-3.018298754353841706e-02
-3.159518392658181019e-02
-3.304335150648794739e-02
-3.452737277429129836e-02
-3.604710183644013743e-02
-3.760236445681078288e-02
-3.919295811755475756e-02
-4.081865209874357969e-02
-4.247918757676177881e-02
-4.417427774138839303e-02
-4.590360793149350638e-02
-4.766683578926449172e-02
-4.946359143286599425e-02
-5.129347764742349380e-02
-5.315607009421001450e-02
-5.505091753790311571e-02
-5.697754209176732199e-02
-5.893543948060595006e-02
-6.092407932131436998e-02
-6.294290542085531626e-02
-6.499133609146559576e-02
-6.706876448289274262e-02
-6.917455893144754120e-02
-7.130806332564981753e-02
-7.346859748823200698e-02
-7.565545757425475026e-02
-7.786791648507973562e-02
-8.010522429793229260e-02
-8.236660871077841617e-02
-8.465127550222895092e-02
-8.695840900617565761e-02
-8.928717260085222707e-02
-9.163670921200656183e-02
-9.400614182985869705e-02
-9.639457403951121051e-02
-9.880109056447093641e-02
-1.012247578229299172e-01
-1.036646244964478103e-01
-1.061197221106675581e-01
-1.085890656276902871e-01
-1.110716540497264371e-01
-1.135664710336333344e-01
-1.160724855159419311e-01
-1.185886523479690313e-01
-1.211139129406048898e-01
-1.236471959183587516e-01
-1.261874177822397691e-01
-1.287334835810449996e-01
-1.312842875906194695e-01
-1.338387140006508380e-01
-1.363956376085514455e-01
-1.389539245199823692e-01
-1.415124328555629474e-01
-1.440700134633110252e-01
-1.466255106363512917e-01
-1.491777628354274687e-01
-1.517256034157517530e-01
-1.542678613577189994e-01
-1.568033620010144402e-01
-1.593309277816384595e-01
-1.618493789713716380e-01
-1.643575344192007570e-01
-1.668542122942262840e-01
-1.693382308295692806e-01
-1.718084090667961472e-01
-1.742635845963264596e-01
-1.767032763045628951e-01
-1.791273272095500191e-01
-1.815355816430533342e-01
-1.839278852601852476e-01
-1.863040850489240396e-01
-1.886640293395255019e-01
-1.910075678138269673e-01
-1.933345515144425375e-01
-1.956448328538496761e-01
-1.979382656233660831e-01
-2.002147050020171293e-01
-2.024740075652917970e-01
-2.047160312937887083e-01
-2.069406355817500487e-01
-2.091476812454837186e-01
-2.113370305316728259e-01
-2.135085471255729062e-01
-2.156620961590950958e-01
-2.177975442187757849e-01
-2.199147593536323331e-01
-2.220136110829034337e-01
-2.240939704036752633e-01
-2.261557097983915576e-01
-2.281987032422477246e-01
-2.302228262104692724e-01
-2.322279556854729698e-01
-2.342139701639112670e-01
-2.361807496635992820e-01
-2.381281757303239377e-01
-2.400561314445349981e-01
-2.419645014279177830e-01
-2.438531718498469503e-01
-2.457220304337211225e-01
-2.475709664631784712e-01
-2.493998707881919796e-01
-2.512086358310451906e-01
-2.529971555921874948e-01
-2.547653256559687662e-01
-2.565130431962528990e-01
-2.582402069819111912e-01
-2.599467173821931598e-01
-2.616324763719763968e-01
-2.632973875368948002e-01
-2.649413560783439592e-01
-2.665642888183653025e-01
-2.681660942044069018e-01
-2.697466823139619274e-01
-2.713059648590844808e-01
-2.728438551907820808e-01
-2.743602683032849154e-01
-2.758551208381921360e-01
-2.773283310884940289e-01
-2.787798190024712297e-01
-2.802095061874696480e-01
-2.816173159135512138e-01
-2.830031731170220555e-01
-2.843670044038346112e-01
-2.857087380528663956e-01
-2.870283040190753088e-01
-2.883256339365288801e-01
-2.896006611213103321e-01
-2.908533205742997452e-01
-2.920835489838303767e-01
-2.932912847282206914e-01
-2.944764678781817691e-01
-2.956390401990999228e-01
-2.967789451531946399e-01
-2.978961279015516772e-01
-2.989905353060319793e-01
-3.000621159310553621e-01
-3.011108200452597972e-01
-3.021365996230362949e-01
-3.031394083459387767e-01
-3.041192016039696022e-01
-3.050759364967404741e-01
-3.060095718345098859e-01
-3.069200681390941710e-01
-3.078073876446567603e-01
-3.086714942983713739e-01
-3.095123537609621445e-01
-3.103299334071194515e-01
-3.111242023257921319e-01
-3.118951313203554565e-01
-3.126426929086564832e-01
-3.133668613229350086e-01
-3.140676125096218962e-01
-3.147449241290140587e-01
-3.153987755548265381e-01
-3.160291478736217963e-01
-3.166360238841163244e-01
-3.172193880963655177e-01
-3.177792267308251484e-01
-3.183155277172923792e-01
-3.188282806937240976e-01
-3.193174770049334588e-01
-3.197831097011664681e-01
-3.202251735365562735e-01
-3.206436649674572203e-01
-3.210385821506587800e-01
-3.214099249414784087e-01
-3.217576948917349466e-01
-3.220818952476030561e-01
-3.223825309473466461e-01
-3.226596086189351675e-01
-3.229131365775396723e-01
-3.231431248229109654e-01
-3.233495850366405189e-01
-3.235325305793019801e-01
-3.236919764874769401e-01
-3.238279394706624625e-01
-3.239404379080628726e-01
-3.240294918452644168e-01
-3.240951229907945708e-01
-3.241373547125657173e-01
-3.241562120342034170e-01
-3.241517216312603256e-01
-3.241239118273154252e-01
-3.240728125899597356e-01
-3.239984555266679500e-01
-3.239008738805577714e-01
-3.237801025260362286e-01
-3.236361779643336378e-01
-3.234691383189262082e-01
-3.232790233308472372e-01
-3.230658743538876720e-01
-3.228297343496864258e-01
-3.225706478827104484e-01
-3.222886611151257741e-01
-3.219838218015601550e-01
-3.216561792837568379e-01
-3.213057844851202050e-01
-3.209326899051556659e-01
-3.205369496138006924e-01
-3.201186192456517698e-01
-3.196777559940838231e-01
-3.192144186052658372e-01
-3.187286673720715058e-01
-3.182205641278854635e-01
-3.176901722403068229e-01
-3.171375566047495154e-01
-3.165627836379400484e-01
-3.159659212713141763e-01
-3.153470389443123745e-01
-3.147062075975742834e-01
-3.140434996660339539e-01
-3.133589890719158944e-01
-3.126527512176317525e-01
-3.119248629785796867e-01
-3.111754026958460928e-01
-3.104044501688107416e-01
-3.096120866476558264e-01
-3.087983948257795874e-01
-3.079634588321152333e-01
-3.071073642233552725e-01
-3.062301979760834181e-01
-3.053320484788132338e-01
-3.044130055239341881e-01
-3.034731602995672795e-01
-3.025126053813297911e-01
-3.015314347240089510e-01
-3.005297436531487731e-01
-2.995076288565453049e-01
-2.984651883756568314e-01
-2.974025215969248737e-01
-2.963197292430101437e-01
-2.952169133639423459e-01
-2.940941773281851024e-01
-2.929516258136165563e-01
-2.917893647984273198e-01
-2.906075015519345439e-01
-2.894061446253152203e-01
-2.881854038422579367e-01
-2.869453902895339747e-01
-2.856862163074894156e-01
-2.844079954804579757e-01
-2.831108426270959044e-01
-2.817948737906401102e-01
-2.804602062290891817e-01
-2.791069584053090247e-01
-2.777352499770641692e-01
-2.763452017869740263e-01
-2.749369358523969242e-01
-2.735105753552413699e-01
-2.720662446317053673e-01
-2.706040691619455707e-01
-2.691241755596761043e-01
-2.676266915616987707e-01
-2.661117460173642035e-01
-2.645794688779664616e-01
-2.630299911860702333e-01
-2.614634450647736474e-01
-2.598799637069039159e-01
-2.582796813641516920e-01
-2.566627333361401475e-01
-2.550292559594326547e-01
-2.533793865964795167e-01
-2.517132636245023036e-01
-2.500310264243210123e-01
-2.483328153691204410e-01
-2.466187718131593876e-01
-2.448890380804228384e-01
-2.431437574532179513e-01
-2.413830741607143893e-01
-2.396071333674309467e-01
-2.378160811616678305e-01
-2.360100645438871769e-01
-2.341892314150414711e-01
-2.323537305648509244e-01
-2.305037116600315017e-01
-2.286393252324734338e-01
-2.267607226673720167e-01
-2.248680561913113385e-01
-2.229614788603012376e-01
-2.210411445477692138e-01
-2.191072079325083743e-01
-2.171598244865807215e-01
-2.151991504631792784e-01
-2.132253428844477217e-01
-2.112385595292589902e-01
-2.092389589209551204e-01
-2.072267003150474740e-01
-2.052019436868789959e-01
-2.031648497192501401e-01
-2.011155797900077147e-01
-1.990542959595996142e-01
-1.969811609585946643e-01
-1.948963381751694368e-01
-1.927999916425631732e-01
-1.906922860265002628e-01
-1.885733866125836877e-01
-1.864434592936574375e-01
-1.843026705571420842e-01
-1.821511874723413249e-01
-1.799891776777225172e-01
-1.778168093681715134e-01
-1.756342512822228474e-01
-1.734416726892654970e-01
-1.712392433767264688e-01
-1.690271336372323741e-01
-1.668055142557497428e-01
-1.645745564967053542e-01
-1.623344320910879435e-01
-1.600853132235317000e-01
-1.578273725193815313e-01
-1.555607830317442819e-01
-1.532857182285223829e-01
-1.510023519794346791e-01
-1.487108585430240437e-01
-1.464114125536510047e-01
-1.441041890084777677e-01
-1.417893632544404980e-01
-1.394671109752128602e-01
-1.371376081781605638e-01
-1.348010311812879725e-01
-1.324575566001787441e-01
-1.301073613349301161e-01
-1.277506225570826104e-01
-1.253875176965462412e-01
-1.230182244285226711e-01
-1.206429206604269638e-01
-1.182617845188069783e-01
-1.158749943362636370e-01
-1.134827286383711803e-01
-1.110851661306002797e-01
-1.086824856852426913e-01
-1.062748663283405309e-01
-1.038624872266196986e-01
-1.014455276744288953e-01
-9.902416708068567663e-02
-9.659858495582876459e-02
-9.416896089877974108e-02
-9.173547458391344278e-02
-8.929830574803901411e-02
-8.685763417739181258e-02
-8.441363969463705486e-02
-8.196650214588697969e-02
-7.951640138773154176e-02
-7.706351727428417675e-02
-7.460802964424279038e-02
-7.215011830796841386e-02
-6.968996303457965225e-02
-6.722774353906747768e-02
-6.476363946942802208e-02
-6.229783039381622117e-02
-5.983049578772086513e-02
-5.736181502116067393e-02
-5.489196734590427729e-02
-5.242113188271401575e-02
-4.994948760861338960e-02
-4.747721334418163880e-02
-4.500448774087414949e-02
-4.253148926836940180e-02
-4.005839620194565076e-02
-3.758538660988561264e-02
-3.511263834091159913e-02
-3.264032901165209166e-02
-3.016863599413846866e-02
-2.769773640333579937e-02
-2.522780708470678118e-02
-2.275902460180916770e-02
-2.029156522392990686e-02
-1.782560491375341852e-02
-1.536131931506815561e-02
-1.289888374051023114e-02
-1.043847315934559594e-02
-7.980262185292168881e-03
-5.524425064381013016e-03
-3.071135662859495168e-03
-6.205674551359565208e-04
1.827106488232882507e-03
4.271713512511461121e-03
6.713081390709609714e-03
9.151038335463202583e-03
1.158541301086766367e-02
1.401603454426529095e-02
1.644273253798538698e-02
1.886533708103496285e-02
2.128367876074241036e-02
2.369758867434946722e-02
2.610689844055343392e-02
2.851144021099810341e-02
3.091104668171190673e-02
3.330555110449432560e-02
3.569478729824743235e-02
3.807858966025379904e-02
4.045679317739889896e-02
4.282923343733798655e-02
4.519574663960557181e-02
4.755616960666884940e-02
4.991033979492180694e-02
5.225809530562114391e-02
5.459927489576264087e-02
5.693371798889675789e-02
5.926126468588446827e-02
6.158175577559025365e-02
6.389503274551340539e-02
6.620093779235611264e-02
6.849931383252771955e-02
7.079000451258504745e-02
7.307285421960738048e-02
7.534770809150545534e-02
7.761441202726457322e-02
7.987281269711997422e-02
8.212275755266562616e-02
8.436409483689348565e-02
8.659667359416439725e-02
8.882034368010931213e-02
9.103495577146024365e-02
9.324036137580989092e-02
9.543641284130083280e-02
9.762296336624132209e-02
9.979986700864980353e-02
1.019669786957245888e-01
1.041241542332403680e-01
1.062712503148708909e-01
1.084081245314355707e-01
1.105346353800706477e-01
1.126506422733245388e-01
1.147560055481762070e-01
1.168505864749756207e-01
1.189342472663077327e-01
1.210068510857765234e-01
1.230682620567108698e-01
1.251183452707908816e-01
1.271569667965937733e-01
1.291839936880599671e-01
1.311992939928774138e-01
1.332027367607845902e-01
1.351941920517917006e-01
1.371735309443185558e-01
1.391406255432507122e-01
1.410953489879107070e-01
1.430375754599462479e-01
1.449671801911335545e-01
1.468840394710954067e-01
1.487880306549349829e-01
1.506790321707826008e-01
1.525569235272569713e-01
1.544215853208393274e-01
1.562728992431608177e-01
1.581107480882018579e-01
1.599350157594041921e-01
1.617455872766940528e-01
1.635423487834166967e-01
1.653251875531820125e-01
1.670939919966198950e-01
1.688486516680469118e-01
1.705890572720415443e-01
1.723151006699291388e-01
1.740266748861764023e-01
1.757236741146932513e-01
1.774059937250445362e-01
1.790735302685684260e-01
1.807261814844031977e-01
1.823638463054208791e-01
1.839864248640681876e-01
1.855938184981136829e-01
1.871859297563022717e-01
1.887626624039144274e-01
1.903239214282324288e-01
1.918696130439115632e-01
1.933996446982561290e-01
1.949139250764014564e-01
1.964123641063999781e-01
1.978948729642117099e-01
1.993613640785993346e-01
2.008117511359265306e-01
2.022459490848613484e-01
2.036638741409818043e-01
2.050654437912855232e-01
2.064505767986021256e-01
2.078191932059089142e-01
2.091712143405488056e-01
2.105065628183511450e-01
2.118251625476547384e-01
2.131269387332330456e-01
2.144118178801214525e-01
2.156797277973458993e-01
2.169305976015543647e-01
2.181643577205484852e-01
2.193809398967177804e-01
2.205802771903744575e-01
2.217623039829892673e-01
2.229269559803293554e-01
2.240741702154961656e-01
2.252038850518642277e-01
2.263160401859213577e-01
2.274105766500087722e-01
2.284874368149621138e-01
2.295465643926535848e-01
2.305879044384329668e-01
2.316114033534709959e-01
2.326170088870015973e-01
2.336046701384648649e-01
2.345743375595508717e-01
2.355259629561429480e-01
2.364594994901614289e-01
2.373749016813078982e-01
2.382721254087092899e-01
2.391511279124624023e-01
2.400118677950785484e-01
2.408543050228284521e-01
2.416784009269873357e-01
2.424841182049804478e-01
2.432714209214287271e-01
2.440402745090951286e-01
2.447906457697308635e-01
2.455225028748228011e-01
2.462358153662406735e-01
2.469305541567853868e-01
2.476066915306381067e-01
2.482642011437096174e-01
2.489030580238910939e-01
2.495232385712053413e-01
2.501247205578597255e-01
2.507074831281996263e-01
2.512715067985639150e-01
2.518167734570412875e-01
2.523432663631284267e-01
2.528509701472900217e-01
2.533398708104204200e-01
2.538099557232072478e-01
2.542612136253979416e-01
2.546936346249675798e-01
2.551072101971900152e-01
2.555019331836113072e-01
2.558777977909268420e-01
2.562347995897601427e-01
2.565729355133465894e-01
2.568922038561196608e-01
2.571926042722010308e-01
2.574741377737951864e-01
2.577368067294876219e-01
2.579806148624475548e-01
2.582055672485360498e-01
2.584116703143180538e-01
2.585989318349800614e-01
2.587673609321536339e-01
2.589169680716439381e-01
2.590477650610648053e-01
2.591597650473798642e-01
2.592529825143501387e-01
2.593274332798889414e-01
2.593831344933233418e-01
2.594201046325635973e-01
2.594383635011801026e-01
2.594379322253887454e-01
2.594188332509443362e-01
2.593810903399431100e-01
2.593247285675340796e-01
2.592497743185401271e-01
2.591562552839887235e-01
2.590442004575530532e-01
2.589136401319032110e-01
2.587646058949685801e-01
2.585971306261120595e-01
2.584112484922145847e-01
2.582069949436731071e-01
2.579844067103100880e-01
2.577435217971965065e-01
2.574843794803871599e-01
2.572070203025711987e-01
2.569114860686345092e-01
2.565978198411391076e-01
2.562660659357154369e-01
2.559162699163709531e-01
2.555484785907145007e-01
2.551627400050966998e-01
2.547591034396668452e-01
2.543376194033478144e-01
2.538983396287273209e-01
2.534413170668683990e-01
2.529666058820377872e-01
2.524742614463532098e-01
2.519643403343508892e-01
2.514369003174725115e-01
2.508920003584724223e-01
2.503297006057466079e-01
2.497500623875825165e-01
2.491531482063310543e-01
2.485390217325011419e-01
2.479077477987773059e-01
2.472593923939607752e-01
2.465940226568345273e-01
2.459117068699533393e-01
2.452125144533583712e-01
2.444965159582180303e-01
2.437637830603948952e-01
2.430143885539390314e-01
2.422484063445093372e-01
2.414659114427221143e-01
2.406669799574286672e-01
2.398516890889216546e-01
2.390201171220707743e-01
2.381723434193895317e-01
2.373084484140316752e-01
2.364285136027197143e-01
2.355326215386054078e-01
2.346208558240621411e-01
2.336933011034114938e-01
2.327500430555819178e-01
2.317911683867041883e-01
2.308167648226395474e-01
2.298269211014440927e-01
2.288217269657705499e-01
2.278012731552051251e-01
2.267656513985429056e-01
2.257149544060010893e-01
2.246492758613707341e-01
2.235687104141081960e-01
2.224733536713662529e-01
2.213633021899659714e-01
2.202386534683103969e-01
2.190995059382387922e-01
2.179459589568252253e-01
2.167781127981190936e-01
2.155960686448304686e-01
2.143999285799590981e-01
2.131897955783693954e-01
2.119657734983117492e-01
2.107279670728884335e-01
2.094764819014698354e-01
2.082114244410555315e-01
2.069329019975867656e-01
2.056410227172061900e-01
2.043358955774683683e-01
2.030176303785019010e-01
2.016863377341206465e-01
2.003421290628902007e-01
1.989851165791443055e-01
1.976154132839561817e-01
1.962331329560645377e-01
1.948383901427526432e-01
1.934313001506853258e-01
1.920119790367007528e-01
1.905805435985596374e-01
1.891371113656521719e-01
1.876818005896640496e-01
1.862147302352013534e-01
1.847360199703745320e-01
1.832457901573446568e-01
1.817441618428299321e-01
1.802312567485741535e-01
1.787071972617794713e-01
1.771721064255007416e-01
1.756261079290061256e-01
1.740693260981015511e-01
1.725018858854205639e-01
1.709239128606831193e-01
1.693355332009179315e-01
1.677368736806567062e-01
1.661280616620943174e-01
1.645092250852194793e-01
1.628804924579165814e-01
1.612419928460361862e-01
1.595938558634404925e-01
1.579362116620184608e-01
1.562691909216750719e-01
1.545929248402961032e-01
1.529075451236848460e-01
1.512131839754772833e-01
1.495099740870314831e-01
1.477980486272940930e-01
1.460775412326468237e-01
1.443485859967280627e-01
1.426113174602369749e-01
1.408658706007158423e-01
1.391123808223131697e-01
1.373509839455298309e-01
1.355818161969454261e-01
1.338050141989301223e-01
1.320207149593384532e-01
1.302290558611883253e-01
1.284301746523259236e-01
1.266242094350758518e-01
1.248112986558795184e-01
1.229915810949190058e-01
1.211651958557320857e-01
1.193322823548145367e-01
1.174929803112119281e-01
1.156474297361049924e-01
1.137957709223827163e-01
1.119381444342109760e-01
1.100746910965919867e-01
1.082055519849179082e-01
1.063308684145203575e-01
1.044507819302127605e-01
1.025654342958313564e-01
1.006749674837711939e-01
9.877952366451948907e-02
9.687924519618952568e-02
9.497427461405030802e-02
9.306475462005922572e-02
9.115082807239340001e-02
8.923263797498186267e-02
8.731032746704241176e-02
8.538403981261778741e-02
8.345391839011864765e-02
8.152010668186894515e-02
7.958274826365600851e-02
7.764198679428888084e-02
7.569796600515986407e-02
7.375082968981641618e-02
7.180072169353936273e-02
6.984778590292950451e-02
6.789216623550586860e-02
6.593400662931137024e-02
6.397345103253229692e-02
6.201064339312750695e-02
6.004572764847015964e-02
5.807884771500457927e-02
5.611014747791408935e-02
5.413977078080662447e-02
5.216786141541248506e-02
5.019456311130127829e-02
4.822001952561356941e-02
4.624437423281007459e-02
4.426777071444128187e-02
4.229035234893255280e-02
4.031226240139252487e-02
3.833364401343936079e-02
3.635464019304834871e-02
3.437539380442337922e-02
3.239604755788748347e-02
3.041674399980008603e-02
2.843762550249600424e-02
2.645883425424856716e-02
2.448051224926089259e-02
2.250280127767920191e-02
2.052584291563658986e-02
1.854977851532151750e-02
1.657474919507476163e-02
1.460089582951681030e-02
1.262835903970174582e-02
1.065727918330413963e-02
8.687796344834762541e-03
6.720050325887503596e-03
4.754180635420513293e-03
2.790326480066997964e-03
8.286267544823788670e-04
-1.130779968276521188e-03
-3.087755446337696157e-03
-5.042161778562553702e-03
-6.993861414061954516e-03
-8.942717161672286003e-03
-1.088859219939647231e-02
-1.283135008380716612e-02
-1.477085475940911885e-02
-1.670697056796575583e-02
-1.863956225778258882e-02
-2.056849499295337891e-02
-2.249363436256259646e-02
-2.441484638984788014e-02
-2.633199754132053635e-02
-2.824495473584108171e-02
-3.015358535365443571e-02
-3.205775724537796717e-02
-3.395733874094701565e-02
-3.585219865851515392e-02
-3.774220631330665876e-02
-3.962723152642554092e-02
-4.150714463361472595e-02
-4.338181649396933431e-02
-4.525111849860306845e-02
-4.711492257926173932e-02
-4.897310121689255058e-02
-5.082552745015984225e-02
-5.267207488391234538e-02
-5.451261769759975506e-02
-5.634703065363588781e-02
-5.817518910571268381e-02
-5.999696900705888541e-02
-6.181224691864746490e-02
-6.362090001734974076e-02
-6.542280610403315710e-02
-6.721784361160748622e-02
-6.900589161301301511e-02
-7.078682982915572575e-02
-7.256053863678380011e-02
-7.432689907630946058e-02
-7.608579285957327298e-02
-7.783710237754937200e-02
-7.958071070799507818e-02
-8.131650162303941110e-02
-8.304435959671406520e-02
-8.476416981242512749e-02
-8.647581817036273377e-02
-8.817919129485334018e-02
-8.987417654164779612e-02
-9.156066200515039499e-02
-9.323853652558586336e-02
-9.490768969610229033e-02
-9.656801186981393836e-02
-9.821939416677863410e-02
-9.986172848091293131e-02
-1.014949074868435469e-01
-1.031188246466925446e-01
-1.047333742168005399e-01
-1.063384512543817523e-01
-1.079339516241153429e-01
-1.095197720046709455e-01
-1.110958098951657508e-01
-1.126619636215575315e-01
-1.142181323429679041e-01
-1.157642160579399199e-01
-1.173001156106274340e-01
-1.188257326969148764e-01
-1.203409698704705905e-01
-1.218457305487288672e-01
-1.233399190188043809e-01
-1.248234404433366806e-01
-1.262962008662633639e-01
-1.277581072185250133e-01
-1.292090673236972465e-01
-1.306489899035539748e-01
-1.320777845835573172e-01
-1.334953618982772094e-01
-1.349016332967392651e-01
-1.362965111476986957e-01
-1.376799087448443704e-01
-1.390517403119273798e-01
-1.404119210078183522e-01
-1.417603669314910775e-01
-1.430969951269316087e-01
-1.444217235879749761e-01
-1.457344712630660732e-01
-1.470351580599473240e-01
-1.483237048502719369e-01
-1.496000334741404980e-01
-1.508640667445650119e-01
-1.521157284518549757e-01
-1.533549433679297080e-01
-1.545816372505546266e-01
-1.557957368474999493e-01
-1.569971699006259269e-01
-1.581858651498888602e-01
-1.593617523372719558e-01
-1.605247622106397709e-01
-1.616748265275141927e-01
-1.628118780587747838e-01
-1.639358505922802745e-01
-1.650466789364138653e-01
-1.661442989235503709e-01
-1.672286474134448142e-01
-1.682996622965444167e-01
-1.693572824972209290e-01
-1.704014479769262458e-01
-1.714320997372681121e-01
-1.724491798230082251e-01
-1.734526313249818430e-01
-1.744423983829375413e-01
-1.754184261882993923e-01
-1.763806609868490416e-01
-1.773290500813294868e-01
-1.782635418339695854e-01
-1.791840856689283223e-01
-1.800906320746616385e-01
-1.809831326062077139e-01
-1.818615398873940636e-01
-1.827258076129653352e-01
-1.835758905506299499e-01
-1.844117445430290825e-01
-1.852333265096240134e-01
-1.860405944485051255e-01
-1.868335074381209659e-01
-1.876120256389261221e-01
-1.883761102949515209e-01
-1.891257237352925724e-01
-1.898608293755194298e-01
-1.905813917190059548e-01
-1.912873763581792730e-01
-1.919787499756901994e-01
-1.926554803455022835e-01
-1.933175363339023900e-01
-1.939648879004310655e-01
-1.945975060987325256e-01
-1.952153630773261206e-01
-1.958184320802965894e-01
-1.964066874479058200e-01
-1.969801046171248682e-01
-1.975386601220854854e-01
-1.980823315944536533e-01
-1.986110977637218777e-01
-1.991249384574242665e-01
-1.996238346012702836e-01
-2.001077682192006768e-01
-2.005767224333639687e-01
-2.010306814640135109e-01
-2.014696306293262962e-01
-2.018935563451426385e-01
-2.023024461246269168e-01
-2.026962885778507695e-01
-2.030750734112965472e-01
-2.034387914272832998e-01
-2.037874345233144091e-01
-2.041209956913472290e-01
-2.044394690169845930e-01
-2.047428496785891339e-01
-2.050311339463196103e-01
-2.053043191810894341e-01
-2.055624038334492865e-01
-2.058053874423913243e-01
-2.060332706340767261e-01
-2.062460551204877701e-01
-2.064437436980013363e-01
-2.066263402458878573e-01
-2.067938497247334972e-01
-2.069462781747860303e-01
-2.070836327142258071e-01
-2.072059215373603103e-01
-2.073131539127446576e-01
-2.074053401812254727e-01
-2.074824917539115909e-01
-2.075446211100690219e-01
-2.075917417949419974e-01
-2.076238684175000238e-01
-2.076410166481108266e-01
-2.076432032161397989e-01
-2.076304459074765352e-01
-2.076027635619875078e-01
-2.075601760708968291e-01
-2.075027043740935995e-01
-2.074303704573680074e-01
-2.073431973495746261e-01
-2.072412091197244899e-01
-2.071244308740058659e-01
-2.069928887527337225e-01
-2.068466099272285308e-01
-2.066856225966248461e-01
-2.065099559846092225e-01
-2.063196403360889886e-01
-2.061147069137910792e-01
-2.058951879947917007e-01
-2.056611168669775780e-01
-2.054125278254382569e-01
-2.051494561687902674e-01
-2.048719381954340057e-01
-2.045800111997427007e-01
-2.042737134681841815e-01
-2.039530842753763118e-01
-2.036181638800760585e-01
-2.032689935211017540e-01
-2.029056154131910483e-01
-2.025280727427922201e-01
-2.021364096637920105e-01
-2.017306712931775381e-01
-2.013109037066352081e-01
-2.008771539340853118e-01
-2.004294699551539272e-01
-1.999679006945810633e-01
-1.994924960175669393e-01
-1.990033067250558951e-01
-1.985003845489590191e-01
-1.979837821473148518e-01
-1.974535530993897225e-01
-1.969097519007178554e-01
-1.963524339580807743e-01
-1.957816555844276996e-01
-1.951974739937370751e-01
-1.945999472958185872e-01
-1.939891344910576465e-01
-1.933650954651020826e-01
-1.927278909834908849e-01
-1.920775826862269331e-01
-1.914142330822925786e-01
-1.907379055441097149e-01
-1.900486643019440314e-01
-1.893465744382548388e-01
-1.886317018819894109e-01
-1.879041134028245075e-01
-1.871638766053525804e-01
-1.864110599232171317e-01
-1.856457326131931429e-01
-1.848679647492169897e-01
-1.840778272163642315e-01
-1.832753917047756087e-01
-1.824607307035338855e-01
-1.816339174944887058e-01
-1.807950261460334607e-01
-1.799441315068320280e-01
-1.790813091994969963e-01
-1.782066356142202601e-01
-1.773201879023555416e-01
-1.764220439699541176e-01
-1.755122824712537499e-01
-1.745909828021217913e-01
-1.736582250934529670e-01
-1.727140902045212756e-01
-1.717586597162890916e-01
-1.707920159246702485e-01
-1.698142418337519888e-01
-1.688254211489723933e-01
-1.678256382702559002e-01
-1.668149782851081619e-01
-1.657935269616677976e-01
-1.647613707417194540e-01
-1.637185967336654557e-01
-1.626652927054581532e-01
-1.616015470774940788e-01
-1.605274489154683293e-01
-1.594430879231925058e-01
-1.583485544353742669e-01
-1.572439394103605226e-01
-1.561293344228448232e-01
-1.550048316565384721e-01
-1.538705238968068878e-01
-1.527265045232719387e-01
-1.515728675023797489e-01
-1.504097073799355866e-01
-1.492371192736057228e-01
-1.480551988653867890e-01
-1.468640423940452688e-01
-1.456637466475239895e-01
-1.444544089553188859e-01
-1.432361271808267333e-01
-1.420089997136616544e-01
-1.407731254619458694e-01
-1.395286038445698040e-01
-1.382755347834261628e-01
-1.370140186956158301e-01
-1.357441564856295135e-01
-1.344660495375017972e-01
-1.331797997069411599e-01
-1.318855093134342349e-01
-1.305832811323284215e-01
-1.292732183868890439e-01
-1.279554247403348333e-01
-1.266300042878503451e-01
-1.252970615485788641e-01
-1.239567014575923276e-01
-1.226090293578418339e-01
-1.212541509920889438e-01
-1.198921724948158463e-01
-1.185232003841203974e-01
-1.171473415535903700e-01
-1.157647032641614948e-01
-1.143753931359592496e-01
-1.129795191401231635e-01
-1.115771895906179090e-01
-1.101685131360273379e-01
-1.087535987513358754e-01
-1.073325557296952587e-01
-1.059054936741779113e-01
-1.044725224895203114e-01
-1.030337523738515393e-01
-1.015892938104124010e-01
-1.001392575592638112e-01
-9.868375464898347660e-02
-9.722289636835694526e-02
-9.575679425805584677e-02
-9.428556010231053941e-02
-9.280930592057427819e-02
-9.132814395917977779e-02
-8.984218668299190358e-02
-8.835154676705168908e-02
-8.685633708821731414e-02
-8.535667071679975404e-02
-8.385266090819337714e-02
-8.234442109450690328e-02
-8.083206487618752045e-02
-7.931570601364523743e-02
-7.779545841887529345e-02
-7.627143614708001285e-02
-7.474375338828825877e-02
-7.321252445898079886e-02
-7.167786379370827410e-02
-7.013988593671909022e-02
-6.859870553358257683e-02
-6.705443732282176383e-02
-6.550719612754118959e-02
-6.395709684706687992e-02
-6.240425444858552217e-02
-6.084878395879111945e-02
-5.929080045553534323e-02
-5.773041905948769759e-02
-5.616775492579900719e-02
-5.460292323577473073e-02
-5.303603918855383237e-02
-5.146721799280179477e-02
-4.989657485840442996e-02
-4.832422498818013390e-02
-4.675028356959696346e-02
-4.517486576650336233e-02
-4.359808671086863596e-02
-4.202006149453713785e-02
-4.044090516099697191e-02
-3.886073269715565465e-02
-3.727965902513763474e-02
-3.569779899409077084e-02
-3.411526737201051734e-02
-3.253217883757733575e-02
-3.094864797201545004e-02
-2.936478925096033463e-02
-2.778071703635207751e-02
-2.619654556833926271e-02
-2.461238895720874870e-02
-2.302836117532585866e-02
-2.144457604910233323e-02
-1.986114725097917408e-02
-1.827818829143245533e-02
-1.669581251099859151e-02
-1.511413307232441564e-02
-1.353326295223649701e-02
-1.195331493383510260e-02
-1.037440159860964980e-02
-8.796635318583023375e-03
-7.220128248472218631e-03
-5.644992317882515168e-03
-4.071339223521560843e-03
-2.499280421442225727e-03
-9.289271193097612539e-04
6.396097313003485871e-04
2.206219442580194864e-03
3.770791598137364625e-03
5.333216060616004402e-03
6.893382979283771243e-03
8.451182797597163454e-03
1.000650626072833310e-02
1.155924442306646011e-02
1.310928865568569864e-02
1.465653065378308417e-02
1.620086244408121268e-02
1.774217639220117965e-02
1.928036521000065645e-02
2.081532196288022121e-02
2.234694007705039995e-02
2.387511334677226357e-02
2.539973594155423703e-02
2.692070241332050404e-02
2.843790770353627276e-02
2.995124715030454340e-02
3.146061649541818245e-02
3.296591189137933198e-02
3.446702990837874347e-02
3.596386754123882812e-02
3.745632221631286368e-02
3.894429179835268151e-02
4.042767459732839186e-02
4.190636937521487887e-02
4.338027535273066004e-02
4.484929221604378596e-02
4.631332012342843224e-02
4.777225971188461123e-02
4.922601210371308628e-02
5.067447891304986685e-02
5.211756225235244372e-02
5.355516473885011536e-02
5.498718950094222402e-02
5.641354018455875530e-02
5.783412095946925680e-02
5.924883652555447411e-02
6.065759211902477938e-02
6.206029351859716769e-02
6.345684705162410455e-02
6.484715960017720104e-02
6.623113860707911804e-02
6.760869208189543289e-02
6.897972860687061336e-02
7.034415734282226107e-02
7.170188803498012131e-02
7.305283101878382035e-02
7.439689722562375929e-02
7.573399818853678023e-02
7.706404604785005441e-02
7.838695355677588461e-02
7.970263408695192620e-02
8.101100163393670783e-02
8.231197082264664344e-02
8.360545691274723357e-02
