2.775557561562891351e-16
-1.018436649835720020e+00
-2.034917429747401307e+00
-3.048710842524601006e+00
-4.059087319719333564e+00
-5.065319700171730943e+00
-6.066683706953504007e+00
-7.062458422419228832e+00
-8.051926761056742876e+00
-9.034375939829434543e+00
-1.000909794570467071e+01
-1.097539000006466026e+01
-1.193255501969782983e+01
-1.287990207407128906e+01
-1.381674683858704533e+01
-1.474241204352760981e+01
-1.565622791839909667e+01
-1.655753263138311127e+01
-1.744567272361191357e+01
-1.832000353798446568e+01
-1.917988964224493742e+01
-2.002470524604840563e+01
-2.085383461174304998e+01
-2.166667245860165636e+01
-2.246262436023971176e+01
-2.324110713496202862e+01
-2.400154922878395070e+01
-2.474339109087833677e+01
-2.546608554120441426e+01
-2.616909813007925578e+01
-2.685190748945858275e+01
-2.751400567569823963e+01
-2.815489850357372958e+01
-2.877410587134066589e+01
-2.937116207662489487e+01
-2.994561612293679786e+01
-3.049703201661072782e+01
-3.102498905397650120e+01
-3.152908209857613997e+01
-3.200892184824573405e+01
-3.246413509188890600e+01
-3.289436495577467667e+01
-3.329927113919980997e+01
-3.367853013936230866e+01
-3.403183546529984937e+01
-3.435889784075398268e+01
-3.465944539582837081e+01
-3.493322384731598618e+01
-3.517999666757850719e+01
-3.539954524186757112e+01
-3.559166901398583605e+01
-3.575618562019288049e+01
-3.589293101126888530e+01
-3.600175956265664468e+01
-3.608254417261007063e+01
-3.613517634828536984e+01
-3.615956627971873871e+01
-3.615564290164235928e+01
-3.612335394309834413e+01
-3.606266596481815156e+01
-3.597356438434314896e+01
-3.585605348886971200e+01
-3.571015643581020527e+01
-3.553591524106958843e+01
-3.533339075504471793e+01
-3.510266262636202583e+01
-3.484382925337671111e+01
-3.455700772346477123e+01
-3.424233374014733045e+01
-3.389996153809395452e+01
-3.353006378606045956e+01
-3.313283147782354376e+01
-3.270847381118334596e+01
-3.225721805511184215e+01
-3.177930940513354230e+01
-3.127501082703201973e+01
-3.074460288898352900e+01
-3.018838358222666329e+01
-2.960666813038416123e+01
-2.899978878756063239e+01
-2.836809462534698767e+01
-2.771195130886979641e+01
-2.703174086203072690e+01
-2.632786142208834690e+01
-2.560072698374155920e+01
-2.485076713288044559e+01
-2.407842677017743682e+01
-2.328416582469801099e+01
-2.246845895771673085e+01
-2.163179525693072947e+01
-2.077467792126909529e+01
-1.989762393650253358e+01
-1.900116374186391255e+01
-1.808584088789591604e+01
-1.715221168574770161e+01
-1.620084484814842085e+01
-1.523232112229013779e+01
-1.424723291485883969e+01
-1.324618390945641444e+01
-1.222978867666212466e+01
-1.119867227698654411e+01
-1.015346985697556548e+01
-9.094826238726778200e+00
-8.023395503084163494e+00
-6.939840566782232045e+00
-5.844832753813385295e+00
-4.739051361297210718e+00
-3.623183220133054050e+00
-2.497922250721272164e+00
-1.363969014041378713e+00
-2.220302583784423689e-01
9.271815380079075908e-01
2.082948627975381939e+00
3.244548460052220307e+00
4.411254146150334954e+00
5.582334932134821237e+00
6.757056670944272980e+00
7.934682297955173880e+00
9.114472308281264645e+00
1.029568523569860794e+01
1.147757813288504103e+01
1.265940705266283572e+01
1.384042752993147296e+01
1.501989506397838525e+01
1.548392996077694939e+01
1.564091272726881421e+01
1.579658176387697033e+01
1.595092744475054047e+01
1.610394025080666225e+01
1.625561077028736534e+01
1.640592969930810341e+01
1.655488784239786071e+01
1.670247611303081570e+01
1.684868553414949588e+01
1.699350723867946300e+01
1.713693247003547171e+01
1.727895258261902001e+01
1.741955904230738739e+01
1.755874342693400081e+01
1.769649742676021020e+01
1.783281284493838470e+01
1.796768159796636155e+01
1.810109571613313406e+01
1.823304734395591353e+01
1.836352874060832718e+01
1.849253228033995100e+01
1.862005045288702121e+01
1.874607586387434210e+01
1.887060123520836186e+01
1.899361940546143046e+01
1.911512333024721855e+01
1.923510608258721177e+01
1.935356085326834474e+01
1.947048095119176025e+01
1.958585980371259794e+01
1.969969095697089756e+01
1.981196807621352818e+01
1.992268494610716445e+01
2.003183547104232431e+01
2.013941367542838989e+01
2.024541370397964712e+01
2.034982982199234414e+01
2.045265641561272574e+01
2.055388799209605466e+01
2.065351918005658760e+01
2.075154472970856290e+01
2.084795951309811457e+01
2.094275852432613760e+01
2.103593687976214355e+01
2.112748981824899985e+01
2.121741270129868795e+01
2.130570101327891308e+01
2.139235036159071512e+01
2.147735647683701288e+01
2.156071521298202853e+01
2.164242254750168115e+01
2.172247458152492428e+01
2.180086753996600279e+01
2.187759777164760777e+01
2.195266174941502513e+01
2.202605607024122847e+01
2.209777745532280591e+01
2.216782275016699089e+01
2.223618892466953056e+01
2.230287307318353740e+01
2.236787241457932396e+01
2.243118429229518540e+01
2.249280617437917229e+01
2.255273565352182175e+01
2.261097044707991444e+01
2.266750839709121479e+01
2.272234747028021573e+01
2.277548575805489861e+01
2.282692147649456516e+01
2.287665296632868106e+01
2.292467869290674187e+01
2.297099724615932814e+01
2.301560734055005497e+01
2.305850781501882452e+01
2.309969763291601552e+01
2.313917588192793673e+01
2.317694177399329192e+01
2.321299464521091949e+01
2.324733395573867156e+01
2.327995928968342554e+01
2.331087035498240212e+01
2.334006698327567264e+01
2.336754912976989829e+01
2.339331687309337227e+01
2.341737041514235074e+01
2.343971008091868669e+01
2.346033631835880939e+01
2.347924969815405660e+01
2.349645091356238069e+01
2.351194078021149991e+01
2.352572023589343431e+01
2.353779034035050088e+01
2.354815227505284980e+01
2.355680734296743495e+01
2.356375696831852551e+01
2.356900269633985801e+01
2.357254619301829734e+01
2.357438924482910281e+01
2.357453375846295884e+01
2.357298176054453265e+01
2.356973539734283563e+01
2.356479693447333545e+01
2.355816875659173348e+01
2.354985336707966326e+01
2.353985338772215030e+01
2.352817155837695395e+01
2.351481073663583032e+01
2.349977389747770928e+01
2.348306413291382455e+01
2.346468465162490702e+01
2.344463877859035961e+01
2.342292995470950956e+01
2.339956173641503412e+01
2.337453779527847431e+01
2.334786191760794694e+01
2.331953800403810817e+01
2.328957006911237571e+01
2.325796224085743091e+01
2.322471876035009686e+01
2.318984398127657798e+01
2.315334236948413249e+01
2.311521850252522370e+01
2.307547706919417152e+01
2.303412286905632911e+01
2.299116081196990535e+01
2.294659591760039419e+01
2.290043331492767464e+01
2.285267824174584916e+01
2.280333604415586635e+01
2.275241217605094590e+01
2.269991219859483067e+01
2.264584177969302914e+01
2.259020669345690990e+01
2.253301281966087899e+01
2.247426614319256899e+01
2.241397275349611107e+01
2.235213884400858575e+01
2.228877071158964540e+01
2.222387475594437234e+01
2.215745747903945073e+01
2.208952548451266296e+01
2.202008547707577435e+01
2.194914426191090229e+01
2.187670874406031629e+01
2.180278592780979707e+01
2.172738291606567529e+01
2.165050690972541503e+01
2.157216520704194807e+01
2.149236520298177311e+01
2.141111438857684135e+01
2.132842035027032068e+01
2.124429076925629190e+01
2.115873342081339459e+01
2.107175617363251519e+01
2.098336698913854548e+01
2.089357392080631115e+01
2.080238511347067387e+01
2.070980880263087442e+01
2.061585331374924124e+01
2.052052706154418260e+01
2.042383854927770415e+01
2.032579636803728818e+01
2.022640919601245812e+01
2.012568579776581501e+01
2.002363502349880520e+01
1.992026580831216620e+01
1.981558717146122461e+01
1.970960821560590759e+01
1.960233812605578052e+01
1.949378617000994396e+01
1.938396169579202422e+01
1.927287413208018663e+01
1.916053298713232778e+01
1.904694784800645024e+01
1.893212837977631580e+01
1.881608432474239834e+01
1.869882550163828583e+01
1.858036180483246014e+01
1.846070320352563243e+01
1.833985974094367677e+01
1.821784153352614410e+01
1.809465877011053081e+01
1.797032171111230880e+01
1.784484068770076703e+01
1.771822610097077444e+01
1.759048842111049638e+01
1.746163818656511424e+01
1.733168600319669395e+01
1.720064254344014998e+01
1.706851854545543645e+01
1.693532481227610020e+01
1.680107221095408931e+01
1.666577167170103735e+01
1.652943418702600198e+01
1.639207081086980722e+01
1.625369265773593597e+01
1.611431090181815051e+01
1.597393677612484808e+01
1.583258157160025270e+01
1.569025663624244871e+01
1.554697337421844416e+01
1.540274324497615410e+01
1.525757776235355756e+01
1.511148849368496272e+01
1.496448705890449560e+01
1.481658512964690999e+01
1.466779442834572755e+01
1.451812672732881282e+01
1.436759384791142402e+01
1.421620765948687293e+01
1.406398007861476707e+01
1.391092306810698709e+01
1.375704863611140638e+01
1.360236883519343820e+01
1.344689576141556486e+01
1.329064155341471043e+01
1.313361839147779264e+01
1.297583849661529065e+01
1.281731412963301686e+01
1.265805759020219057e+01
1.249808121592773702e+01
1.233739738141505704e+01
1.217601849733522812e+01
1.201395700948868139e+01
1.185122539786756768e+01
1.168783617571670241e+01
1.152380188859328314e+01
1.135913511342543458e+01
1.119384845756955116e+01
1.102795455786666246e+01
1.086146607969774358e+01
1.069439571603814620e+01
1.052675618651117873e+01
1.035856023644085688e+01
1.018982063590399889e+01
1.002055017878165444e+01
9.850761681809919068e+00
9.680467983630332895e+00
9.509681943839735752e+00
9.338416442039850551e+00
9.166684376886475860e+00
8.994498665138539906e+00
8.821872240706928991e+00
8.648818053703218212e+00
8.475349069488425258e+00
8.301478267721778437e+00
8.127218641409585942e+00
7.952583195954328055e+00
7.777584948203929649e+00
7.602236925501412834e+00
7.426552164734909312e+00
7.250543711388107937e+00
7.074224618591288483e+00
6.897607946172826132e+00
6.720706759711466027e+00
6.543534129589271053e+00
6.366103130045339675e+00
6.188426838230452809e+00
6.010518333262543145e+00
5.832390695283241833e+00
5.654057004515439466e+00
5.475530340321992817e+00
5.296823780265597748e+00
5.117950399169960640e+00
4.938923268182232817e+00
4.759755453836890027e+00
4.580460017121031235e+00
4.401050012541206868e+00
4.221538487191878630e+00
4.041938479825422093e+00
3.862263019923948271e+00
3.682525126772853596e+00
3.502737808536235509e+00
3.322914061334222069e+00
3.143066868322230700e+00
2.963209198772318587e+00
2.783354007156596310e+00
2.603514232232841952e+00
2.423702796132285453e+00
2.243932603449777297e+00
2.064216540336175409e+00
1.884567473593284692e+00
1.704998249771184415e+00
1.525521694268122452e+00
1.346150610433053396e+00
1.166897778670736630e+00
9.877759555496616883e-01
8.087978729127233146e-01
6.299762369906877213e-01
4.513237275186687825e-01
2.728529968555171159e-01
9.457666910618017786e-02
-8.349266075274684729e-02
-2.613424277444040267e-01
-4.389600977598228648e-01
-6.163331684227704166e-01
-7.934491699513748220e-01
-9.702956660163015723e-01
-1.146860254595480910e+00
-1.323130568825412023e+00
-1.499094277848808998e+00
-1.674739087658774439e+00
-1.850052741939198553e+00
-2.025023022901482062e+00
-2.199637752117494571e+00
-2.373884791348639389e+00
-2.547752043371148467e+00
-2.721227452797311486e+00
-2.894299006892791404e+00
-3.066954736389847724e+00
-3.239182716296504783e+00
-3.410971066701474097e+00
-3.582307953574982218e+00
-3.753181589565259824e+00
-3.923580234790727594e+00
-4.093492197627845997e+00
-4.262905835494488649e+00
-4.431809555628935193e+00
-4.600191815864267397e+00
-4.768041125398227997e+00
-4.935346045558467232e+00
-5.102095190563074922e+00
-5.268277228276484259e+00
-5.433880880960518134e+00
-5.598894926020656193e+00
-5.763308196747460421e+00
-5.927109583053057129e+00
-6.090288032202651358e+00
-6.252832549541102125e+00
-6.414732199214379982e+00
-6.575976104885956630e+00
-6.736553450448051095e+00
-6.896453480727661400e+00
-7.055665502187436822e+00
-7.214178883621192639e+00
-7.371983056844159776e+00
-7.529067517377842300e+00
-7.685421825129463258e+00
-7.841035605066017489e+00
-7.995898547882775986e+00
-8.150000410666274675e+00
-8.303331017551753845e+00
-8.455880260374932789e+00
-8.607638099318203118e+00
-8.758594563551074685e+00
-8.908739751864894529e+00
-9.058063833301833512e+00
-9.206557047778010983e+00
-9.354209706700789440e+00
-9.501012193580239185e+00
-9.646954964634570473e+00
-9.792028549389748093e+00
-9.936223551272970411e+00
-1.007953064820019584e+01
-1.022194059315762082e+01
-1.036344421477702404e+01
-1.050403241790495912e+01
-1.064369618416583663e+01
-1.078242657251876224e+01
-1.092021471980813985e+01
-1.105705184130806273e+01
-1.119292923126034367e+01
-1.132783826340624955e+01
-1.146177039151189092e+01
-1.159471714988716506e+01
-1.172667015389836997e+01
-1.185762110047430085e+01
-1.198756176860588418e+01
-1.211648401983934065e+01
-1.224437979876275229e+01
-1.237124113348615850e+01
-1.249706013611498356e+01
-1.262182900321690227e+01
-1.274554001628206024e+01
-1.286818554217657606e+01
-1.298975803358948156e+01
-1.311025002947281237e+01
-1.322965415547504620e+01
-1.334796312436776411e+01
-1.346516973646552984e+01
-1.358126688003893712e+01
-1.369624753172089981e+01
-1.381010475690603378e+01
-1.392283171014320153e+01
-1.403442163552116462e+01
-1.414486786704732424e+01
-1.425416382901955537e+01
-1.436230303639108641e+01
-1.446927909512841026e+01
-1.457508570256223557e+01
-1.467971664773141072e+01
-1.478316581171988631e+01
-1.488542716798661836e+01
-1.498649478268841051e+01
-1.508636281499574316e+01
-1.518502551740150608e+01
-1.528247723602263086e+01
-1.537871241089466601e+01
-1.547372557625919853e+01
-1.556751136084418974e+01
-1.566006448813715224e+01
-1.575137977665114519e+01
-1.584145214018372627e+01
-1.593027658806859925e+01
-1.601784822542019171e+01
-1.610416225337099050e+01
-1.618921396930166168e+01
-1.627299876706408455e+01
-1.635551213719703156e+01
-1.643674966713472330e+01
-1.651670704140813584e+01
-1.659538004183906779e+01
-1.667276454772700234e+01
-1.674885653602870050e+01
-1.682365208153058589e+01
-1.689714735701384285e+01
-1.696933863341229909e+01
-1.704022227996302874e+01
-1.710979476434973989e+01
-1.717805265283885063e+01
-1.724499261040838505e+01
-1.731061140086950445e+01
-1.737490588698090122e+01
-1.743787303055584204e+01
-1.749950989256201339e+01
-1.755981363321406974e+01
-1.761878151205895549e+01
-1.767641088805399718e+01
-1.773269921963765938e+01
-1.778764406479319149e+01
-1.784124308110492052e+01
-1.789349402580737092e+01
-1.794439475582712973e+01
-1.799394322781748912e+01
-1.804213749818589463e+01
-1.808897572311416724e+01
-1.813445615857149562e+01
-1.817857716032028748e+01
-1.822133718391476620e+01
-1.826273478469247280e+01
-1.830276861775850605e+01
-1.834143743796268211e+01
-1.837874009986947854e+01
-1.841467555772088716e+01
-1.844924286539212588e+01
-1.848244117634022032e+01
-1.851426974354548705e+01
-1.854472791944595045e+01
-1.857381515586464005e+01
-1.860153100392984271e+01
-1.862787511398834539e+01
-1.865284723551155466e+01
-1.867644721699467070e+01
-1.869867500584883047e+01
-1.871953064828625557e+01
-1.873901428919845102e+01
-1.875712617202742649e+01
-1.877386663862998972e+01
-1.878923612913510865e+01
-1.880323518179442033e+01
-1.881586443282578003e+01
-1.882712461625001765e+01
-1.883701656372084443e+01
-1.884554120434786739e+01
-1.885269956451291407e+01
-1.885849276767947913e+01
-1.886292203419548485e+01
-1.886598868108925586e+01
-1.886769412185882544e+01
-1.886803986625450946e+01
-1.886702752005485095e+01
-1.886465878483590330e+01
-1.886093545773389835e+01
-1.885585943120134900e+01
-1.884943269275654032e+01
-1.884165732472650134e+01
-1.883253550398350384e+01
-1.882206950167498505e+01
-1.881026168294710033e+01
-1.879711450666178507e+01
-1.878263052510744657e+01
-1.876681238370324678e+01
-1.874966282069708967e+01
-1.873118466685721017e+01
-1.871138084515757427e+01
-1.869025437045693749e+01
-1.866780834917174303e+01
-1.864404597894274218e+01
-1.861897054829556808e+01
-1.859258543629503890e+01
-1.856489411219348185e+01
-1.853590013507291090e+01
-1.850560715348121477e+01
-1.847401890506230515e+01
-1.844113921618034624e+01
-1.840697200153799429e+01
-1.837152126378877526e+01
-1.833479109314361821e+01
-1.829678566697147346e+01
-1.825750924939427833e+01
-1.821696619087600411e+01
-1.817516092780611459e+01
-1.813209798207727275e+01
-1.808778196065743060e+01
-1.804221755515627734e+01
-1.799540954138617010e+01
-1.794736277891747278e+01
-1.789808221062845206e+01
-1.784757286224966677e+01
-1.779583984190301038e+01
-1.774288833963531076e+01
-1.768872362694661859e+01
-1.763335105631324140e+01
-1.757677606070542708e+01
-1.751900415309995296e+01
-1.746004092598743895e+01
-1.739989205087457691e+01
-1.733856327778130435e+01
-1.727606043473284458e+01
-1.721238942724682630e+01
-1.714755623781539029e+01
-1.708156692538241117e+01
-1.701442762481582704e+01
-1.694614454637512324e+01
-1.687672397517408740e+01
-1.680617227063873642e+01
-1.673449586596063909e+01
-1.666170126754552427e+01
-1.658779505445727409e+01
-1.651278387785743007e+01
-1.643667446044007718e+01
-1.635947359586236516e+01
-1.628118814817054627e+01
-1.620182505122161132e+01
-1.612139130810068721e+01
-1.603989399053403986e+01
-1.595734023829794346e+01
-1.587373725862330609e+01
-1.578909232559612796e+01
-1.570341277955398951e+01
-1.561670602647830464e+01
-1.552897953738278503e+01
-1.544024084769782235e+01
-1.535049755665096960e+01
-1.525975732664371165e+01
-1.516802788262425139e+01
-1.507531701145669523e+01
-1.498163256128646914e+01
-1.488698244090209677e+01
-1.479137461909338214e+01
-1.469481712400604323e+01
-1.459731804249286569e+01
-1.449888551946141035e+01
-1.439952775721824452e+01
-1.429925301480997391e+01
-1.419806960736084278e+01
-1.409598590540721652e+01
-1.399301033422875129e+01
-1.388915137317653148e+01
-1.378441755499807186e+01
-1.367881746515926267e+01
-1.357235974116342092e+01
-1.346505307186729894e+01
-1.335690619679433766e+01
-1.324792790544500853e+01
-1.313812703660439141e+01
-1.302751247764713050e+01
-1.291609316383956951e+01
-1.280387807763944608e+01
-1.269087624799292868e+01
-1.257709674962910817e+01
-1.246254870235222967e+01
-1.234724127033128660e+01
-1.223118366138747426e+01
-1.211438512627925235e+01
-1.199685495798518176e+01
-1.187860249098461551e+01
-1.175963710053624922e+01
-1.163996820195464643e+01
-1.151960524988462353e+01
-1.139855773757384583e+01
-1.127683519614338081e+01
-1.115444719385645023e+01
-1.103140333538543949e+01
-1.090771326107704020e+01
-1.078338664621585252e+01
-1.065843320028625563e+01
-1.053286266623269007e+01
-1.040668481971857773e+01
-1.027990946838352038e+01
-1.015254645109934550e+01
-1.002460563722461906e+01
-9.896096925857911231e+00
-9.767030245089896923e+00
-9.637415551254090218e+00
-9.507262828176660463e+00
-9.376582086425003126e+00
-9.245383362555314122e+00
-9.113676718359318585e+00
-8.981472240109892979e+00
-8.848780037806028176e+00
-8.715610244416847507e+00
-8.581973015124885862e+00
-8.447878526568834090e+00
-8.313336976085404117e+00
-8.178358580950837009e+00
-8.042953577621767991e+00
-7.907132220975592318e+00
-7.770904783550568240e+00
-7.634281554785343538e+00
-7.497272840258409232e+00
-7.359888960927140289e+00
-7.222140252366653357e+00
-7.084037064008651186e+00
-6.945589758380007694e+00
-6.806808710341515578e+00
-6.667704306326430519e+00
-6.528286943579344026e+00
-6.388567029395016306e+00
-6.248554980357399202e+00
-6.108261221579073919e+00
-5.967696185940743803e+00
-5.826870313331317774e+00
-5.685794049888223789e+00
-5.544477847238229451e+00
-5.402932161738887018e+00
-5.261167453720336340e+00
-5.119194186727971996e+00
-4.977022826765606922e+00
-4.834663841539397211e+00
-4.692127699702680843e+00
-4.549424870101428375e+00
-4.406565821020829610e+00
-4.263561019432655641e+00
-4.120420930243624547e+00
-3.977156015544958123e+00
-3.833776733862838793e+00
-3.690293539410217871e+00
-3.546716881339708749e+00
-3.403057202997711972e+00
-3.259324941180040458e+00
-3.115530525388639838e+00
-2.971684377089975904e+00
-2.827796908974747225e+00
-2.683878524219097894e+00
-2.539939615747551116e+00
-2.395990565497354563e+00
-2.252041743684718433e+00
-2.108103508072617149e+00
-1.964186203240374073e+00
-1.820300159855215982e+00
-1.676455693945489323e+00
-1.532663106176022971e+00
-1.388932681125240265e+00
-1.245274686564508348e+00
-1.101699372739426197e+00
-9.582169716532182857e-01
-8.148376963524770478e-01
-6.715717402148552173e-01
-5.284292762393042464e-01
-3.854204563384494020e-01
-2.425554106333331905e-01
-9.984424675073953759e-02
4.270295087727210559e-02
1.850761217110772350e-01
3.272652297987868053e-01
4.692602644689815583e-01
6.110512410205921618e-01
7.526282014103554685e-01
8.939812149372754480e-01
1.035100378924458386e+00
1.175975819398104250e+00
1.316597691763485400e+00
1.456956181478199941e+00
1.597041504722257921e+00
1.736843909065277636e+00
1.876353674130646798e+00
2.015561112256410325e+00
2.154456569153251788e+00
2.293030424559046931e+00
2.431273092890345211e+00
2.569175023890568177e+00
2.706726703274736856e+00
2.843918653371067418e+00
2.980741433758934189e+00
3.117185641903541971e+00
3.253241913787102479e+00
3.388900924536345727e+00
3.524153389046669194e+00
3.658990062602452298e+00
3.793401741493952706e+00
3.927379263630292439e+00
4.060913509148861955e+00
4.193995401020944591e+00
4.326615905653405036e+00
4.458766033486732283e+00
4.590436839588987183e+00
4.721619424245973917e+00
4.852304933547435972e+00
4.982484559969131865e+00
5.112149542951067716e+00
5.241291169471455902e+00
5.369900774616688466e+00
5.497969742147239991e+00
5.625489505059099393e+00
5.752451546141343464e+00
5.878847398529179813e+00
6.004668646252850017e+00
6.129906924782217992e+00
6.254553921566866848e+00
6.378601376572007986e+00
6.502041082809770778e+00
6.624864886866163260e+00
6.747064689423561745e+00
6.868632445778530382e+00
6.989560166355301973e+00
7.109839917214464400e+00
7.229463820557223919e+00
7.348424055224856311e+00
7.466712857193599007e+00
7.584322520064845641e+00
7.701245395550454731e+00
7.817473893953516217e+00
7.933000484644126438e+00
8.047817696530458420e+00
8.161918118524987165e+00
8.275294400005723361e+00
8.387939251272710450e+00
8.499845443999427985e+00
8.611005811679348199e+00
8.721413250067493905e+00
8.831060717616900035e+00
8.939941235910183082e+00
9.048047890085912925e+00
9.155373829259968232e+00
9.261912266941822125e+00
9.367656481445576944e+00
9.472599816295993236e+00
9.576735680629177239e+00
9.680057549588182653e+00
9.782558964713411243e+00
9.884233534327600879e+00
9.985074933915770501e+00
1.008507690649966371e+01
1.018423326300704268e+01
1.028253788263559976e+01
1.037998471321145466e+01
1.047656777154242391e+01
1.057228114376573203e+01
1.066711898569047001e+01
1.076107552313456672e+01
1.085414505225626591e+01
1.094632193988025826e+01
1.103760062381821605e+01
1.112797561318396511e+01
1.121744148870299895e+01
1.130599290301659465e+01
1.139362458098036512e+01
1.148033131995715550e+01
1.156610799010454294e+01
1.165094953465658456e+01
1.173485097020007650e+01
1.181780738694519428e+01
1.189981394899043288e+01
1.198086589458203655e+01
1.206095853636763415e+01
1.214008726164436069e+01
1.221824753260123764e+01
1.229543488655583161e+01
1.237164493618534600e+01
1.244687336975186476e+01
1.252111595132201138e+01
1.259436852098084714e+01
1.266662699503997302e+01
1.273788736624005402e+01
1.280814570394742091e+01
1.287739815434503932e+01
1.294564094061773574e+01
1.301287036313153678e+01
1.307908279960738795e+01
1.314427470528898745e+01
1.320844261310489642e+01
1.327158313382486376e+01
1.333369295621031902e+01
1.339476884715914728e+01
1.345480765184456828e+01
1.351380629384833298e+01
1.357176177528800487e+01
1.362867117693851249e+01
1.368453165834789154e+01
1.373934045794716141e+01
1.379309489315448722e+01
1.384579236047343187e+01
1.389743033558546159e+01
1.394800637343666594e+01
1.399751810831857490e+01
1.404596325394329170e+01
1.409333960351270854e+01
1.413964502978197935e+01
1.418487748511721769e+01
1.422903500154730771e+01
1.427211569081002374e+01
1.431411774439227180e+01
1.435503943356458656e+01
1.439487910940989046e+01
1.443363520284633772e+01
1.447130622464457694e+01
1.450789076543904699e+01
1.454338749573368084e+01
1.457779516590176172e+01
1.461111260618004692e+01
1.464333872665718239e+01
1.467447251725634239e+01
1.470451304771216350e+01
1.473345946754201385e+01
1.476131100601144297e+01
1.478806697209404852e+01
1.481372675442558773e+01
1.483828982125243279e+01
1.486175572037436510e+01
1.488412407908169399e+01
1.490539460408677996e+01
1.492556708144982025e+01
1.494464137649916502e+01
1.496261743374587994e+01
1.497949527679280912e+01
1.499527500823801596e+01
1.500995680957265499e+01
1.502354094107330873e+01
1.503602774168877509e+01
1.504741762892130019e+01
1.505771109870238078e+01
1.506690872526296232e+01
1.507501116099826177e+01
1.508201913632705349e+01
1.508793345954555853e+01
1.509275501667586816e+01
1.509648477130898669e+01
1.509912376444247428e+01
1.510067311431267711e+01
1.510113401622167117e+01
1.510050774235881121e+01
1.509879564161696130e+01
1.509599913940348159e+01
1.509211973744587176e+01
1.508715901359219203e+01
1.508111862160623140e+01
1.507400029095747129e+01
1.506580582660586209e+01
1.505653710878136131e+01
1.504619609275842151e+01
1.503478480862526645e+01
1.502230536104811165e+01
1.500875992903025313e+01
1.499415076566615213e+01
1.497848019789043050e+01
1.496175062622189955e+01
1.494396452450255808e+01
1.492512443963165758e+01
1.490523299129482915e+01
1.488429287168828274e+01
1.486230684523810908e+01
1.483927774831478352e+01
1.481520848894272291e+01
1.479010204650515803e+01
1.476396147144415316e+01
1.473678988495586850e+01
1.470859047868114011e+01
1.467936651439133122e+01
1.464912132366951170e+01
1.461785830758700655e+01
1.458558093637536146e+01
1.455229274909364712e+01
1.451799735329128538e+01
1.448269842466632973e+01
1.444639970671922313e+01
1.440910501040213987e+01
1.437081821376385626e+01
1.433154326159021963e+01
1.429128416504028998e+01
1.425004500127809415e+01
1.420782991310008647e+01
1.416464310855834441e+01
1.412048886057949915e+01
1.407537150657948821e+01
1.402929544807409812e+01
1.398226515028537698e+01
1.393428514174391708e+01
1.388536001388709984e+01
1.383549442065326041e+01
1.378469307807182709e+01
1.373296076384954922e+01
1.368030231695270338e+01
1.362672263718545906e+01
1.357222668476433114e+01
1.351681947988881838e+01
1.346050610230822286e+01
1.340329169088470707e+01
1.334518144315264898e+01
1.328618061487427049e+01
1.322629451959160107e+01
1.316552852817487818e+01
1.310388806836728293e+01
1.304137862432622441e+01
1.297800573616101438e+01
1.291377499946714202e+01
1.284869206485709370e+01
1.278276263748775854e+01
1.271599247658451404e+01
1.264838739496196496e+01
1.257995325854137292e+01
1.251069598586493647e+01
1.244062154760674055e+01
1.236973596608065940e+01
1.229804531474506391e+01
1.222555571770443805e+01
1.215227334920803415e+01
1.207820443314536440e+01
1.200335524253891961e+01
1.192773209903379339e+01
1.185134137238450514e+01
1.177418947993897191e+01
1.169628288611963640e+01
1.161762810190189477e+01
1.153823168428970369e+01
1.145810023578862591e+01
1.137724040387611524e+01
1.129565888046926858e+01
1.121336240139003770e+01
1.113035774582782267e+01
1.104665173579973292e+01
1.096225123560828330e+01
1.087716315129674882e+01
1.079139443010224042e+01
1.070495205990629550e+01
1.061784306868341332e+01
1.053007452394721000e+01
1.044165353219444548e+01
1.035258723834695083e+01
1.026288282519136708e+01
1.017254751281695313e+01
1.008158855805127274e+01
9.990013253893959444e+00
9.897828928948589677e+00
9.805042946852616126e+00
9.711662705705480292e+00
9.617695637494998451e+00
9.523149207521885984e+00
9.428030913822649239e+00
9.332348286590812947e+00
9.236108887596437000e+00
9.139320309604235248e+00
9.041990175789988982e+00
8.944126139155555322e+00
8.845735881942429657e+00
8.746827115043821266e+00
8.647407577415561875e+00
8.547485035485490101e+00
8.447067282561723900e+00
8.346162138239558104e+00
8.244777447807367210e+00
8.142921081651225634e+00
8.040600934658501231e+00
7.937824925620311944e+00
7.834600996633175107e+00
7.730937112499489672e+00
7.626841260127222633e+00
7.522321447928608684e+00
7.417385705218237923e+00
7.312042081610128363e+00
7.206298646414198927e+00
7.100163488032013248e+00
6.993644713351806708e+00
6.886750447143074716e+00
6.779488831450444231e+00
6.671868024987074541e+00
6.563896202527642387e+00
6.455581554300755975e+00
6.346932285381207350e+00
6.237956615081674983e+00
6.128662776344253160e+00
6.019059015131692725e+00
5.909153589818362917e+00
5.798954770581252305e+00
5.688470838790631312e+00
5.577710086400757383e+00
5.466680815340545507e+00
5.355391336904126831e+00
5.243849971141719912e+00
5.132065046250348317e+00
5.020044897964828223e+00
4.907797868948937214e+00
4.795332308186710968e+00
4.682656570374243543e+00
4.569779015311549841e+00
4.456708007294960083e+00
4.343451914509854461e+00
4.230019108423769048e+00
4.116417963180243333e+00
4.002656854992913793e+00
3.888744161540337974e+00
3.774688261361429209e+00
3.660497533251541924e+00
3.546180355659136474e+00
3.431745106083588404e+00
3.317200160473165127e+00
3.202553892624471654e+00
3.087814673582248925e+00
2.972990871040611438e+00
2.858090848744613055e+00
2.743122965893425302e+00
2.628095576544181800e+00
2.513017029017051485e+00
2.397895665301312818e+00
2.282739820462832192e+00
2.167557822052505134e+00
2.052357989516106151e+00
1.937148633605239478e+00
1.821938055790031985e+00
1.706734547672569047e+00
1.591546390402372335e+00
1.476381854092927659e+00
1.361249197239877029e+00
1.246156666140640690e+00
1.131112494315682726e+00
1.016124901931560354e+00
9.012020952251175165e-01
7.863522659299820861e-01
6.715835907043758990e-01
5.569042305608897792e-01
4.423223302978876448e-01
3.278460179331387780e-01
2.134834041387578263e-01
9.924258167866380209e-02
-1.486837515249563382e-02
-1.288414110879098629e-01
-2.426684904457475089e-01
-3.563415976836253884e-01
-4.698527379513399160e-01
-5.831939376412953457e-01
-6.963572449368582440e-01
-8.093347303582784091e-01
-9.221184873065700893e-01
-1.034700632604953929e+00
-1.147073307038122936e+00
-1.259228675888778515e+00
-1.371158929472333421e+00
-1.482856283668585018e+00
-1.594312980451296990e+00
-1.705521288415092318e+00
-1.816473503299950831e+00
-1.927161948512881473e+00
-2.037578975647210910e+00
-2.147716964999096145e+00
-2.257568326081493826e+00
-2.367125498135056461e+00
-2.476380950636845490e+00
-2.585327183805685713e+00
-2.693956729105072778e+00
-2.802262149743059094e+00
-2.910236041169407262e+00
-3.017871031569582918e+00
-3.125159782356036420e+00
-3.232094988656378565e+00
-3.338669379798678616e+00
-3.444875719793372149e+00
-3.550706807812666899e+00
-3.656155478666245351e+00
-3.761214603274327661e+00
-3.865877089137085498e+00
-3.970135880801427763e+00
-4.073983960324022213e+00
-4.177414347731393640e+00
-4.280420101476610562e+00
-4.382994318892789565e+00
-4.485130136642922594e+00
-4.586820731166870502e+00
-4.688059319124407764e+00
-4.788839157835296234e+00
-4.889153545715451799e+00
-4.988995822710174721e+00
-5.088359370723344099e+00
-5.187237614043426426e+00
-5.285624019765751136e+00
-5.383512098211379104e+00
-5.480895403341991212e+00
-5.577767533171688719e+00
-5.674122130174573009e+00
-5.769952881689091484e+00
-5.865253520318226776e+00
-5.960017824326482305e+00
-6.054239618032581483e+00
-6.147912772198717235e+00
-6.241031204415866007e+00
-6.333588879485374967e+00
-6.425579809796403197e+00
-6.516998055699984249e+00
-6.607837725878652257e+00
-6.698092977712597929e+00
-6.787758017641444930e+00
-6.876827101522574814e+00
-6.965294534984968422e+00
-7.053154673779364003e+00
-7.140401924124250677e+00
-7.227030743047930805e+00
-7.313035638726253396e+00
-7.398411170816694415e+00
-7.483151950787856777e+00
-7.567252642245264838e+00
