-2.866339576615885981e-04
-8.181762518786919974e-05
-1.537293585124451591e-05
-7.715191173074321029e-05
-4.176869743044534259e-05
-7.574959807444467386e-05
-1.794490763720333541e-04
-8.928156939278663771e-06
-5.012400627522636907e-04
-5.566525332917749260e-04
-7.763599041504059238e-04
-8.763231602310272636e-04
-8.893985304811208477e-04
-8.263234859182927005e-04
-7.391155012442948095e-04
-1.148312833277511519e-03
-1.743534564604709916e-03
-2.044180612863296612e-03
-2.058457525421086929e-03
-2.455095860562510161e-03
-2.589628854819941029e-03
-3.564146293796902412e-03
-3.950493380146030339e-03
-4.215827477643242782e-03
-4.699429411147558466e-03
-5.203641511305253514e-03
-6.413274270952860033e-03
-7.410682576016468931e-03
-7.772810978715607479e-03
-8.934933730613067379e-03
-9.428919357772572868e-03
-1.071504292291210018e-02
-1.163401204766788613e-02
-1.296199457353306578e-02
-1.389898750394807404e-02
-1.538226495981937468e-02
-1.626022089916216024e-02
-1.757871776220997981e-02
-1.911226699844666491e-02
-2.077773674381368230e-02
-2.223015501165512969e-02
-2.393549041546008671e-02
-2.595021115862992597e-02
-2.733703453210183792e-02
-2.994527384950119650e-02
-3.132040673491347932e-02
-3.313082624937088716e-02
-3.569623488399895767e-02
-3.793813041363116451e-02
-4.005106778079807472e-02
-4.268895297134647077e-02
-4.525216550060070370e-02
-4.753256395596604233e-02
-5.058753718292726548e-02
-5.307572321302048146e-02
-5.591454132481409739e-02
-5.848553867960627761e-02
-6.138083163956081084e-02
-6.484878613331628017e-02
-6.774168942843518393e-02
-7.116435098974713269e-02
-7.463730262128494275e-02
-7.799231138635177862e-02
-8.134338020549448933e-02
-8.489099061740983110e-02
-8.846371441385719736e-02
-9.241804981412589381e-02
-9.650261914555559317e-02
-1.003927618262028809e-01
-1.042849519512569628e-01
-1.089216629518149904e-01
-1.128194044958343578e-01
-1.171680325532679506e-01
-1.214724689917576067e-01
-1.263405076062265042e-01
-1.309340688896890315e-01
-1.357320683123839633e-01
-1.404376659773476088e-01
-1.453225413382537579e-01
-1.505101690642763890e-01
-1.554119900635763940e-01
-1.606232264385740738e-01
-1.656077179472817684e-01
-1.709299966166664408e-01
-1.762341258282233702e-01
-1.824844872758696890e-01
-1.875774852540946780e-01
-1.929664015467836002e-01
-1.993232926353476764e-01
-2.050182816119944795e-01
-2.106614564935229694e-01
-2.166864035867120675e-01
-2.228389076250415768e-01
-2.287485223732795836e-01
-2.351403021444197217e-01
-2.411615659723414795e-01
-2.477945607119800275e-01
-2.542413463294455611e-01
-2.607196256490881270e-01
-2.667424716279475083e-01
-2.737016562593548308e-01
-2.800732176018169151e-01
-2.870463748688685812e-01
-2.938094545467981322e-01
-3.007249022871659183e-01
-3.077444029812070325e-01
-3.145520624628004303e-01
-3.216033420032371470e-01
-3.285469273258762590e-01
-3.356299235957285187e-01
-3.428595695196295923e-01
-3.499846499713238912e-01
-3.571269855315793440e-01
-3.647581477300823605e-01
-3.718993715144306988e-01
-3.795935023906235606e-01
-3.865182461870424468e-01
-3.940998548170643878e-01
-4.012833238456224860e-01
-4.088918509971519732e-01
-4.161384129432972312e-01
-4.239346804474318220e-01
-4.314648938065630546e-01
-4.388677997031534272e-01
-4.467899859262511875e-01
-4.540003831390200806e-01
-4.616562767186097593e-01
-4.692947276203299212e-01
-4.768701785451301967e-01
-4.844520614595288488e-01
-4.924355651041337767e-01
-5.000299829675786123e-01
-5.075249805838433215e-01
-5.148082831805407267e-01
-5.225808796528578215e-01
-5.301585939914102985e-01
-5.373217189246927150e-01
-5.450625531693810144e-01
-5.523357444573880892e-01
-5.600271822863598370e-01
-5.670173709865373723e-01
-5.748915881693289487e-01
-5.817987674195710390e-01
-5.894187976904117221e-01
-5.966518182006442794e-01
-6.035005109810802626e-01
-6.109366663582078694e-01
-6.183826851092738552e-01
-6.254324849803807318e-01
-6.320545218238405871e-01
-6.393366506336060073e-01
-6.462343731191944052e-01
-6.527637238630044081e-01
-6.594613569191065672e-01
-6.664128385857168713e-01
-6.728921809125752995e-01
-6.795004396222048548e-01
-6.858650750280839148e-01
-6.923361928556884815e-01
-6.984168647813783215e-01
-7.050873476724823785e-01
-7.105682483237910629e-01
-7.169263731042079257e-01
-7.231983777255004409e-01
-7.287366069670044855e-01
-7.345241887127235136e-01
-7.401889370360046350e-01
-7.455099305630508155e-01
-7.509046263082610473e-01
-7.565658088997447850e-01
-7.612289940675337485e-01
-7.664266375163708567e-01
-7.715217697843491651e-01
-7.763558876234553097e-01
-7.811705123267054240e-01
-7.855858797200567789e-01
-7.897096428662099266e-01
-7.941835444654097298e-01
-7.983102495643686902e-01
-8.023422122435490689e-01
-8.061143426308405857e-01
-8.098673316392877020e-01
-8.133205846759851143e-01
-8.163217235000743699e-01
-8.201896975813346424e-01
-8.226330224958878778e-01
-8.255152748766678705e-01
-8.285102005234177280e-01
-8.313215300854617240e-01
-8.334459237297096035e-01
-8.357648379925500803e-01
-8.378275133974874000e-01
-8.399784840581917544e-01
-8.417312165476394936e-01
-8.430283500340537417e-01
-8.445671674686118235e-01
-8.459395322626906966e-01
-8.466633644714218754e-01
-8.471425100309646350e-01
-8.481857419834438749e-01
-8.482818314623091771e-01
-8.487934163613779504e-01
-8.490658767912939719e-01
-8.486460494777302577e-01
-8.484206344116754783e-01
-8.478370149665139799e-01
-8.474601910317089981e-01
-8.464539274079513342e-01
-8.449858174746965878e-01
-8.437588184332810437e-01
-8.427081580862091359e-01
-8.405665035281892905e-01
-8.386820142273681000e-01
-8.367248911723313975e-01
-8.339354698554822809e-01
-8.316879419949833041e-01
-8.287317058899243971e-01
-8.255138451190524584e-01
-8.226278502746087185e-01
-8.191453925737669506e-01
-8.154134214056476537e-01
-8.114445368548067750e-01
-8.076071993736851917e-01
-8.036021725894928469e-01
-7.989890396171309694e-01
-7.941989208591430094e-01
-7.894008926376843149e-01
-7.845113623247653711e-01
-7.788911274124274975e-01
-7.733035904190660448e-01
-7.678125160912202540e-01
-7.614253206081014191e-01
-7.551801400105349060e-01
-7.488622551060667432e-01
-7.422426386849440005e-01
-7.356429955988509350e-01
-7.286291620687035397e-01
-7.213408202206940123e-01
-7.142588970722403285e-01
-7.063265534556755210e-01
-6.987553980315640567e-01
-6.911030491277710963e-01
-6.826342170833356038e-01
-6.744924734918257281e-01
-6.659862817033510574e-01
-6.573882660128020916e-01
-6.487878786375003148e-01
-6.396783580922090762e-01
-6.305435361447575549e-01
-6.211887491372222181e-01
-6.116731656794061056e-01
-6.021689858276982887e-01
-5.923144947897778234e-01
-5.825045187913666656e-01
-5.723168727333018957e-01
-5.622782681547330297e-01
-5.521154754349387739e-01
-5.414240220722486008e-01
-5.309475975693763727e-01
-5.205120852526227138e-01
-5.095632440723029122e-01
-4.983729523568206643e-01
-4.879938849904806863e-01
-4.767360630508064023e-01
-4.652038288617964534e-01
-4.537368244964557484e-01
-4.422723157400321736e-01
-4.306470613425577576e-01
-4.193649663558743357e-01
-4.074662643584576194e-01
-3.955934691096369415e-01
-3.832448337472030842e-01
-3.710813411001922524e-01
-3.593617790196636519e-01
-3.466325446405331134e-01
-3.344156225444187003e-01
-3.223243040335529996e-01
-3.101783622848340305e-01
-2.977427872991691982e-01
-2.854230133370425082e-01
-2.727352391492000039e-01
-2.597568304290945318e-01
-2.471884796661587003e-01
-2.346129289547760899e-01
-2.219192284467675080e-01
-2.093891903592946246e-01
-1.963048085700340173e-01
-1.834953117083626961e-01
-1.707602589302614216e-01
-1.576004215966663458e-01
-1.448901726367789466e-01
-1.324827683320627114e-01
-1.193005322873066376e-01
-1.063611016009264609e-01
-9.340091890361236493e-02
-8.036603598947705818e-02
-6.770066992929379968e-02
-5.468293745717869164e-02
-4.209349851992649771e-02
-2.883370524266156906e-02
-1.651127481919719905e-02
-3.391931359132816307e-03
9.481132092796674612e-03
2.207630364273062071e-02
3.457645293612417875e-02
4.766904018144296068e-02
5.981282378432250385e-02
7.265012540816834230e-02
8.494468351308798182e-02
9.738464725331133498e-02
1.101835482694677182e-01
1.221443576990317165e-01
1.346302538202871768e-01
1.470158205533570739e-01
1.586913175483335436e-01
1.710858221254263900e-01
1.826985403172566302e-01
1.949310389056290171e-01
2.066525277407486871e-01
2.180109992147174491e-01
2.298766112248785964e-01
2.413413769477779913e-01
2.528546897691912876e-01
2.640818798917709542e-01
2.754099292745815220e-01
2.861173001610469724e-01
2.976190756907409751e-01
3.083988504590116086e-01
3.193216475224686657e-01
3.296157637463317802e-01
3.406829851675411969e-01
3.510095949259583459e-01
3.614671815963382828e-01
3.710830188213614655e-01
3.817480578525871415e-01
3.913370673197081873e-01
4.010103770590156547e-01
4.108921644011981344e-01
4.202664938138170325e-01
4.294045119349466089e-01
4.390922961651786971e-01
4.480758000908762195e-01
4.567023261282034952e-01
4.658323164077815548e-01
4.742733215063420493e-01
4.825415524228774955e-01
4.909170602692133345e-01
4.987691138798911461e-01
5.070524287753854775e-01
5.149304417113816923e-01
5.223286550440582321e-01
5.297425371299271379e-01
5.369820861840275406e-01
5.441923842720430837e-01
5.510873842987984439e-01
5.579867762561639966e-01
5.645000298813817041e-01
5.710605928824868949e-01
5.767266796132379802e-01
5.831143606772541954e-01
5.889578150973338033e-01
5.944865067454814245e-01
6.000633238435297834e-01
6.056847882735350019e-01
6.112286162224745967e-01
6.158123383986769950e-01
6.202090200820936650e-01
6.251468006420585199e-01
6.291522928239863255e-01
6.333053478030989947e-01
6.375170867289039478e-01
6.414160208239154670e-01
6.451135813050014045e-01
6.484974284429551039e-01
6.516418473860048355e-01
6.545186642805393973e-01
6.577193489617280120e-01
6.600553635586501322e-01
6.625539400908084797e-01
6.648070414030651243e-01
6.665614079734388797e-01
6.687326650778862014e-01
6.701411918967995485e-01
6.717901728192827715e-01
6.731544983020079087e-01
6.741390824300361739e-01
6.747235208613037161e-01
6.757770126230221441e-01
6.756413534273052468e-01
6.762813689325027910e-01
6.760794457270105084e-01
6.763493992700750912e-01
6.758584387818917794e-01
6.755320224910760230e-01
6.744064441376770302e-01
6.739803049584666139e-01
6.728472017811724104e-01
6.714101251981474672e-01
6.698476878294192804e-01
6.683318417142197765e-01
6.664915176082225612e-01
6.646190493749632999e-01
6.619943851599038309e-01
6.597365248609299293e-01
6.573859364128769034e-01
6.544101740481195195e-01
6.518310380290925909e-01
6.480314416410197786e-01
6.451679092401469973e-01
6.417827445105388495e-01
6.380169688095413960e-01
6.341060973253171973e-01
6.300911361716552417e-01
6.260038442070909870e-01
6.217165162024209657e-01
6.169078409465507118e-01
6.122182060707602735e-01
6.073750216882920494e-01
6.023609872141456600e-01
5.971612977236877562e-01
5.917117477452279450e-01
5.863678326137555796e-01
5.803750833623335659e-01
5.749666578800463057e-01
5.688315925370446280e-01
5.629165244274821900e-01
5.564800330832595510e-01
5.501953915429373954e-01
5.436454167308484298e-01
5.368622717645242792e-01
5.298874509927227194e-01
5.228908005701414785e-01
5.161451166542714297e-01
5.090174356683574430e-01
5.017765710575555760e-01
4.940290419952473866e-01
4.864133029779389994e-01
4.784761980571477502e-01
4.706836728094691558e-01
4.628293419910352036e-01
4.552143646821520950e-01
4.467809423005790204e-01
4.383321655889010904e-01
4.298301378069171452e-01
4.219372052838533116e-01
4.131798230078007061e-01
4.043090887271287293e-01
3.956649069210353975e-01
3.864464482810773815e-01
3.773722781387320868e-01
3.684578114137678218e-01
3.594860016415444282e-01
3.502879051408002709e-01
3.403979570556074363e-01
3.315582079397923487e-01
3.219050978581214917e-01
3.123291810438186267e-01
3.026729612984284667e-01
2.931445579582118155e-01
2.836195246142516613e-01
2.735192122166452688e-01
2.636566973342558962e-01
2.538207578544052212e-01
2.439549528055025840e-01
2.340041013547845550e-01
2.238871492910875782e-01
2.135741504945992408e-01
2.037504068683946845e-01
1.933232581065141564e-01
1.833980914122084471e-01
1.735112310768111010e-01
1.628971549658866369e-01
1.530045139155194467e-01
1.428525610306639326e-01
1.324522721158627458e-01
1.220939949094656529e-01
1.113801412035544669e-01
1.017362186104649596e-01
9.148886288678231837e-02
8.073551031713263604e-02
7.041020657754808176e-02
6.043348424129894869e-02
4.977259456622774858e-02
3.980373271209487751e-02
2.932822876460308009e-02
1.885902371841806369e-02
8.788689265308062548e-03
-1.631960633643821015e-03
-1.155138682701038581e-02
-2.158285297816235973e-02
-3.207099346032411813e-02
-4.230026555321769050e-02
-5.206474213588916516e-02
-6.230743250487989077e-02
-7.218684475988343396e-02
-8.194584955684515448e-02
-9.168254442120632453e-02
-1.017444448476433061e-01
-1.116816735495288898e-01
-1.214903959394707800e-01
-1.312631586591240518e-01
-1.405965695295098572e-01
-1.505535374491477341e-01
-1.596364560274550204e-01
-1.689873621885008281e-01
-1.782971091574130917e-01
-1.873891523567752515e-01
-1.971544632903349803e-01
-2.061274748649314925e-01
-2.150329766037445689e-01
-2.241572001573383932e-01
-2.329777235915647393e-01
-2.416811731722357248e-01
-2.505282613448350792e-01
-2.589440634842501421e-01
-2.671882639758561551e-01
-2.760992387256929192e-01
-2.847072428573485525e-01
-2.925181303239524633e-01
-3.007060351523720421e-01
-3.083825072553106339e-01
-3.165886116091391478e-01
-3.244577081640370175e-01
-3.319485278731956757e-01
-3.393534685899058378e-01
-3.468105938278931433e-01
-3.545684557335568865e-01
-3.614509530872398457e-01
-3.684707118912685653e-01
-3.755282264617422205e-01
-3.819874559010473236e-01
-3.892344884955848405e-01
-3.954443291054473009e-01
-4.020734620752740018e-01
-4.081566205025933813e-01
-4.148356240420864038e-01
-4.205967085348563117e-01
-4.265389951524119483e-01
-4.320546270360310914e-01
-4.382274568142657811e-01
-4.428756769994086073e-01
-4.488761395559535683e-01
-4.542227024022322257e-01
-4.591577282027725637e-01
-4.642043332350807572e-01
-4.684958117463388638e-01
-4.732603227194219775e-01
-4.779939197830372355e-01
-4.823102853531155976e-01
-4.867056506379375258e-01
-4.905645899439509128e-01
-4.942300754794219930e-01
-4.979612142997358326e-01
-5.016902465873338546e-01
-5.052121591450162708e-01
-5.086471499593868684e-01
-5.115821368526352053e-01
-5.141786872646602058e-01
-5.172998212831105835e-01
-5.201188953318628405e-01
-5.224076988916938058e-01
-5.246977880140550887e-01
-5.268762771376331866e-01
-5.288671252311192283e-01
-5.309835352604250769e-01
-5.326714161941942249e-01
-5.342519143613322363e-01
-5.355064196824154132e-01
-5.369293669151451454e-01
-5.377373155842024577e-01
-5.387386905286752903e-01
-5.396408286280350852e-01
-5.402574383635128097e-01
-5.407643163935822450e-01
-5.409683792637941524e-01
-5.408778844178552259e-01
-5.414005958162683152e-01
-5.410712636528806074e-01
-5.404901691527084218e-01
-5.404995990376154635e-01
-5.397751972391345854e-01
-5.390879848094535243e-01
-5.379777532964811204e-01
-5.368347293927205888e-01
-5.357982599124864187e-01
-5.341047172277663124e-01
-5.328342206416546434e-01
-5.311631816672442996e-01
-5.290279285940051590e-01
-5.272735982191631976e-01
-5.249320940701097671e-01
-5.230322501974205007e-01
-5.203575106089758373e-01
-5.179799448829480735e-01
-5.153378819279312850e-01
-5.120675484870946814e-01
-5.095157375141413647e-01
-5.057556371778930693e-01
-5.031584961130507461e-01
-4.994366282141762259e-01
-4.957083325693684150e-01
-4.921670674270817170e-01
-4.885920904283231891e-01
-4.843965485683505712e-01
-4.806222275190437099e-01
-4.760924202986914211e-01
-4.715327081986523949e-01
-4.674515368375566360e-01
-4.628985244605143268e-01
-4.581689771030024172e-01
-4.531179296975469950e-01
-4.487265426845587490e-01
-4.435883398718071802e-01
-4.381583393812841787e-01
-4.326990258820927471e-01
-4.277262770884532328e-01
-4.221078258828681040e-01
-4.163526368425459201e-01
-4.108528842664913583e-01
-4.049215827435141968e-01
-3.991731815753240542e-01
-3.928509987942787607e-01
-3.867463707810890328e-01
-3.806593436674721720e-01
-3.744216629043535804e-01
-3.679815790605225345e-01
-3.613027964558454541e-01
-3.548571798274564038e-01
-3.482382830830073606e-01
-3.413985331969254799e-01
-3.347094077708541171e-01
-3.274169490162884832e-01
-3.206743356578270476e-01
-3.134804892626524842e-01
-3.065709301832998945e-01
-2.989039262578797596e-01
-2.918442672937238136e-01
-2.847051719126109104e-01
-2.769477692575545991e-01
-2.695379225397264156e-01
-2.622514171068991984e-01
-2.544863726805813298e-01
-2.469501324994271274e-01
-2.388450057424563178e-01
-2.316786158766395431e-01
-2.238605404397174814e-01
-2.157111612330850081e-01
-2.079964058336203070e-01
-1.996933096319954970e-01
-1.920299655935734373e-01
-1.839320943886736948e-01
-1.758490754920867538e-01
-1.678745500571176552e-01
-1.597005387397330833e-01
-1.516609157847207123e-01
-1.433943432546977981e-01
-1.353230761371491675e-01
-1.273415940362052634e-01
-1.189125974693220206e-01
-1.107251081875264970e-01
-1.028151987236988890e-01
-9.455133452039159170e-02
-8.610843216158520219e-02
-7.751575243719124875e-02
-6.942893902712717058e-02
-6.117985009961930676e-02
-5.299235777946089548e-02
-4.510306135109266173e-02
-3.638930805891849030e-02
-2.820742680962110352e-02
-1.991796997540281472e-02
-1.217220597600952858e-02
-3.493417029709354731e-03
4.398210932873100436e-03
1.252269402879449371e-02
2.123534975635310920e-02
2.866529177291293751e-02
3.727104089322400698e-02
4.492753391335498059e-02
5.267997089399139438e-02
6.086687745650636722e-02
6.898744769834155854e-02
7.678745746558225671e-02
8.501115484397965549e-02
9.256523629527009522e-02
1.003626623278968816e-01
1.080916559211417133e-01
1.158097081250486909e-01
1.232124654359880306e-01
1.309391879026224892e-01
1.384459608914720419e-01
1.463040839858186226e-01
1.530496276183571092e-01
1.608411199231015443e-01
1.678074078998718910e-01
1.750706549302826209e-01
1.819095123455818919e-01
1.893026568750999505e-01
1.965806614300117938e-01
2.035958343063291320e-01
2.099504019611644068e-01
2.171569326465073169e-01
2.234748567076466907e-01
2.304622184028451426e-01
2.366675575761071071e-01
2.431815011789807413e-01
2.493238521213785863e-01
2.558005426878023347e-01
2.619469819028706348e-01
2.683734776009119583e-01
2.740810516916768469e-01
2.800835017551001060e-01
2.859135924537655193e-01
2.914037880426260663e-01
2.975715558438030706e-01
3.026720952082833649e-01
3.083411057254831222e-01
3.138354732953400061e-01
3.189678389300729666e-01
3.237907069159973728e-01
3.288250242074978735e-01
3.337887628353751746e-01
3.385511978384057041e-01
3.434822471123336052e-01
3.477696111052728245e-01
3.523877875607812071e-01
3.566291684579495636e-01
3.610068648263895508e-01
3.652348409268337814e-01
3.689986309209212778e-01
3.727836652825624042e-01
3.766385617669880670e-01
3.805308662776648587e-01
3.841729763972384637e-01
3.870100462401445673e-01
3.910139779864217346e-01
3.942391009325654228e-01
3.967414524747712723e-01
3.997184204254082274e-01
4.025460687399268767e-01
4.056975891883435326e-01
4.081552087902486914e-01
4.104014181738838696e-01
4.129055147425497729e-01
4.150467880776075313e-01
4.168433173136597558e-01
4.191427458131946615e-01
4.208377637247019409e-01
4.225445691757955258e-01
4.243191793754449992e-01
4.257774430184261272e-01
4.268807966047377667e-01
4.281053527155693761e-01
4.290177271805437065e-01
4.298868054440069253e-01
4.311114894314341250e-01
4.315312390970322265e-01
4.322384338109306889e-01
4.322568700908283046e-01
4.328066776264346549e-01
4.329715295112212536e-01
4.332186449936320516e-01
4.329713007170339911e-01
4.333240629156429602e-01
4.327122121011128253e-01
4.319734271653364321e-01
4.318249650823197117e-01
4.308603054743537775e-01
4.302552548270074384e-01
4.293889931050996478e-01
4.279491157564560000e-01
4.269907452400478198e-01
4.256885995585132920e-01
4.246657144341928758e-01
4.228973180844478597e-01
4.215364431617113494e-01
4.189585677447959511e-01
4.175962450760679623e-01
4.157624671045889730e-01
4.133784535455812814e-01
4.112296975472344851e-01
4.090706106115988283e-01
4.061130258847342467e-01
4.039189707085754089e-01
4.013938443331367956e-01
3.986193534594926757e-01
3.957485919593766721e-01
3.931068798417486354e-01
3.896634665078755888e-01
3.868725311143778600e-01
3.834992839844499901e-01
3.797988148758313920e-01
3.757596985397951839e-01
3.727657868955173703e-01
3.687842188768756801e-01
3.654658338804376849e-01
3.612435814121221500e-01
3.575850441571996052e-01
3.530937184198905121e-01
3.491037905567958566e-01
3.448350422161611251e-01
3.404804485589979501e-01
3.359078289572421383e-01
3.316991897641599074e-01
3.267081230422613225e-01
3.221414842503208531e-01
3.169924716982188140e-01
3.126855430376391798e-01
3.073791569828481229e-01
3.025899366896625531e-01
2.970569103083297025e-01
2.921465174737395420e-01
2.871331429506834843e-01
2.816194712919993237e-01
2.762317096692271656e-01
2.708236085741990151e-01
2.653524852698964653e-01
2.599865989339339989e-01
2.542696232005128287e-01
2.483717400366455830e-01
2.428391709067093673e-01
2.369898595847724498e-01
2.309439312756245144e-01
2.250175468920952715e-01
2.190802764234775490e-01
2.130322145204077977e-01
2.071685481272815821e-01
2.010269290674502329e-01
1.952968602693729017e-01
1.885836908286126767e-01
1.826936554502934795e-01
1.764037015942394315e-01
1.701781235331303599e-01
1.637079179366544290e-01
1.572884104611517175e-01
1.509347713479178565e-01
1.448558067065053856e-01
1.385078618144649776e-01
1.315941165451511574e-01
1.251795216803302802e-01
1.185865771268091035e-01
1.123977505124032772e-01
1.057840410347477000e-01
9.948210757545612737e-02
9.247834838910261313e-02
8.601196113205698823e-02
7.934202934378645211e-02
7.246476430073978126e-02
6.608566042795209483e-02
5.933628900177848747e-02
5.320839597818254052e-02
4.618891508046368138e-02
3.964941587401873274e-02
3.323040712046427397e-02
2.645920056094191314e-02
2.001449207755200826e-02
1.273845869078330147e-02
6.864474268972730990e-03
6.974245979042528103e-05
-6.467535419873495298e-03
-1.299758415734583727e-02
-1.922399958823598279e-02
-2.576972266114562274e-02
-3.237155703799339534e-02
-3.854434460097279358e-02
-4.503609501974226853e-02
-5.154268511808789838e-02
-5.778432302931041376e-02
-6.438162890689123896e-02
-7.041542868479268302e-02
-7.693927429310395971e-02
-8.291589844099277185e-02
-8.899781666881277642e-02
-9.544428819876897563e-02
-1.012972887908047265e-01
-1.073194062285511424e-01
-1.130948742188092049e-01
-1.192629500039810719e-01
-1.250457502263072895e-01
-1.311570372815801244e-01
-1.367786741442224285e-01
-1.425584401826642256e-01
-1.487476389129205878e-01
-1.536748510212769814e-01
-1.596314819708066213e-01
-1.648283318017175481e-01
-1.708350948794924162e-01
-1.758802071223246333e-01
-1.811203706062569363e-01
-1.864782230110975381e-01
-1.913348325204916600e-01
-1.968946286860631945e-01
-2.018773238270794301e-01
-2.070165714252375222e-01
-2.116919316324902545e-01
-2.165405120858222010e-01
-2.216101309490468019e-01
-2.262519943833816161e-01
-2.305970206623378926e-01
-2.355432990096276435e-01
-2.400007643118696743e-01
-2.442499538578007390e-01
-2.484658605631002715e-01
-2.524947526490478045e-01
-2.568989347116099053e-01
-2.606763524717226055e-01
-2.649081586050555104e-01
-2.688338677513405495e-01
-2.725397094009184840e-01
-2.762042885774360634e-01
-2.798787318478397901e-01
-2.832350927127748608e-01
-2.864683999309578510e-01
-2.902022381679496554e-01
-2.938318291852123343e-01
-2.967912333269124292e-01
-2.996579117924141333e-01
-3.026636027034979581e-01
-3.057532185080375497e-01
-3.086063442448427896e-01
-3.111711424613448074e-01
-3.139157472971336182e-01
-3.163345014491659724e-01
-3.189283540624969215e-01
-3.208835348286062650e-01
-3.230036160276090751e-01
-3.252570897804077377e-01
-3.272234104252004783e-01
-3.292657533478142162e-01
-3.314481079868586422e-01
-3.328133303255276787e-01
-3.341505428300750591e-01
-3.359045644355496130e-01
-3.373065917360679178e-01
-3.385431195597497500e-01
-3.399302202783003879e-01
-3.412320715007602367e-01
-3.425019217525911985e-01
-3.427642935517409284e-01
-3.439066005723950825e-01
-3.448115692988062975e-01
-3.448631845316567635e-01
-3.454797824580740917e-01
-3.458102449755636187e-01
-3.465957155813511603e-01
-3.464467500351374185e-01
-3.465201918339939069e-01
-3.468862027164404949e-01
-3.465445623039026257e-01
-3.465025706254349913e-01
-3.466716242407732462e-01
-3.457100399421443870e-01
-3.454305363091658143e-01
-3.443691989295387113e-01
-3.439499297813123913e-01
-3.432418405386323812e-01
-3.425074703906259566e-01
-3.414792363571788059e-01
-3.404491200348366831e-01
-3.393431887619683951e-01
-3.377845723117422483e-01
-3.363422012061799693e-01
-3.348978657425890071e-01
-3.335211276422498927e-01
-3.325082032058251924e-01
-3.301636813118825065e-01
-3.283515182719922709e-01
-3.263705824520163334e-01
-3.243724669174610220e-01
-3.222976491597642767e-01
-3.204618846453918812e-01
-3.177645516809884385e-01
-3.156272723995066642e-01
-3.136297260185700320e-01
-3.107077849735532804e-01
-3.083743457120847742e-01
-3.057205881556030458e-01
-3.030002798968517430e-01
-2.999012956230749927e-01
-2.969369600532439923e-01
-2.937844545337666147e-01
-2.910431058770684420e-01
-2.876077525131788826e-01
-2.844896985942049761e-01
-2.813610957333478324e-01
-2.780451626749336214e-01
-2.745232849117626439e-01
-2.714617524726493092e-01
-2.674347232102020633e-01
-2.636207926441810900e-01
-2.601763755037990733e-01
-2.561180030739307889e-01
-2.523500284189602594e-01
-2.488955194446027253e-01
-2.446417477014511122e-01
-2.403116131339747552e-01
-2.365782462128435959e-01
-2.321914652617498298e-01
-2.279051726856646809e-01
-2.240311133913477359e-01
-2.193149128883998544e-01
-2.149356232434460889e-01
-2.103702236248602697e-01
-2.063274099814390028e-01
-2.019689647651823350e-01
-1.968806577897981580e-01
-1.925263111008618244e-01
-1.875562198080246434e-01
-1.831494084889371265e-01
-1.785483989035594743e-01
-1.736311119233674427e-01
-1.686917198658193784e-01
-1.639347968611314377e-01
-1.590905905125119257e-01
-1.540934371440900452e-01
-1.488810079019831922e-01
-1.442280673369091548e-01
-1.388638349632442814e-01
-1.342203215588012311e-01
-1.292181020628796473e-01
-1.237241783292537256e-01
-1.189971614330564698e-01
-1.136807871822151650e-01
-1.081774809228079892e-01
-1.031323614047936627e-01
-9.792827526808282890e-02
-9.270183583535897276e-02
-8.745686172859616636e-02
-8.221462780852913099e-02
-7.688383157538881962e-02
-7.190450893344814409e-02
-6.635221334290333783e-02
-6.139092982846739571e-02
-5.609224882406041446e-02
-5.069133810922506894e-02
-4.561360156628442575e-02
-3.984186006511349076e-02
-3.439708502002482293e-02
-2.946445199470617421e-02
-2.422302376041030741e-02
-1.885577993501973137e-02
-1.381418322815932895e-02
-8.309038425459826585e-03
-3.121586514736315616e-03
2.086116467850408426e-03
7.323630724192797120e-03
1.260352549523487131e-02
1.800053125037053003e-02
2.294317996308449514e-02
2.820595788341943855e-02
3.297697505617890740e-02
3.784973049487141972e-02
4.371805949585078066e-02
4.821966734258457954e-02
5.358419460406293328e-02
5.855045129955454425e-02
6.359818803529758424e-02
6.827842245109008723e-02
7.343604365651364152e-02
7.833830015676142289e-02
8.303608882263195656e-02
8.816723310100707534e-02
9.277881219438460780e-02
9.733934919307640765e-02
1.020935431985049990e-01
1.067874973685669221e-01
1.113607503859705417e-01
1.158775917124778287e-01
1.207145817758579764e-01
1.250953128976932394e-01
1.295175443769294166e-01
1.339291093472293193e-01
1.382608608593616228e-01
1.425599307195931920e-01
1.466341992290343677e-01
1.510041121377990181e-01
1.552460038103154472e-01
1.590451640980599657e-01
1.632652727395056125e-01
1.672585423292252127e-01
1.708937380295509900e-01
1.748633570984269581e-01
1.790448213088558782e-01
1.828899249262062043e-01
1.859288081564926809e-01
1.895991189327732029e-01
1.930014301734903348e-01
1.968698885446020230e-01
2.001696969412986582e-01
2.036815214288737186e-01
2.069458744125471095e-01
2.102850467819194213e-01
2.132637286754866246e-01
2.165727963890725916e-01
2.192235378750702901e-01
2.226754473166409620e-01
2.252347902829695825e-01
2.279823371706451995e-01
2.308719096487872879e-01
2.333711010000804609e-01
2.359806109534070828e-01
2.385403204241229314e-01
2.411951063568716358e-01
2.435947982082971031e-01
2.457450165928995178e-01
2.477264944983913197e-01
2.500552618862455501e-01
2.520014067670253155e-01
2.540468053484044031e-01
2.557135518773608340e-01
2.578686527414256191e-01
2.596148858443968477e-01
2.612459115865585213e-01
2.625780141338396878e-01
2.640448730356284579e-01
2.653945999252384502e-01
2.670950296068135277e-01
2.684645737657299081e-01
2.693540042922198396e-01
2.705017762291775374e-01
2.717579839977128930e-01
2.723715886101719108e-01
2.732715156128456835e-01
2.738843856248696085e-01
2.744221660439857269e-01
2.755556729350187029e-01
2.762892274858619879e-01
2.763457285284327547e-01
2.771243871073300613e-01
2.768760453792131759e-01
2.768830518954253361e-01
2.776273470486744777e-01
2.773732459561182861e-01
2.775753242586014302e-01
2.773584181761735157e-01
2.770515880432397604e-01
2.773655740014693838e-01
2.768993997588976574e-01
2.762872133432757171e-01
2.754980382085415180e-01
2.751612311182697890e-01
2.743781637837954257e-01
2.737428871822537024e-01
2.730490443266735401e-01
2.720061249718542795e-01
2.711661605877777603e-01
2.699421303057547017e-01
2.689697180552076961e-01
2.675019697757216597e-01
2.662524072816491172e-01
2.652345056942053136e-01
2.637060239524158800e-01
2.623309926229505651e-01
2.606253345069457494e-01
2.592415042080249976e-01
2.574433052228050078e-01
2.552852563766460636e-01
2.534545822865028053e-01
2.517251028921321798e-01
2.501806837464214395e-01
2.479940954106550632e-01
2.456799728181904841e-01
2.435435723746345593e-01
2.414491913454674399e-01
2.391019570309100839e-01
2.366906600666037475e-01
2.346154477015570672e-01
2.314892028574275229e-01
2.296284400625519251e-01
2.265453366855751938e-01
2.237613782061473600e-01
2.212863367519929403e-01
2.185602801956451624e-01
2.156681024771414379e-01
2.127890654240306989e-01
2.094761543394998704e-01
2.066891617174314022e-01
2.037724328579744448e-01
2.007725423801499098e-01
1.971968004800047358e-01
1.945465987276026043e-01
1.911941956435087575e-01
1.880665610997303561e-01
1.844536052982121421e-01
1.815587746988172047e-01
1.775168552655492782e-01
1.742062852441104148e-01
1.705727762303581030e-01
1.672343223056663719e-01
1.637914185488189567e-01
1.598672113872285916e-01
1.562034009425493641e-01
1.527347212566785017e-01
1.485166923401977090e-01
1.450499897499872848e-01
1.406895204815313827e-01
1.374611186724328526e-01
1.331531928802989484e-01
1.295029621824405897e-01
1.257237037475313624e-01
1.218752376848035029e-01
1.179521208921662234e-01
1.135680032020614239e-01
1.097519675241085263e-01
1.057673892249427067e-01
1.013731163942234864e-01
9.764584929180375461e-02
9.351313506317676660e-02
8.909482671104958229e-02
8.508177045176457121e-02
8.061675810994040070e-02
7.655072079587803280e-02
7.263044825408263017e-02
6.836974504931249419e-02
6.476117204819550888e-02
6.002929516087386619e-02
5.557875300850073641e-02
5.162282719733329167e-02
4.723839841996034516e-02
4.322924750913944431e-02
3.861241308947858941e-02
3.455934219286776327e-02
3.032184054162550060e-02
2.599544999150070826e-02
2.180774766945880669e-02
1.724030215329926813e-02
1.334612456423506927e-02
9.168254835199101532e-03
4.838690762998408904e-03
9.107389688098280634e-04
-3.559547443422475532e-03
-7.634851883662320191e-03
-1.193687934084952836e-02
-1.609465139274217707e-02
-2.008335462023451770e-02
-2.404501914808932633e-02
-2.838071726803099992e-02
-3.251087642261891314e-02
-3.625299689263538488e-02
-4.065177191302079412e-02
-4.437862318172512005e-02
-4.838566347903149045e-02
-5.212949928213748280e-02
-5.630042188416090748e-02
-5.997816312695267160e-02
-6.399467931667733589e-02
-6.810950486707374740e-02
-7.190218967433391339e-02
-7.586274337248473387e-02
-7.961875988833595763e-02
-8.338790985730989980e-02
-8.690243414238658926e-02
-9.104460657688644154e-02
-9.412902419709273660e-02
-9.790625302104309646e-02
-1.015222842558407834e-01
-1.050800993400712591e-01
-1.087476802393926023e-01
-1.121468506541846571e-01
-1.157905084448857119e-01
-1.194190263545948094e-01
-1.224079508301137292e-01
-1.253810511986767628e-01
-1.284824954364046090e-01
-1.319760793258672738e-01
-1.349592571570184807e-01
-1.383149263069810286e-01
-1.412568675799612816e-01
-1.444653552784598005e-01
-1.471776979805191898e-01
-1.501160724818026426e-01
-1.527580446643496681e-01
-1.559695629151403307e-01
-1.585224339913422209e-01
-1.611711050256129096e-01
-1.641106461923821924e-01
-1.668244490175419259e-01
-1.695067222879990398e-01
-1.716693193888972901e-01
-1.739928057958189389e-01
-1.764396117162983502e-01
-1.787227879310392675e-01
-1.815045667984880318e-01
-1.833749189181263228e-01
-1.855450443708604735e-01
-1.879332289855522586e-01
-1.897353603488546869e-01
-1.918518958465540158e-01
-1.936720997378107711e-01
-1.957368751697252662e-01
-1.973846987964493205e-01
-1.988498813894180040e-01
-2.003783711424340919e-01
-2.023100693652082060e-01
-2.040760561712617327e-01
-2.050995413909055265e-01
-2.069008342331112582e-01
-2.082637461779406340e-01
-2.094542004928375833e-01
-2.108745764481703977e-01
-2.118389811824135660e-01
-2.128950895350840145e-01
-2.136814994704971105e-01
-2.150097042466699304e-01
-2.160823905164349634e-01
-2.169710411033682063e-01
-2.171407784525914153e-01
-2.180264566587213071e-01
-2.186304544963603158e-01
-2.197269180089263807e-01
-2.198427466659110818e-01
-2.211137069002788447e-01
-2.209075427584137608e-01
-2.214178494101822769e-01
-2.215739193847568733e-01
-2.218994067275993354e-01
-2.219567265272337775e-01
-2.218724734956033506e-01
-2.222801971914060148e-01
-2.222706085943575161e-01
-2.220219422739250770e-01
-2.218668158772285071e-01
-2.213110858292192396e-01
-2.210721938529033315e-01
-2.205885872338328724e-01
-2.206259102430994934e-01
-2.198206498968705291e-01
-2.194404120723874585e-01
-2.187628174934555247e-01
-2.180049655798832475e-01
-2.172451946760667330e-01
-2.166459527885328806e-01
-2.155731055766827720e-01
-2.144552256142991387e-01
-2.141345469691313119e-01
-2.127245416192231064e-01
-2.117119465232021325e-01
-2.107215309084084220e-01
-2.095788811491526571e-01
-2.080579193387183667e-01
-2.068047545104274576e-01
-2.055356957011509611e-01
-2.039001289812375772e-01
-2.024943970185673903e-01
-2.010782934200882055e-01
-1.993880553914134102e-01
-1.978092206015849286e-01
-1.957902515388799114e-01
-1.940586881010348264e-01
-1.923480320814241473e-01
-1.902997090790607415e-01
-1.889910914742473080e-01
-1.868628393668289311e-01
-1.846951080937977441e-01
-1.826041919264851099e-01
-1.804172105286948879e-01
-1.784849913199136606e-01
-1.759066766541196314e-01
-1.740484748116642721e-01
-1.718788033155179418e-01
-1.694749432167842462e-01
-1.670331567726246191e-01
-1.647377641293846784e-01
-1.620882610411129299e-01
-1.599011781020971967e-01
-1.569974100017653140e-01
-1.543231338252837870e-01
-1.516749662822968747e-01
-1.489849068781567698e-01
-1.467667684646792037e-01
-1.437983809210861830e-01
-1.410553363512498937e-01
-1.379602571484379037e-01
-1.355658870770643232e-01
-1.328243537310020983e-01
-1.296180828083921543e-01
-1.269415979904181535e-01
-1.239859231024263569e-01
-1.207742178824645768e-01
-1.180443706519622854e-01
-1.150480282752302519e-01
-1.118680748228757932e-01
-1.083600877420221875e-01
-1.054450039928677835e-01
-1.020522826462693239e-01
-9.921942690772860007e-02
-9.592391181795327515e-02
-9.257296142128258742e-02
-8.967646056065516069e-02
-8.631849178807118883e-02
-8.258285967357879842e-02
-8.005148302809048100e-02
-7.648367807967043630e-02
-7.318887234651870466e-02
-6.997229366467257183e-02
-6.648369263419144637e-02
-6.309647784171390494e-02
-6.030504733195574812e-02
-5.662108185862786691e-02
-5.313425415395958001e-02
-4.998173926160472819e-02
-4.668017714375825855e-02
-4.323143088990988314e-02
-3.966885112045953621e-02
-3.689186639616809371e-02
-3.282587395142363279e-02
-3.002546215585598366e-02
-2.626321530510628346e-02
-2.305514961559674766e-02
-1.928465884257971052e-02
-1.647262922800029478e-02
-1.300410555756495966e-02
-9.584321128530068346e-03
-5.948034676882611206e-03
-2.520899433492300706e-03
4.285841484796575258e-04
4.276764373556026129e-03
7.533111126423696485e-03
1.104760476223120083e-02
1.406496475190574177e-02
1.733396522540299120e-02
2.065379395860227410e-02
2.370121793777092006e-02
2.688137394975989233e-02
3.051060894326177234e-02
3.380355645594860375e-02
3.669360065501985763e-02
3.979941401284383534e-02
4.326870926474440243e-02
4.637859734303714787e-02
4.992267548800827931e-02
5.276508591686374094e-02
5.604989258786557266e-02
5.887750665795437460e-02
6.169741189428465389e-02
6.483845110732890105e-02
6.804247615526647086e-02
7.062000692889695841e-02
7.387091433083871339e-02
7.675811646356736628e-02
7.932088331430200978e-02
8.274489961103467794e-02
8.553504870678282912e-02
8.797109664576276133e-02
9.056458607473097389e-02
9.339874304846701447e-02
9.656078093892725422e-02
9.892521609755920708e-02
1.013884902492107887e-01
1.042142847350988472e-01
1.065246009312655340e-01
1.090316871955816086e-01
1.118238635570067141e-01
1.144398066412451453e-01
1.166869106707577874e-01
1.188564862466281458e-01
1.209920017704655265e-01
1.232594386998032421e-01
1.259425418630420179e-01
1.278618005322223750e-01
1.303109522327267344e-01
1.321934672720656012e-01
1.339600339614897551e-01
1.363923186224584028e-01
1.381850590352738939e-01
1.399970259993337518e-01
1.420775323685972702e-01
1.436434925176888200e-01
1.454432215818929064e-01
1.472858614523273046e-01
1.489672368232786426e-01
1.508190175884107642e-01
1.522387609290097865e-01
1.540592705613366420e-01
1.554883158947071853e-01
1.571081947066734208e-01
1.585027120958921454e-01
1.599676370048595253e-01
1.611782865365599671e-01
1.624337740221883375e-01
1.635653200781528038e-01
1.650110924901660725e-01
1.659310268846922176e-01
1.668513157444805051e-01
1.685888348601765618e-01
1.691061989996675285e-01
1.701158357075242544e-01
1.710271036745902584e-01
1.715576250277696113e-01
1.727029247800725975e-01
1.735426046350524443e-01
1.739704943350686150e-01
1.742996256625659879e-01
1.748413408035308925e-01
1.752790561284257309e-01
1.759993499068987499e-01
1.766639853788151970e-01
1.764709801008149392e-01
1.769320097317403084e-01
1.772754239549036714e-01
1.775631073114247449e-01
1.776949020713217420e-01
1.780514571172518989e-01
1.780729536609552410e-01
1.779760438502729913e-01
1.777906182755878972e-01
1.776346790885523497e-01
1.779143361184702676e-01
1.771887139642716602e-01
1.770992177107619525e-01
1.767310824300594996e-01
1.764309320659273594e-01
1.758212233300091021e-01
1.756120359455531355e-01
1.750799204740522974e-01
1.745158518775576095e-01
1.738070977857660293e-01
1.726659869827600058e-01
1.723227564956762992e-01
1.714298745931331358e-01
1.712071299975170824e-01
1.698541702867211733e-01
1.692746725425397503e-01
1.683380079401140261e-01
1.671803675340864104e-01
1.663366675087405988e-01
1.648753522705114494e-01
1.637105380616147576e-01
1.629073473695124286e-01
1.617392569778668132e-01
1.604546850456322615e-01
1.588393979881193852e-01
1.573821541675883839e-01
1.563510885698211061e-01
1.549589013169486162e-01
1.530487078103378862e-01
1.520840153114050297e-01
1.505472876783118807e-01
1.491339837307867622e-01
1.473589082938417116e-01
1.457862572911729770e-01
1.438780809378465697e-01
1.419772512134432896e-01
1.399789999031951504e-01
1.382136175793716448e-01
1.364787658976517326e-01
1.348371542150830216e-01
1.329507411678328699e-01
1.310588546657541209e-01
1.289528210167397160e-01
1.271078521372422943e-01
1.247455208924799497e-01
1.227968320860691465e-01
1.208572836718032062e-01
1.186192334976250706e-01
1.162564967701461977e-01
1.143129028375675232e-01
1.117007695530505551e-01
1.098995118612860616e-01
1.075336930217609815e-01
1.048544321563273651e-01
1.031432295194913279e-01
1.005082575119364274e-01
9.840959724563301536e-02
9.584755520182770827e-02
9.293569818853916753e-02
9.073038854422373067e-02
8.840087816928084152e-02
8.651879970162984490e-02
8.340822093685161531e-02
8.106930715226444428e-02
7.846761745612963745e-02
7.553647490582550417e-02
7.318614309096027615e-02
7.041071963201736561e-02
6.782700102055315428e-02
6.552042227560582466e-02
6.281487858230741517e-02
6.022262959917900477e-02
5.738211618744298859e-02
5.487315582634636618e-02
5.225360985359548543e-02
4.957955261194545854e-02
4.694644578892188946e-02
4.435489225098693256e-02
4.120689295695246362e-02
3.882664096142596916e-02
3.621858345770560816e-02
3.376062787053758785e-02
3.031740914781549598e-02
2.814742666922251044e-02
2.552162278155916189e-02
2.275878944801136561e-02
1.974090351468778606e-02
1.696792797395324515e-02
1.465655838677137716e-02
1.171222809714071895e-02
9.169437050578576817e-03
6.302940651016826316e-03
3.749866529779079683e-03
1.224697707626716840e-03
-1.855913062132730652e-03
-4.694059656733725987e-03
-7.203078756713924072e-03
-9.926841343885609709e-03
-1.249178759231916319e-02
-1.490447675405561466e-02
-1.800670996987813535e-02
-2.057974823959051597e-02
-2.281302829162077175e-02
-2.567686107526423456e-02
-2.807881113859393360e-02
-3.041624083430835915e-02
-3.315623600483368072e-02
-3.567882761217098381e-02
-3.794240797417926248e-02
-4.068201245144068001e-02
-4.309322127385838835e-02
-4.564752464782490665e-02
-4.850053462562167739e-02
-5.032636683067061301e-02
-5.293872738995496902e-02
-5.532611532449326075e-02
-5.762959491201181256e-02
-5.994389151857246190e-02
-6.244835834078312636e-02
-6.437472505654957822e-02
-6.715171582093266978e-02
-6.908146384388649808e-02
-7.138646073702618888e-02
-7.376422115472988650e-02
-7.571859961929963689e-02
-7.801210454545479123e-02
-8.039629119701227622e-02
-8.239060897264706418e-02
-8.430921209991243392e-02
-8.580971047291867382e-02
-8.827971486384726674e-02
-9.035793432443055273e-02
-9.200965700817641257e-02
-9.373136471659344882e-02
-9.586208239489171778e-02
-9.777427170552610569e-02
-9.952967814887447862e-02
-1.014368243684133364e-01
-1.029201658125634133e-01
-1.049987095454864711e-01
-1.065437856515890763e-01
-1.085395431280105905e-01
-1.098944461374126297e-01
-1.115760422366074422e-01
-1.128306368946041804e-01
-1.143112622980704679e-01
-1.160785581736727551e-01
-1.174420594331374301e-01
-1.186789728019838619e-01
-1.199253348254896989e-01
-1.213777077540645760e-01
-1.224969070018034484e-01
-1.235707188478004231e-01
-1.248631426104469255e-01
-1.259703915113408457e-01
-1.273549565317019239e-01
-1.279822856821469235e-01
-1.295435229151398193e-01
-1.303561419809680100e-01
-1.310705347152062994e-01
-1.320499389379337085e-01
-1.332059564118570349e-01
-1.341575958961684911e-01
-1.349823964725997416e-01
-1.356922717998770844e-01
-1.363776672240886167e-01
-1.369241021372658851e-01
-1.377781646886965250e-01
-1.375501437131420590e-01
-1.388374226338834339e-01
-1.394519456945716995e-01
-1.396319456115021340e-01
-1.404006183805127372e-01
-1.409475888628894114e-01
-1.409478983245913419e-01
-1.413037868725653123e-01
-1.414125038859499472e-01
-1.418719430426472472e-01
-1.418349332121844331e-01
-1.418013306411837759e-01
-1.424365239763589197e-01
-1.426839113973316642e-01
-1.420627861882310661e-01
-1.425815455118016883e-01
-1.420126795873918601e-01
-1.420580340590291146e-01
-1.416344829196918564e-01
-1.416709498997013317e-01
-1.412077555549988983e-01
-1.413860873739614943e-01
-1.410230536928389344e-01
-1.405466223978747431e-01
-1.404067452448304609e-01
-1.400364387494557605e-01
-1.394304695972979069e-01
-1.388695298252316801e-01
-1.380984267562075929e-01
-1.376741957093422786e-01
-1.369862809184121399e-01
-1.363410361422329742e-01
-1.356768383623303265e-01
-1.350360508130574733e-01
-1.340691586501248089e-01
-1.333361011832564225e-01
-1.324907894156772958e-01
-1.315131372323025127e-01
-1.304595885605099592e-01
-1.298002405474298904e-01
-1.286847706081054310e-01
-1.278627792617158532e-01
-1.268398999883805500e-01
-1.259966648357007946e-01
-1.245057339378343314e-01
-1.233910679521519199e-01
-1.229635106500640562e-01
-1.211111440242500781e-01
-1.197763042528105504e-01
-1.183924825326255897e-01
-1.171178840772630347e-01
-1.153678815393300999e-01
-1.144664789977249408e-01
-1.131511365970061661e-01
-1.116798978142701515e-01
-1.099345792318878468e-01
-1.088038537461883948e-01
-1.072160874277912068e-01
-1.058114162550140847e-01
-1.041623704775347103e-01
-1.023888173688309866e-01
-1.008148780792493537e-01
-9.934465504832500071e-02
-9.764956192152832171e-02
-9.594937856326520020e-02
-9.409878068755832270e-02
-9.237498218970335850e-02
-9.048845558290496971e-02
-8.906273858565910695e-02
-8.724349474691725503e-02
-8.530938483306477194e-02
-8.342340560369380931e-02
-8.162281896791862001e-02
-7.964823641249431374e-02
-7.736005576432480879e-02
-7.553399938983684780e-02
-7.367559420247739299e-02
-7.154845599622727814e-02
-7.003122982866483159e-02
-6.760398794613020623e-02
-6.618560167573678266e-02
-6.378301567618946399e-02
-6.175446584848590104e-02
-5.952998358193243439e-02
-5.771107191271535042e-02
-5.596240838416560726e-02
-5.339120723568147736e-02
-5.114299100038460083e-02
-4.949581191556401416e-02
-4.718026390617128391e-02
-4.525240946778553291e-02
-4.310647590596947132e-02
-4.080716658682958381e-02
-3.916953423196295470e-02
-3.662239687912417774e-02
-3.437910098404087234e-02
-3.231821858004475800e-02
-2.972512128659114683e-02
-2.830695307560334578e-02
-2.621391831776621884e-02
-2.346376276760745241e-02
-2.187554977955392596e-02
-1.941083281438781699e-02
-1.725100015218690788e-02
-1.496645169958180088e-02
-1.266362622060781748e-02
-1.046741448916854722e-02
-8.315947498071586327e-03
-6.545822371493953407e-03
-3.837715636504547209e-03
-2.255332508713202722e-03
-5.020432970386887075e-05
2.272057974865849140e-03
4.346343046172367053e-03
6.744347686354833574e-03
8.695636990140847428e-03
1.049344313393325671e-02
1.286096802552880863e-02
1.518147782465531850e-02
1.724760686887583105e-02
1.891724151232705015e-02
2.134344572317285055e-02
2.312481919022051427e-02
2.528063734556884601e-02
2.715393720530604946e-02
2.960295166695373070e-02
3.147559689944283423e-02
3.316578535078879703e-02
3.569789340709603187e-02
3.735759022889406644e-02
3.958617348662581831e-02
4.137498843024649958e-02
4.311248337247138018e-02
4.506733740775845098e-02
4.706038458632418042e-02
4.895639946225253947e-02
5.087549686251018749e-02
5.248161139273974790e-02
5.426568613987550055e-02
5.652032896314399674e-02
5.728101422358071459e-02
5.947543391659463469e-02
6.163240037561661111e-02
6.291760579966095002e-02
6.498394469307147703e-02
6.637016349821757422e-02
6.817897818059819037e-02
6.974478441789777605e-02
7.137066538078255806e-02
7.259273350331629793e-02
7.464154056392338643e-02
7.585443859653599741e-02
7.751404535310546517e-02
7.894756061831922911e-02
8.071522349187530698e-02
8.187843610139582118e-02
8.300173218318059043e-02
8.449525070530991555e-02
8.609632531896072027e-02
8.690657719264774372e-02
8.834689234608798791e-02
8.961836297037664711e-02
9.065710987563241341e-02
9.163990463852274282e-02
9.320692494215043755e-02
9.435705577778562281e-02
9.552591946520935795e-02
9.656331051864099069e-02
9.745655237736843002e-02
9.846806955379197590e-02
9.957779902199444255e-02
1.006683321943723924e-01
1.014017930623334895e-01
1.025381460716307813e-01
1.034332193678130229e-01
1.039704541424321116e-01
1.045998518371782510e-01
1.053694094740739162e-01
1.061434697864212240e-01
1.066871163589718924e-01
1.078008443924870496e-01
1.081119556650508018e-01
1.086522939907861446e-01
1.091290427845279659e-01
1.096074389622224282e-01
1.104407935158703974e-01
1.104948310053941452e-01
1.112702346382337948e-01
1.119059624138802750e-01
1.119049603618170047e-01
1.126825793290495564e-01
1.123721666047182294e-01
1.128955513343967293e-01
1.130796253254997691e-01
1.131527573118987912e-01
1.132731227969215743e-01
1.134776861212116045e-01
1.139963753054992757e-01
1.140563799245093018e-01
1.139305301867460651e-01
1.138865878548675770e-01
1.142407898463481258e-01
1.134705463243922269e-01
1.138324439560717966e-01
1.134173627393474104e-01
1.132153592950207177e-01
1.133520717901905922e-01
1.128048248972027545e-01
1.129642363968099417e-01
1.124414484274760678e-01
1.120926790271469381e-01
1.116857548208549794e-01
1.112870677223839477e-01
1.106126857958365101e-01
1.105231124826300121e-01
1.099697897370403576e-01
1.096196819001208078e-01
1.091711990652986519e-01
1.081355193185528502e-01
1.078561435663054485e-01
1.072094060925601056e-01
1.063746760719727069e-01
1.058177276370731862e-01
1.052578262568166223e-01
1.039737313260832852e-01
1.035873255434912599e-01
1.028067903936929622e-01
1.019365875405449373e-01
1.011908094205349745e-01
1.002428550412435004e-01
9.931175491855573356e-02
9.865211299209923623e-02
9.730449535709286002e-02
9.616534494155755397e-02
9.549168275974119491e-02
9.430499641888839824e-02
9.333596626911135063e-02
9.254987572968420562e-02
9.099922872141756602e-02
9.019621247389873753e-02
8.900333348019177915e-02
8.814585086518159085e-02
8.661591159632889281e-02
8.521646805071025899e-02
8.422914744443149582e-02
8.291858949476219043e-02
8.124601263733541301e-02
7.998185244035915797e-02
7.882254218252833511e-02
7.766090147447056447e-02
7.614610827859909226e-02
7.461114342713799641e-02
7.331033300570030664e-02
7.188841121093141051e-02
7.017681349425676507e-02
6.920616816701291585e-02
6.746057966216602308e-02
6.600909193365807337e-02
6.465732863191729629e-02
6.277368207668505840e-02
6.128048989916620726e-02
5.992865202446331918e-02
5.860342005549133010e-02
5.688130640812448513e-02
5.505095306276108769e-02
5.372299916745174042e-02
5.226978301224222134e-02
5.025286616883837404e-02
4.887911238247411028e-02
4.694559282977039255e-02
4.555194912436315996e-02
4.406727793417872935e-02
4.236958416557401463e-02
4.058810569693395431e-02
3.903848671084619859e-02
3.696630267895308075e-02
3.552130849986068206e-02
3.380005779950100153e-02
3.223027468192773970e-02
3.032610840838746019e-02
2.862631604514702388e-02
2.704327093841859750e-02
2.516655889122844034e-02
2.307423480848789718e-02
2.148722048894500386e-02
2.001018474138585926e-02
1.814534269007394424e-02
1.616460441213926971e-02
1.472454628681711154e-02
1.308696301567193257e-02
1.089873201570925633e-02
9.682704204295011774e-03
8.287084221524779540e-03
5.997371787526076942e-03
4.376683644062049489e-03
2.503005284635922457e-03
7.529583789896046424e-04
-6.852183782387771295e-04
-2.718161906787776999e-03
-4.040261684173132931e-03
-6.031541647323851278e-03
-7.255705882377871604e-03
-9.267988269798159082e-03
-1.128785790885058343e-02
-1.264089627709680946e-02
-1.455914564285356629e-02
-1.618776639571695500e-02
-1.761275952301076184e-02
-1.905157564157541200e-02
-2.119352244236235791e-02
-2.196807018023966274e-02
-2.402870371166949959e-02
-2.583210873688124992e-02
-2.731735966197834306e-02
-2.922606401251349670e-02
-3.087524912442430117e-02
-3.202055112261304598e-02
-3.387607348771654037e-02
-3.500743833030269675e-02
-3.638910383446060381e-02
-3.812023945837973715e-02
-3.960330099890410627e-02
-4.147523742521686679e-02
-4.243350078153523136e-02
-4.409970535059119096e-02
-4.573872537150661111e-02
