-6.737954833811970445e+01
6.059707232418384848e+01
-1.036980957255074429e+02
3.657433859531626013e+02
-4.038270254217771935e+02
1.155130372271528927e+02
-2.284665456217107931e+02
2.652318068812976435e+02
-6.774750826487755262e+01
-3.694498702352987607e+01
2.683634548195005323e+02
-4.255002757485758025e+02
1.799584347974273157e+02
1.858065856556978588e+02
-5.009936549060520292e+02
3.640164770945070813e+02
-2.608642960863033409e+02
1.894457734546604684e+02
-3.492678154236659083e+01
1.146994588344538499e+02
-1.881542088148200378e+02
1.184526892286765616e+02
4.178542540616054879e+01
-2.596542172289258588e+02
-9.211079184397311792e+01
2.467438256340924170e+02
-8.137343825065986636e+00
-7.747832349965115384e+01
-1.808458820902368203e+01
-1.070941161796476422e+02
1.056621636011197296e+02
-1.344284959692305392e+02
6.599098642799228287e+01
-4.715903178300602150e+01
-1.657580294620728694e+02
5.309365028473329176e+02
-5.716436229230713479e+02
2.133095047343051931e+02
-2.292858367962014654e+02
2.800110007535549244e+02
3.080588329770753120e+01
-1.292028592911286182e+02
-2.958109046506480126e+02
4.875297134484276285e+01
7.581366690435113753e+01
1.961692998024528265e+02
-3.432426166496080100e+02
7.185238367824946693e+01
1.446061426149684337e+02
-2.161135472910562214e+02
5.812855027601143831e+01
-1.490224854342383196e+02
2.482722101258044063e+02
-1.287382952578940376e+02
8.119550606581508134e+01
-3.133415413473430817e+02
2.234668923106245870e+02
-1.245065192842768056e+02
-8.309767115903436263e+01
-1.780579718665708810e+01
-1.414243504976862909e+01
-1.067553247411400434e+02
4.049342643512371183e+02
-3.058827982171553117e+02
3.101432468389361929e+01
-3.868045675827034415e+02
5.523247668337586447e+02
-3.011827064269344305e+02
3.451941344947626078e+01
-3.084550226147038643e+02
3.973373979581182880e+02
-3.447899721764651417e+02
4.322133351665858214e+01
1.187649238211031530e+02
-3.951528280934809345e+00
-2.647179184170549320e+02
4.080697561908353919e+02
-4.339335981082886633e+02
1.234326374638382573e+00
2.377408818826429808e+02
-3.469874278854695717e+02
1.405158804651597109e+02
1.551337474483268295e+02
-3.513947663555249505e+02
2.104340805462523747e+02
2.208107759610309628e+01
-3.272334716507922394e+02
3.987780751806416220e+02
-3.289744174702894952e+02
7.705333904611093487e+01
2.549978709882532257e+02
-5.479228439172331946e+02
2.409898962914751621e+02
4.214710557450680994e+01
1.222801150087259359e+01
-4.685679741335675885e+02
5.386303247821082323e+02
-2.900330759451614426e+02
9.156736401866285746e+01
-1.534743129754930635e+02
3.362908511072703277e+02
-3.181789400880507515e+02
-7.008959620329318074e-01
3.008970083999071221e+02
-8.428041103352195478e+02
1.049491731707234067e+03
-8.424816298972635877e+02
4.793544094099506765e+02
-1.937220421448640479e+02
-2.020051322884349077e+02
3.860941625474089278e+02
-3.886243011028126375e+02
2.010883437160293852e+02
1.660650650181086689e+02
-2.121582901472987430e+02
-9.055089485493463997e+01
1.309621082673236856e+02
-2.054977255093446686e+01
-2.174452797940878099e+02
2.887557814612488869e+02
-1.622700875041901156e+02
5.336107441566957021e+01
-1.233755462899940341e+02
4.173429655793528923e+02
-5.201471877332295435e+02
1.485533216230988387e+02
3.152073363084923585e+02
-5.622909588027793006e+02
2.892333076488639563e+02
4.846359528122976599e+02
-8.718369436010436857e+02
3.814447271218427318e+02
1.407534511249640463e+00
-8.321306197819892247e+01
2.316099152099844218e+02
1.059047529433087220e+02
-4.337119122775892492e+02
1.281540907464847692e+02
2.192270153247295639e+02
-8.102151209579682245e+01
9.357220142033875732e+01
-4.186469711751622071e+02
7.030212320513473969e+02
-4.711541268421184441e+02
1.030156772157956198e+02
1.318979996964285561e+01
-1.346739377184599107e+02
4.565724257337413974e+02
-4.807150830099517975e+02
1.237296582979049475e+02
4.705990731328204788e+02
-3.438303243993016167e+02
-1.475338697582705265e+02
1.699373917611877971e+02
2.666188894866190253e+02
-4.324365851159633394e+02
3.262694078501876902e+02
5.462358228125458481e+01
-1.946702724774925173e+02
2.642116438640869092e+02
-1.611376143270946955e+02
1.020613539039204767e+02
-1.358298492192265883e+02
5.639887870760852593e+02
-6.662009623783480947e+02
3.073560581733631238e+02
-5.783966307665306061e+01
2.321167539263142601e+02
-1.833869701900468607e+00
-2.966489962025748355e+02
4.666522681935061883e+02
-7.918413936464057201e+01
-2.534138836756123396e+02
4.618038525781843759e+02
-2.976141445215128556e+02
3.617593342264289618e+02
-1.376762413304586232e+02
-1.016440804683659422e+02
1.657631530060374700e+02
-6.843794615601899523e+01
-6.022134568078868710e+01
2.895594507216765123e+02
2.097151783668478799e+02
-1.599643375654043780e+02
-3.335199922723514305e+02
3.518068105741451177e+02
-6.169173526210375513e+01
5.904773334219898828e+01
5.702547658517620448e+02
-6.118023615567780098e+02
4.146056736655238524e+02
-3.507744497685530405e+01
-6.194693638686399595e+01
-2.021038313589070583e+02
8.035639005666270123e+02
-5.977420665944355278e+02
1.643700302739467247e+02
-6.505268348319647487e+01
3.488903339289855694e+02
-1.242758780496398003e+02
1.925349373672887623e+02
-1.039712062757267859e+02
1.245630335702239080e+02
1.237603140751828334e+02
-1.760098420939545463e+02
1.487722488746620684e+02
-1.473786812642150039e+02
3.783176560745010306e+02
-2.180951159237618242e+01
-3.435511450394770350e+01
2.543447185921194773e+02
-3.146259643443388541e+02
4.808378212297340042e+02
-1.306549277699240292e+02
8.979094486089003624e+01
-1.713563145888938379e+02
1.280697176016807362e+02
1.728526834307295417e+02
1.376491193827431516e+02
-6.884453279806795933e+01
-3.508854108841260455e+01
-9.135529429604707374e+00
3.779695166851442423e+02
-1.561657959720795645e+02
1.896245899297153699e+02
-1.524317710105970036e+02
1.399280237429633011e+01
4.176787744193105141e+02
-2.103142348869877765e+02
3.828088139593007355e+01
2.989080938929628815e+02
-3.930170769352306479e+02
4.652268114173343747e+02
1.103755137742131893e+02
-6.562577959202940292e+02
6.546909780980590767e+02
-1.327309098291814564e+02
3.207989833598205109e+02
-1.875690739889264762e+02
-1.963836342249475990e+02
2.767704845163249843e+02
1.635041147685921317e+02
3.762794510120400560e+01
-1.942005341129260785e+02
2.351307471394890172e+02
1.255384520331411835e+02
-4.483327581705771792e+01
-2.397037517556908170e+01
-4.357168175345368155e+00
1.588012073847900467e+02
-6.439332848323647340e+01
1.220462655754922565e+02
8.317005206281972107e+01
-1.151463303398764282e+02
1.560152872866476912e+02
-2.414430985650801915e+02
3.636348995827979707e+02
-8.021906835972673377e+01
-4.526122372128234161e+01
1.659773485991194661e+02
-3.136822700765257537e+02
4.517009685232321203e+02
4.912727122081989961e+01
-1.578739947983852403e+02
2.093778349758903801e+02
-4.353365185613960762e+02
5.310469856683588432e+02
-3.504076456551509295e+02
2.698179967790255205e+02
-6.903226915486142445e+01
3.438845348441296323e+01
-1.685595051001385869e+01
9.571751075783377871e+01
-1.173882466406620608e+02
1.348329614836435439e+02
4.392248084174306655e+01
2.262164015867671552e+01
-3.795302512526458258e+02
2.364238032400842826e+02
2.475372409449503266e+02
-1.125593663853438215e+02
2.433149522723245752e+02
-3.627814279869153893e+02
2.242326582699216999e+02
-1.009885707919097229e+02
1.292875311412221606e+01
1.545758932473478637e+02
-7.595571268681482024e+01
-2.857475796089048004e+02
3.643713793241639678e+02
-1.914372298706562106e+02
-3.119916873317582429e+01
3.029233075220491855e+02
-1.583778592751417875e+02
-2.042509205563421233e+02
4.035253267552270984e+00
2.540370449278535148e+02
1.439592094460987255e+02
-4.469638252217174568e+02
9.346061011275743624e+01
1.732038524596325146e+02
-7.162261946081376784e+00
-2.014964062199869090e+02
-5.420114168341734029e+01
2.959356005334405495e+02
-2.864612243537469567e+02
4.051937024600321138e+02
-6.163849854003657356e+02
2.368373359667164095e+02
2.224632236669583847e+02
-3.167559370700827230e+02
5.117744064996094799e+00
1.233516205104353531e+02
-1.205794720265730433e+02
2.051475181475897216e+02
-9.039351799412767718e+01
-2.765287522947447769e+02
1.821312230408789787e+02
-1.758840222416332040e+02
8.009970704381245810e+00
1.367254678441288434e+02
-2.272703486697265305e+02
2.055287569315831604e+02
-2.153260254151299478e+02
-4.666525179911036503e+01
2.846406923260317967e+02
-3.419909523598293504e+02
-2.283241684106067737e+02
3.837990401948508747e+02
-7.417853353859619858e+01
-3.050316674976924674e+02
3.204252872470300417e+02
-2.164819678833327714e+02
1.045219692856752687e+02
-3.723011831047165856e+02
1.034717961701513644e+02
4.493358398811859900e+01
1.150327756358201583e+02
-2.285440630316737440e+02
1.526294935369464056e+01
-5.208742797382898715e+01
-7.242108528743290208e+01
3.579212384085531653e+02
-8.730657033949639754e+02
8.220850343537787239e+02
-6.657687551246532394e+02
3.660426073103512294e+02
-4.668625784196572113e+02
1.176205300494891475e+02
1.278194780342519721e+02
1.520394832421610687e+01
-2.006615994250001052e+02
3.069632229976690496e+01
-2.224608684955327362e+02
3.908788196011751097e+02
-8.012493905860937957e+02
5.230311540956035969e+02
-8.679773716233044922e+01
-2.439499584502009668e+02
9.589644427790392456e+01
3.370280785673635364e+02
-7.712408888955454813e+02
4.201573822599494292e+02
-2.394063445846079787e+02
-5.841262617220505149e+01
-2.524640609688464465e+01
-8.574089530460896924e+01
3.246856617345189875e+02
-5.023702068065452977e+02
4.320080274464173442e+01
-1.575684148147346946e+02
1.198229698701478441e+02
2.417154040904864303e+02
-4.892081182133737229e+02
2.138102977798646407e+02
-1.947996640410949851e+02
1.833537875817190965e+01
-2.226539658006785771e+00
-7.911879411001669382e+01
-5.984079286261429331e+01
-4.045099436410230851e+02
3.343163547625254637e+02
-1.301976597760654499e+02
1.329280470741542786e+02
-2.626594804210897678e+02
6.668803931814115060e+01
-2.205943030043063118e+02
1.911788229325136399e+02
-3.433476594888179534e+02
1.613192631303159033e+02
-1.263198088203296692e+02
7.267915201897277200e+01
-1.806709969239813631e+02
-5.706358084436860878e+01
1.600485432212969954e+02
-4.089556018825039700e+02
2.945385367827397545e+02
-3.521132631141559273e+02
1.212183987862045029e+02
-8.601027201160502500e+01
-8.922691025653442409e+01
1.703581568925912677e+02
-2.105155487130135725e+02
1.943305816528848027e+02
-4.557959179465602233e+02
2.463184167164340579e+02
-3.401235166542165302e+02
3.434092568267149090e+02
-3.163580146687821752e+02
1.707975929809421700e+02
-1.612128812955579633e+02
-1.929029136586709114e+02
5.285147988248746032e+01
-1.145926342955015969e+02
1.845204882265912261e+02
-1.208866790981529817e+02
-1.651154226153804316e+01
-1.218592758564783765e+02
-2.414574698499922931e+02
5.018799401353959411e+02
-5.191558221588890092e+02
1.250703035403643071e+02
5.945461944537039756e+01
-9.794475975016806046e+01
-2.082951836250841779e+02
6.425933869119710096e+01
1.422471801563737017e+02
-1.808762806426441045e+02
-8.908617678760047909e+01
-6.282514992708703971e+01
8.256668553902051144e+01
-5.279455539461403646e+01
5.179916356760934093e+01
1.657224309028572651e-01
-4.285536353709754280e+02
5.309205569317955451e+02
-5.382774260559434651e+02
4.082030882915222492e+02
-6.498653733618816659e+02
5.543663404671403896e+02
-3.198071990805066207e+02
3.041815745670188562e+02
-1.198640916310748139e+02
-2.381500134486509523e+02
5.191554166283913929e+01
-2.628874091810382296e+01
-7.988240162407082323e+01
-8.925624858353833702e+01
2.258960817922009028e+02
-4.465089267879913848e+01
-2.636672397971075839e+02
2.164201963360395098e+02
-3.510152248062411928e+01
2.000657470727105647e+01
-2.532556843589517257e+02
2.519333410917610081e+02
-2.164472189456334945e+02
-4.166717599342324974e+01
1.645896261141251671e+02
-9.677467383091533293e+01
6.877724394629940718e+01
-1.631617716047538238e+02
7.958711287456969785e+01
-3.270013627244222789e+02
5.172865828564379171e+02
-1.678854176877585189e+02
-2.336480318941911491e+02
-4.863654347889041496e+00
2.235511859925909732e+02
1.144680783907449211e+02
-4.800314970987700463e+02
5.223276002133045495e+02
-4.407010001795375729e+02
2.404407932681083082e+02
2.533507016919498511e+01
6.074355179751206180e+01
-4.148591764941516544e+02
3.955871209127433872e+02
-1.754955442291692975e+02
-9.303260652263914210e+01
1.795354078143354855e+02
1.999070103716936160e+02
-3.246412715222010661e+02
-2.025956535879214755e+02
4.741234208733362721e+02
-1.701488543624084215e+01
-5.000550428844765634e+02
4.083435384683942857e+02
1.522645982735072323e+02
-3.167491178771381328e+02
2.685422180564806922e+02
-2.026549159642903533e+02
1.741256124349626759e+02
-1.402108097734807473e+02
1.601570062006517219e+02
-1.933855916338014822e+02
1.033803860407930415e+02
3.228003710544987825e+01
2.177466639908110153e+02
-2.685449773832699520e+02
-7.761011283122336124e+00
3.743914554552648610e+02
-1.092627957052227003e+02
-2.712110759563588545e+02
1.166671863397289570e+02
-5.078455486845485467e+01
5.335220147148131673e+02
-4.126722808053323206e+02
-6.127884457933502205e+01
3.194616679542191946e+02
-1.707256453113837438e+02
2.557845126217173117e+02
-1.039324954369839276e+02
-3.280103694292681098e+02
4.784364591229877419e+02
-1.105629168208636202e+02
-1.385220115649871104e+02
1.688018183911287053e+02
1.858799118770733685e+02
-3.549893773958915517e+02
2.523897188002051166e+02
2.575807072346945148e+01
1.202374851833468767e+02
4.285591775697579919e+01
-1.967907081509286229e+02
3.268764596310577275e+01
2.147361176978859589e+02
-1.668499620303963411e+02
4.137443678633161994e+02
-3.987662878915242004e+02
4.905965698816223863e+01
6.975563234145596425e+02
-8.093056940348659509e+02
5.314705268357329260e+02
-3.715997869877244284e+02
3.312785152978495944e+02
1.412907030713116399e+02
-2.561271093984569234e+02
1.359169278270370000e+02
1.255464047367341749e+02
3.653144319810937901e+01
-1.588793996445957113e+01
-2.533207510166388587e+01
4.173028480559933229e+01
6.561450601097467938e+01
-1.758111137874206165e+01
2.327785051323137111e+01
3.671718784194053455e+02
-3.084352814921026038e+02
1.553323990851615690e+02
-1.297690079252731152e+02
3.729153655915855552e+02
7.370621279724470298e+01
-4.064054294058420851e+02
1.063880012585337766e+02
4.052463279612664451e+02
-2.419440819600433770e+02
3.323051921718383710e+02
-2.850509184593447571e+02
8.383224269328785283e+01
-2.710139231482109068e+01
2.364782484400026021e+02
-2.021416627093760496e+02
3.702720659166651558e+02
-2.338396824955175930e+02
3.607656304152044981e+02
-2.836686634866131271e+02
2.905574671371585964e+02
-1.323481903429399722e+02
-1.564678250093319534e+01
-3.616310147727666191e+01
2.465289863429471779e+02
1.267311689313042109e+02
-4.214773727143065685e+01
-2.065171625574565439e+02
3.323620733973892243e+02
1.521588419726983510e+01
-2.374492374487830659e+01
-9.358924510066692903e+00
7.529707665959721297e+00
7.248335904924672946e+01
3.830530342427409352e+01
2.404351290492818976e+02
-3.135223763555677579e+02
2.752756424294062754e+02
-2.008797991223661938e+02
4.304589026943299359e+02
-3.573358745402038608e+02
3.803873149551821484e+02
-9.622134692074938300e+01
-6.826487066230440348e+01
-2.109953822402862329e+02
5.819044786510842187e+02
5.820708422463167153e+01
-1.619102242140787098e+02
-2.275679430604745903e+02
2.521809197368602895e+02
7.186645117225603485e+01
-8.974994429089548476e+00
1.381560335073635883e+02
-2.894450642423046247e+02
3.951566225723477146e+02
-2.898378334626327728e+02
9.521849596053058917e+01
5.008283479616810610e+02
-4.305258643315093536e+02
3.509049882377543383e+01
1.991444359987906694e+02
-1.548319540938672674e+02
3.721561601849464864e+02
-3.729468314082892277e+01
-3.911914861492303430e+02
3.209793232091523691e+02
1.311077665489822550e+02
-6.173130813151578167e+01
-5.299115043258501601e+01
-2.054049634974406899e+02
3.824456385266149709e+02
-1.833322797098047658e+02
4.897165319945042938e+02
-6.778784462890669147e+02
3.154994087269375314e+02
4.026259833945629794e+02
-2.880332661154971561e+02
-1.271436340680164356e+01
-4.238630311334530631e+01
4.506989687635960706e+01
2.961267877946977478e+02
-4.066620398251722008e+02
3.752022407843690530e+02
-8.204754513932425652e+01
-2.194923674032896201e+02
3.764390471237269935e+02
9.250640043335926066e+01
-3.727033980358141889e+02
1.271399257860154108e+02
3.738173173185873566e+01
1.854266304647379116e+02
-1.298409897541316127e+02
-4.978771924714337871e+01
7.786943267805416724e+01
4.840217999006042504e+01
-1.923386843932782142e+01
6.634595621822485612e+01
6.836457112087396126e+01
-4.239351528483000209e+01
-2.103894417018954641e+02
1.420981970269295971e+02
6.113477599766608961e+01
-1.688603583649415896e+01
2.684652832392317734e+01
1.458023218855254299e+02
-1.239374736473409797e+02
-2.582754223186254450e+01
-2.620703311024394822e+01
2.859983041669993327e+02
-4.143575063574490400e+02
2.476025697812769408e+02
-1.841264832386465002e+02
2.580688438006157526e+02
-1.217191862440086823e+02
5.985814652421556303e+01
-4.679277411005653562e+02
5.425245962807192655e+02
-4.789081682879898949e+01
-6.488409253272558885e+01
1.373141039302793054e+01
-3.046353093899760438e+02
5.376035476922675116e+02
-5.192256755230972658e+02
3.982335758234655145e+02
-5.566346549276741484e+01
-2.908706114676910488e+02
1.296643939157596890e+02
-3.207189491305048534e+01
2.087791787142790270e+02
-2.159315048005186100e+02
3.306864132396000855e+01
-3.950761420569622828e+01
-4.447005762537422413e+00
1.700689165727503109e+02
-1.814078804997610348e+02
6.832437302044252192e+01
-1.232905874282151899e+02
1.488822676362077004e+02
-2.018185243451116548e+02
2.611090290185429126e+02
-3.102214008204797437e+02
2.540542599811437299e+02
-3.034836797809048221e+02
2.868141950020452668e+02
-5.010120951123706732e+02
3.191282779193346641e+02
-7.430953871394312671e+01
1.757991494406444133e+02
5.484285322011901087e+01
-4.320598965808351863e+02
2.346086101084259496e+02
-1.423469046362838526e+02
4.605558934083605038e+01
-1.824032227366865655e+01
1.363342263679260213e+02
-4.470198667578798108e+02
3.303996683779457157e+02
-1.041131079131036046e+02
-3.601901416935812250e+01
-1.920455153606098122e+02
4.957465089611275175e+02
-2.921256831586999851e+02
-1.912250592732974042e+02
2.010685335031288616e+02
-5.084468371599750753e+02
7.907881962425771007e+02
-8.495775825094461879e+02
3.499424445626836473e+02
-9.694752217970217600e+01
1.527843060799974637e+02
8.608349429867205416e+00
-2.978119086957104855e+02
1.627591908456152510e+02
-1.828826117784979033e+02
2.830487731815678103e+02
-4.345518115137911082e+02
2.877379044687874057e+02
3.952872463373876144e+01
-6.556378506238486352e+02
5.516907957695540290e+02
1.261679630068927054e+02
-5.529253345522696463e+02
4.641120872413136311e+01
4.696305563843523601e+01
3.211094376936306958e+02
-4.999584793766016446e+02
1.890963860694396317e+02
2.277295847308288330e+02
-4.471756150360432684e+02
-2.388131589575734992e+01
1.134635438641976748e+02
-1.645314120321537743e+01
-1.375290289115508244e+02
1.560191653544593464e+02
-3.881439340121660280e+02
1.944245830650250753e+02
1.439382758874477588e+02
-9.869815759469538818e+00
-6.447442678315640023e+02
4.901306478454899889e+02
5.987650004070349752e+01
-2.471202972262604476e+02
-1.164024465126199175e+02
1.382710245933502335e+02
-3.248052146232049040e+02
4.597947337061777944e+02
-2.421893003612392192e+02
-1.487573471470601874e+02
6.794291999047396757e+01
8.122552014988563940e+00
-4.887975881197318984e+01
-3.346048215335778231e+00
-4.134103069613751700e+02
5.851052733829287718e+02
-4.942008826282614677e+02
2.472928276495973705e+02
-2.587625420074619456e+02
1.213316216156776761e+02
1.186318171717546477e+02
-4.596678264575651838e+02
1.629492071832102909e+02
9.146914706643902093e+01
1.843619891846583982e+02
-6.677919624854938547e+02
3.352435427091537576e+02
6.290760669241940661e+00
-4.615560906422168586e+01
-9.414692147605138928e+01
6.559783561063669310e+01
-3.087417759130983086e+02
2.416588597784064518e+02
-6.126615384545441856e+01
-1.495207055677847165e+02
2.604637751031920061e+02
-1.415662732891230178e+02
-1.646462843191833372e+02
-2.418322786297273410e+02
3.202486243050328198e+02
6.970187410831878871e+00
-8.738424383357404679e+01
-2.598421760651027057e+02
4.763236618062207981e+02
-3.218078257265632374e+02
-1.226407025316370607e+02
-1.096568397141726336e+02
2.542832850126597179e+02
-1.625479189762687042e+02
-8.831549046461876884e+00
3.315426212487090396e+01
-2.093315249516027166e+02
3.398587314205053076e+02
-4.902822673316923670e+02
3.010726770438922699e+02
-2.967177765364878539e+01
1.671873077117054152e+01
-1.736074930795693092e+02
-8.411573680465448888e+01
2.199961883406483025e+02
-2.353400792818172249e+02
-6.561904953589208844e+01
-4.635295962372705247e+01
2.443545931683217702e+02
-9.756410993599908466e+01
1.769519382691789531e+02
-4.280521179920580721e+02
2.286167534373409183e+02
-2.058849610694493606e+02
-1.996441564955373948e+01
2.656254051472956803e+02
-1.010081196391591476e+02
-1.253675610356356174e+02
-1.843947072714398701e+02
3.393968913038482356e+02
-3.883800696014013454e+01
-3.302916011988782543e+02
5.400330580791887769e+02
-5.752713994487946820e+02
1.408102540004575189e+02
1.201455857334289306e+02
1.035021607825869161e+01
-1.049076782829726682e+02
1.517709412883133382e+02
-2.361308230382979332e+02
-9.917559846488157405e+01
2.032492414434090904e+02
-2.446733107885410448e+02
2.411566064173873372e+02
-4.373868149080957579e+01
1.995465506665277644e+02
-3.356456854350925596e+02
-4.139728360475621827e+01
3.000992716150405499e+02
-1.277537253849024808e+02
-2.749439791271535114e+02
2.658649268729955679e+02
-1.296222860240333716e+02
4.630001737491303260e+01
1.661733355472064488e+02
-2.037383787546578731e+02
1.751909931231031123e+02
-9.757273873128849573e+01
-1.307869133158020531e+02
-3.262372749529559801e+00
3.313768164605578477e+02
-4.867095324738437512e+02
6.527506613829920070e+02
-5.530998266545409479e+02
7.696389020759590949e+01
1.678323191499229949e+02
-4.935778893976578985e+01
-1.603238110095857962e+02
2.499625534992124756e+02
2.949396990455641188e+01
-3.429311898536981289e+02
4.204755634558404154e+02
-2.147432235276438917e+02
3.956515328527162723e+01
1.257554281804716965e+02
-2.000685630643302204e+02
-7.008735059495390374e+01
1.931132039205346018e+02
-6.276133752832951984e+01
5.463546044445512280e+02
-8.589851325806562272e+02
6.287270969713315480e+02
-1.759611093380995612e+02
-2.539160624230243286e+02
2.107246885961957901e+02
2.319762395272224751e+02
-3.295171814645491395e+02
8.989560260818844029e+01
4.767082246347607111e+02
-6.840684635176357915e+02
2.430811998629443167e+02
3.019362246313434639e+02
-2.913459059246039260e+02
1.161036721420009030e+02
-7.881211996085816907e+01
-9.685454511951787637e-01
2.741282433375078540e+02
-1.876249213199199914e+02
-1.620813712979101808e+02
4.646017012609740391e+02
-2.387247259795912839e+02
2.231430198139785830e+02
-4.478860881973945425e+02
4.871791416879840426e+02
-4.997696318085993461e+00
-3.132440367207551049e+02
4.292970098434814759e+02
-3.439218644074030635e+02
2.805184046194627285e+02
-3.263790042011958690e+02
4.154591052721443134e+02
-4.050311609332524085e+02
5.202726262122847629e+02
-1.872796672169465069e+02
-2.555195065303824720e+02
3.222666338760361100e+02
-4.273821009675978644e+01
3.969676537161888774e+01
-7.716054201488391584e+01
-3.545826310816232763e+01
3.045934441319031976e+02
-7.667130441083018866e+01
-1.881740921759463276e+02
3.629321478884749581e+02
-3.368084697644429184e+02
2.063742813949300228e+02
2.022429975895574898e+02
-1.355445414175368910e+02
5.999606684324582062e+01
1.767907012027723468e+01
-1.590517651079978805e+02
3.030134799850145555e+01
2.161686546717635338e+02
-6.725952113771620589e+01
5.816139084999222497e+00
1.891832030291164415e+02
-1.140305340523172362e+01
-1.182671309569015605e+01
-1.540890808445483060e+02
9.023379918153531776e+01
4.347016442831217660e+02
-6.832596536168176726e+02
4.284308486691138569e+02
5.607488116471371598e+01
-1.228342336478391843e+02
3.043501557441200234e+01
3.640244865964752421e+02
-3.832598116319106794e+02
3.098243513101334088e+02
-7.194154620293591051e+01
-3.180972717046059870e+02
5.495562419620116543e+02
-1.689510607877500377e+02
-1.612439979895155204e+02
2.488277191429184541e+02
-5.078661392202134550e+01
3.778007170645990414e+02
-5.992582170636489991e+02
2.435238016437048145e+02
3.393500440929252591e+02
-3.542209102183884397e+02
-1.688956657715786775e+02
6.513396190251224880e+02
-2.982267360997626042e+02
-1.380915230285992550e+02
3.049351341480733026e+02
-1.824337843660674707e+02
2.465579908428045712e+02
-4.864601932211266444e+01
-2.270321573180626018e+01
5.470608024453472495e+01
-8.302553715847081151e+01
-9.925896920170975690e+00
5.082380249374483014e+02
-5.866377363144677020e+02
1.949100922111753675e+02
1.079969802499218474e+02
-3.920394822227998333e+01
-6.236994522991468415e+01
2.703264554206464254e+02
6.326434228344496091e+01
-6.440368986625466050e+02
8.590660785853506241e+02
-3.213531844659244712e+02
1.168282620678665751e+02
-2.039895140741872410e+02
3.610909557346935230e+02
-2.792162563944595490e+02
-9.870116045460056498e+00
1.359656719356336794e+02
1.131129820688968657e+01
-1.212480387469681062e+02
2.110815111601156673e+02
9.679745485262327520e+01
-3.628236094489333254e+02
5.821645159648770687e+02
-4.467056749374302171e+02
1.878593240011020100e+02
2.326350844695924707e+02
-5.091932820080321562e+02
5.363893516914508837e+02
-4.752342986557916333e+02
5.423918362163412894e+02
-2.520149969487885926e+02
-2.132764580342266072e+02
4.954787225228398597e+02
-3.622430860672897097e+02
2.015325312701706082e+02
-8.265503745089733911e+01
-1.508369787063133742e+02
5.277800736027639914e+02
-2.374434659836468029e+02
-2.854293815261069085e+02
2.443429330874855907e+02
2.709796308812574352e+02
-3.122002320537573041e+02
5.205390213189303728e-01
9.786983787712756566e+01
-9.814166658900681739e+01
4.881059408318049719e+01
1.895666186359342475e+02
-6.705205446975864447e+01
-1.449300332546386016e+02
3.620797083780201575e+01
3.168751307653379854e+02
-5.001238609389376961e+02
2.296200232457472055e+02
3.121571770773618368e+02
-3.868010368318022643e+02
5.676553449212588021e+01
1.753888822281714113e+02
7.991558172762950107e+01
-1.607984392353474163e+02
3.313219781258990082e+01
-1.068255372509450467e+02
9.034983002738856328e+01
6.856718438103081326e+01
1.024925644534111200e+02
-2.876218848657228477e+02
2.268603500052771551e+02
-3.145284056263809589e+02
3.062442536705700604e+02
-6.385409101704549073e+01
-3.614655109478602668e+01
7.655302015149132444e+01
1.030305807762872661e+02
-2.082693084016646878e+02
1.767101141554551589e+02
-4.137384383918650883e+02
2.051300667323403104e+02
1.606518398995690973e+02
-2.721267466366772396e+02
5.521737847771030374e+02
-5.312824094523048188e+02
1.183204696798393059e+02
-1.367202485703826369e+02
2.204825612409608482e+02
8.811423202295148371e+01
-4.894215381482802059e+02
6.242286185761076922e+02
-3.733333662329200706e+02
-1.000828164197619508e+01
2.655339861960950643e+01
-3.264171220978133725e+00
-4.954480908735826006e+01
3.951386290733331634e+02
-5.781190646923304257e+02
3.686215972766665345e+02
1.151605142269325484e+02
-2.144593240362941913e+02
-3.756356771362666223e+02
2.292287992881306593e+02
1.410000596921285876e+02
-3.031864087821317000e+01
8.879989721658955659e+01
-2.994636301513829153e+02
1.616909087304905768e+02
4.451329709490682518e+01
-3.326491236037376780e+02
5.300468984707210893e+02
-4.847794010931496587e+02
2.567262355665067730e+02
-1.312946490068165701e+02
-1.490126280699422807e+02
1.400932930897274105e+02
3.538500527086866754e+01
-1.920995959177641055e+02
3.294484231659655507e+02
-3.059631250654838936e+02
-1.876885943810547630e+01
-7.951119763121081974e+01
1.263695079919478559e+02
-1.257622039815067012e+02
2.873548515530117129e+02
-3.440389149985616655e+02
3.822527732564590792e+02
-3.498876753029825863e+02
1.358611035880289464e+01
2.028600836258297591e+02
-4.328241307890845064e+02
7.189305053646513954e+01
2.995619334874614310e+02
-2.204630945908748458e+02
5.195032527285310664e+01
-8.237292598393794663e+01
2.135269680909331669e+02
-3.937139113884400672e+02
2.411603863853953840e+02
-2.308194321099941249e+02
-1.219230375820462626e+02
5.236599214401494464e+02
-5.508363176994857895e+02
3.190964634672066609e+02
-8.023920305610123194e+01
-1.466624123499692871e+02
1.021252821934221089e+02
-4.251952147265560455e+01
1.632792576261640534e+02
-5.015061317920476540e+02
1.744711899393093404e+02
-5.707163022008711550e+01
5.705415501150001774e+02
-9.089426964194719858e+02
4.221299297460568596e+02
8.234275506099588426e+01
-3.095642791260043509e+02
2.167240623988431025e+02
-1.166699644991550500e+01
-1.759609716450426617e+02
9.704701550988816816e-01
1.170720775890550414e+02
-2.806299431327018397e+02
1.915684735708319693e+02
3.907914519733073178e+01
-3.205974403271706592e+02
4.349202554380918855e+02
-2.278101396043220745e+02
-7.861523722401780390e+01
-1.631857363476601392e+02
2.150364009311431062e+02
-2.993983634451249287e+01
-1.577665053994283255e+02
2.918508748235728589e+01
-2.001728573821704060e+01
-3.361636524130997117e+01
4.963871725367059895e+01
-8.699578593994830555e+01
1.287508347601240777e+00
2.211379113170711719e+01
9.269068168771622140e+01
-3.019423045864487563e+02
3.327548890616365895e+01
1.305755234474394513e+02
-1.050794879512213100e+02
2.367490451311447544e+02
-3.669761990705331414e+02
-1.940037444824703243e+02
4.894783186362107017e+02
-2.672074054955657516e+02
-1.603911109997017945e+02
1.345957309022471975e+02
1.550719129202432214e+02
-3.216778360604529325e+02
3.897274705012429195e+02
-4.370145233228058146e+02
1.879464731664361636e+02
-2.260439507161866857e+02
1.897157197292520152e+02
2.886557661014695242e+01
-2.737567387188798662e+01
-4.389657918406381896e+02
5.270991366232332211e+02
-3.452247371911842038e+02
2.145107719120937588e+02
-7.438994129260953514e+01
-1.177636175049500480e+02
4.473052080568866273e+01
-9.229564467245953807e+00
-1.642230335314534884e+01
-1.341331390486573980e+02
2.859647962678390627e+02
-1.874262542388864858e+02
-1.983493979434674941e+02
3.401495273466934464e+02
-1.840255389768823022e+02
6.052495873736162935e+01
-2.564374359518782285e+02
2.729316844146051153e+02
-2.712631646614844954e+02
4.256448213528356632e+02
-3.077981734211131766e+02
-2.298805633595142695e+02
1.830149451165321182e+02
-2.611062855664455284e+01
1.098985398469108929e+02
-8.445047340672348923e+01
4.995556695359445243e+00
-1.350029080295109623e+02
1.147288377186676342e+02
-1.677314780445278686e+01
-6.407118477838362480e+01
-3.902505871020575334e+00
-1.415832167968786166e+02
4.769789506524505782e+02
-4.868382124726193183e+02
-7.509234264064562581e+01
2.403554994341084807e+02
1.761544924796754970e+02
-2.036592673030234835e+02
4.444491303289556328e+01
-2.553186048216542190e+02
1.531739025897593649e+02
9.401049651206153612e+01
9.084887435132806388e+00
1.098364678087203927e+01
-3.169462117470449130e+02
3.210526138766098256e+02
-1.691352832512952205e+02
2.064513191600338970e+01
3.169496677813484098e+02
-4.020345122336531176e+02
4.977224335819589562e+00
1.649333046983351991e+01
-3.164505945904798523e+01
3.334735250645378528e+02
-3.604726655504238693e+02
2.819586446571522060e+02
-1.527903919326769255e+02
-3.793029298034650765e+02
7.488106799375000264e+02
-3.872406074801178875e+02
1.131832126507537311e+02
-1.777447484776782858e+02
4.886743768169848323e+01
1.241628376146803703e+02
-1.641827189036417280e+02
4.199298091923516552e+01
5.029737524284519878e+01
1.761982839699009844e+02
-4.570094126750339569e+02
5.322103682435639485e+02
-3.226844819135569082e+02
1.746863646318465442e+02
-5.710930462168520307e+02
8.999722430772258122e+02
-3.875975913943595970e+02
-2.039194309557293252e+02
3.406545722446364266e+02
-2.395862387686486841e+02
-4.000101569478272268e+01
2.651527347854532195e+02
-5.148833968027889085e+01
-2.735479812089278084e+02
3.333082273465577146e+02
-2.820047201379671264e+02
3.919196288611459522e+02
-2.287869511389523041e+02
1.666467174106820437e+02
-4.540041915754952697e+02
7.144141350110857047e+02
-6.599044820282128967e+02
6.202000874057629289e+02
-6.293167964762261590e+02
5.394545881348731200e+02
-1.713632956260830156e+02
-1.043897813234434011e+02
-7.656162204999948528e+01
5.177297126577441304e+02
-4.554454259307552206e+02
8.507982690316056562e+01
1.602642921935502613e+02
-1.256743226567482310e+02
-1.550178648474605723e+02
2.976607405167872002e+02
2.784518528432538460e+02
-5.145633023723305541e+02
1.999823406081993653e+02
6.202659840950236969e+01
-2.666494557066326934e+02
4.759855974606655877e+02
-2.444437557620073846e+02
-1.524453244421394515e+02
3.293966573598696641e+02
-3.598307844857381355e+01
-2.573306720728181745e+02
2.561774948170574362e+02
3.128889820255347942e+01
-9.967286281803643533e+01
-1.557429961548154651e+01
2.422743085791857993e+02
-3.129961997176448563e+02
2.484366664585982960e+02
-4.018830986858345966e+01
2.400998851902878073e+01
8.683575734319393291e+01
-9.218376399711513614e+01
-5.590352507658487724e+01
1.226028028422056693e+01
4.732510652508758540e+02
-4.892593248155639003e+02
1.411997967167544346e+02
-2.632518968414693745e+02
5.636163392120756725e+02
-4.671010303613895189e+02
4.059379569580203793e+02
-2.565060418399574473e+02
3.480507580625368291e+01
2.112931428553826549e+02
3.264980501760071263e+01
-6.658738621060220453e+01
-1.392992916382679880e+02
1.024540824364203644e+02
-1.326551856856752920e+02
5.615041992085970151e+02
-5.696888408943656259e+02
1.274725140086042643e+02
3.212408872966725539e+02
-1.064204090760128878e+02
-7.179410128873604435e+01
-8.121710267802326655e+01
4.945715027033246969e+01
7.339905059866975989e+01
-3.160581155301084522e+01
3.440293338661745111e+02
-3.251352770297654615e+02
-5.204403227538946908e+00
2.150509145142930549e+02
-1.895585148574132575e+02
3.468906413916431575e+02
-3.956669514759843196e+02
1.573047753556198813e+02
-5.954870379777984368e+01
3.338122239125267470e+02
-1.681463784297761777e+02
-8.011267436525896812e+01
3.129439504744979672e+02
-5.431943965712416684e+02
5.870604320654663297e+02
-1.710579348211131219e+02
-2.610206467724709682e+02
2.756317879618042070e+02
6.994141544717537329e+01
-1.126630583932614229e+02
1.685656014272548475e+02
1.237825865588016150e+01
-2.904336151961859400e+02
2.444332287817721294e+02
-1.545214896304980527e+02
2.440820654200556419e+02
3.586980325117090729e+01
-2.474522974893494620e+02
1.434467511698066460e+02
2.028344661036429102e+02
-1.911862031309719612e+02
1.279920800822031453e+02
-2.918811996608495178e+02
3.774379652963260696e+02
-3.242891905994200670e+02
3.234498634639019201e+02
-8.538274696234483940e+01
7.546483588964507305e+01
-1.433373178383267827e+02
1.043113644604133725e+02
-7.285275104564728110e+01
2.463208499145260362e+02
-3.116093228833802868e+02
2.915498961981281241e+02
-1.386306885082015299e+02
8.656157416219886613e+01
-1.077058331276998615e+02
1.136373454589303833e+02
-1.744243024209930581e+02
3.835559578328119983e+02
-3.664984742972056324e+02
3.076252696846713661e+02
-1.632007172365167378e+02
-1.545445232992155979e+02
4.772562902275096803e+02
-3.678194931533469685e+02
1.540393250944905787e+02
-2.521709056142216525e+02
4.032437742248101245e+02
-3.712779070780795792e+02
4.367587620650762688e+02
-1.386477477055111649e+02
-4.631298945202689765e+02
6.755341614496161355e+02
-1.966502441184455563e+02
-3.633522077433503910e+02
4.758323202606102882e+02
-1.301939194740603511e+02
-2.392538435937766508e+02
1.719499256737692860e+02
3.055920785314086743e+02
-4.968163286962057441e+02
5.291525153487721127e+02
-2.893888531197360408e+02
-1.307174708888695704e+02
2.276927624138094188e+02
-5.980232088838696569e+01
1.203485695907412989e+01
-2.591518453258919408e+02
3.704134221684861927e+02
-4.555113110697751466e+01
-6.140027516739176150e+01
-6.862835641153206545e+00
-1.892925569218044473e+02
1.643913784757849328e+02
1.340776105157816005e+02
6.948046252365691089e+01
-3.711704617941983315e+02
2.730552857760574170e+02
-1.051566672806711153e+02
1.288028115898949579e+02
-8.325769481917761539e+01
-1.314821962015831218e+02
1.917097544037801526e+02
8.801581083022361440e+01
-3.374107101312634995e+02
1.112572460263059213e+02
7.121902799886532875e+01
-2.085284631366557306e+01
-1.275708239827720405e+02
2.134710444080012337e+02
7.177429925692826451e+00
-8.251794660458820374e+01
1.019831526110569655e+02
-1.930920086986496642e+02
8.217600194345935805e+00
2.108473926524443982e+02
-1.742694379787186278e+02
-1.399295015182450186e+02
2.187128562004014896e+02
-1.451125269277376617e+02
1.246909284765966497e+01
3.880028646021097529e+02
-5.740654562009748361e+02
2.621059996629669513e+02
-9.917311860734983497e+01
1.716499520136700596e+02
-6.187237950256045593e+01
-5.558557243109574131e+01
-2.366948250511578919e+02
4.080644704452487304e+02
-2.313934989076244619e+02
1.380589474190096837e+02
-4.328086725015689353e+02
5.133057731007434086e+02
-8.732079005855015907e+01
-2.275755779162670933e+02
7.407117155090497285e+00
2.405812346485999953e+01
2.960172543404033263e+02
-3.277348040192134704e+02
8.505792056333520179e+01
-2.252691940491901050e+02
4.688689968749628747e+02
-5.407534998109310891e+02
1.548461993441873688e+02
1.573875368965869370e+02
-8.164320629497612458e+01
1.107486883503030839e+02
-2.404133993720462570e+02
8.449854835606171832e+01
6.016904433453914436e+01
-2.165205791342533530e+02
8.376114892250875243e+01
-1.581143740203046093e+02
5.304072195356596922e+02
-3.386408364567276976e+02
-1.052266472551702066e+02
1.276877519596778825e+02
3.839670960998332383e+00
-2.850118419753902117e+02
1.961681749018854362e+02
8.756233292263046053e+01
-4.103586675668488226e+01
-4.157483340038028246e+02
4.721573740974487805e+02
-5.714267150055264892e+02
6.728425859054921148e+02
-2.584628398222251349e+02
6.728632421420452658e+01
-1.697503318081531063e+02
-1.586510253751321784e+02
2.295878696390201128e+02
9.504162866036462276e+01
-2.611502292787088777e+02
1.383122424575653326e+02
-2.082929579504128270e+01
-1.623164318946149081e+02
1.424453677046153075e+02
-2.977300830977858368e+02
3.102389151796591591e+02
-9.356498571180853219e+01
-1.853553605621972267e+01
4.270735037327151673e+01
6.283854515297978338e+01
-3.154998797736382699e+02
1.772897128909498861e+02
-3.578614963468629071e+02
7.221112877324591182e+02
-9.179319899596519008e+02
6.952126118241928907e+02
-2.771607799312841394e+02
2.706032308510340556e+01
2.038583491903998492e+02
-2.886854002787267177e+02
-2.036626810588915646e+02
4.008134838513382761e+02
-5.896537832995565509e+01
-5.084177801361346383e+02
5.164821115373991915e+02
-1.147070855373646303e+01
-2.612816546820765780e+02
2.228221064310471036e+02
-2.660149317835937950e+02
1.004173831395612240e+02
-2.919275311929750956e+02
3.581428920654634567e+02
1.986576184173229649e+02
-7.779496023813483134e+02
6.955497220916292918e+02
-1.669944881916979114e+02
-2.007122265903175276e+02
8.358640176771891106e+01
-3.483126314034328175e+01
7.592138630158274282e+01
5.126096724023734197e+01
-3.724160588150826925e+02
2.926287305555271701e+02
6.546362688061712731e+01
-4.099924711047545998e+02
5.582947531843677780e+02
-5.583273574808119974e+02
1.748626699148908017e+02
-3.306838519930179388e+01
1.590978098669361032e+02
-1.069742656345252954e+02
-1.533816182969655699e+02
3.597024487188666058e+02
-5.422370726013136846e+02
5.068417062033709044e+02
-2.660656149579330645e+02
2.235669665483169410e+02
-5.198144370140457795e+02
5.285443684618550151e+02
-5.167390589505384924e+02
5.086278553380624885e+02
-3.357013643032647678e+02
-2.999793997233465959e+01
-6.226122762544569866e+01
2.877834203926561258e+02
-1.696339636240161042e+02
3.410160985625450536e+01
1.251365746933483933e+02
-2.329828641286520110e+02
1.013010123582565569e+02
-1.324415417202732783e+02
2.959864302966415153e+02
-5.166932364119384147e+02
4.602125004983401482e+02
-1.443638210104734014e+02
-6.891750677386247048e+01
1.191437768775022619e+02
-3.268110135680512940e+02
4.182075319383447720e+01
3.804688962791024096e+02
-5.104340151959453920e+02
6.209514238887641113e+02
-5.109100000975530520e+02
7.996429107481432652e+01
1.423863559881337153e+02
-1.262881536269897822e+02
1.946020838306798950e+01
1.290003568256367146e+02
1.927638587231845335e+01
-3.665337036977201706e+02
1.257556944659260694e+02
3.528768817688373360e+02
-3.766029364642240580e+02
1.729533920360250576e+01
1.349707704780240647e+02
1.495792372296576467e+01
-2.057297817625730261e+02
3.194447665970243975e+02
-3.394630044302673468e+02
3.358572590411303054e+02
-3.891248474792661796e+02
2.072218946054626372e+02
2.075574243739538929e+02
-5.807490213243480639e+02
5.603119251325587129e+02
-2.210031285242014292e+02
-5.527224218038831793e+01
-5.065472476794455226e+00
2.008361557627377749e+02
-8.387721353741075347e+01
-4.618298053524188163e+01
-5.111333189601271698e+01
2.253228239579222247e+01
1.843368545530775577e+02
-3.269378908229974741e+02
5.540984349510047196e+02
-7.067294307442496120e+02
4.008062348304510465e+02
-1.508088533908643569e+02
1.157321169133541474e+02
-1.663524453560774319e+01
-1.002670767120716278e+01
-3.047738291421378776e+01
-3.200377327061917754e+01
-2.831550841702584265e+01
2.427270343263023449e+02
-1.653889973440751149e+01
-4.284334378546008679e+02
3.542870942898180715e+02
6.977325169607587441e+01
-1.377794697536693036e+02
6.088564031225855899e+01
-2.512644865402097878e+02
4.170215447429725373e+02
-5.579552401932671728e+02
5.722218354393821755e+02
-1.265887475532685329e+02
-3.321370625642427399e+01
-1.694397266592223730e+02
2.259692320899220590e+02
5.720155627586591152e+01
-1.910672713108821483e+02
1.600852395575273590e+02
-3.975612571441512841e+02
6.281529495644150529e+02
-6.912263771645970110e+02
6.759830966731155968e+02
-3.417822230542108741e+02
-5.558700045248876620e+01
2.289253445225322139e+02
-8.626040754651887710e+01
-5.391651339689313005e+01
1.248660164884188504e+02
4.157298355269303869e+01
-2.133005038086452032e+02
1.900091064848077735e+02
-3.752425708964882034e+01
-7.833010193536904353e+01
-1.675555348262099065e+00
3.600872392284456964e+02
-4.841187299728909466e+02
1.928666800206177641e+02
-7.191928260745454793e+01
3.445037877021846953e+02
3.355663867699246339e+01
-6.478195461945458646e+02
5.093455044248007653e+02
-7.650714876993568225e+00
-2.101088340444244125e+02
1.145341448435450786e+02
-6.217426423215617781e+00
1.596643513169881885e+02
6.508546459853305066e+01
-3.661911350334820554e+02
4.100916632184544710e+02
-3.638276796291798405e+02
1.776334827277582633e+02
2.666170483816662227e+02
-2.364509810347486223e+02
3.000120203786652837e+02
-4.943720237288237058e+02
9.359332253046494543e+01
1.168123174588154143e+02
7.926540031413740905e+01
-2.050095726679844859e+02
5.214882699116407139e+02
-6.160923791563469649e+02
4.532241514138194702e+02
-1.029896959381407555e+02
-1.466239168493370926e+02
3.433826065212357435e+02
-9.021570412977010278e+01
-3.856019526101525798e+02
4.231234755886288212e+02
-3.707613418497375051e+02
2.200293143101910118e+02
5.319844869878172631e+02
-6.127887643822544987e+02
-1.848397357435475641e+01
1.660744990472200016e+02
1.621860165572637413e+02
-7.124156019975271192e+01
-1.968698709830440805e+02
1.990707276255844249e+02
1.361930494895716492e+02
-3.313358833277918620e+02
1.073302760522547032e+02
1.368287502583689843e+02
-8.241863601083190360e+01
8.043389848362497219e+01
1.630163274699520741e+02
-3.464671149615030572e+02
3.783700540890227444e+02
-3.298846086133855806e+02
3.040985347844397779e+02
-2.597935891005751614e+02
1.277809589099826724e+02
-2.151199838105535989e+01
1.552020179626312029e+02
-1.137669158923562804e+02
7.934747596650726109e+01
1.532388822467050602e+02
-2.734555908046659169e+02
3.354097408740663155e+01
8.785911905207647976e+00
3.328486151334776082e+02
-3.727060823042744460e+02
-1.726085048014200751e+01
4.152171654313887075e+02
-3.593747979104491037e+02
-9.018459696538219816e+01
4.643689693562430989e+02
-3.854634226262713810e+02
1.041288636580425049e+02
1.037176284398565400e+02
1.189346733200508197e+02
-1.412808540798657191e+02
-5.907772886445305716e+01
-8.745394021486552560e+01
4.357451828875022670e+02
-1.731434682557029419e+02
-1.154572217608614437e+02
6.784535804323819264e+01
7.288849074936193517e+01
-2.176867415589218524e+01
-5.153342779462702765e+02
5.857126328604161927e+02
1.267484237660662316e+01
-7.855398851512167369e+01
9.072686076598463956e+01
-1.323219480779871731e+02
-4.901903788074408652e+01
1.488089314610404301e+02
5.410608890018563955e+01
-5.016593316739180182e+02
8.378949402731026339e+02
-5.569725130326996805e+02
9.981532013311333174e+01
4.322915356377775353e+00
9.699199539621952226e+01
1.807409714292211618e+02
-3.730841477323587014e+02
1.718839901975241560e+02
-6.979935410676559115e+01
-4.980261628723496869e+00
3.586031723857553857e+02
-2.967806196015484943e+02
1.140916799369315839e+02
-2.049557142070534894e+02
1.470672654118829996e+02
9.008345616377737031e+01
-1.687567923749597583e+02
-3.210407572365846107e+01
2.648304783119147601e+02
-3.087128312327687922e+02
1.182678477497478866e+02
2.910730503574883983e+02
-2.879582134885940832e+02
2.336335599598925796e+02
-3.416415754748757081e+02
1.771030371114811999e+02
2.789962238756103829e+01
-1.064006557267684343e+02
1.300292477539460947e+02
3.302331233445607239e+01
-1.806442152551121865e+02
1.942414639819624824e+02
-4.710065238644617693e+02
4.882229372035225765e+02
5.396301584848679056e+01
-2.095107918004081853e+02
-1.149065512656745085e+02
2.686917189802410348e+02
1.135295865191051234e+02
-7.488538680904416367e+01
-4.061175283749203118e+02
4.517433534101908776e+02
-7.334886161620477196e+01
-3.706118400864478417e+02
1.344153303300823836e+02
3.771272634164965325e+02
-2.651612005102911098e+02
1.689987835207160174e+02
-4.521001407631152915e+02
3.438834377791650354e+02
-2.712194134539013257e-01
-2.002446671335383428e+02
2.463840353433523944e+02
1.261978976989185099e+02
-4.089172536570956140e+02
4.636649744017360320e+01
1.532889767442908351e+02
3.276669078673772333e+02
-6.444468062476487376e+02
5.043135426039903564e+02
-4.547191064341129731e+02
4.066775341405164568e+02
-2.810559988110691165e+02
2.704875351286383420e+02
-2.507189250848619508e+02
-2.472636378048604655e+01
1.565210894449488421e+02
-6.030076994153807135e+01
-2.708701504706976948e+01
-8.764988564976030716e+01
2.946404679607086905e+02
-2.004529577384170977e+02
1.371783796278169802e+02
-2.721863759275367443e+02
4.224896439075008914e+01
2.573838981742479746e+02
-7.059402151758975208e+01
-3.470461565655744494e+02
4.194428566130574154e+02
-3.806901586702422691e+01
-6.033819008961263535e+02
6.139681334283570777e+02
-2.287922551379620302e+02
1.601757344008861708e+02
-7.863452546378945840e+01
-1.261586883535178885e+02
7.661344825709475970e+01
-5.620376531554558852e+01
1.503727971465556834e+02
-1.737300757604578223e+02
-5.591774547559224828e+01
1.432893257347946019e+02
2.096086502675795771e+00
-9.846432775661153869e+01
3.582659287597289932e+01
-1.359101009578442643e+02
3.481667217670533887e+02
-4.058326663130511633e+02
3.301789386825240626e+02
-3.562482767088076230e+02
2.943198996573239583e+02
-3.198832168474069704e+02
5.751701968770354370e+02
-6.761641111856480393e+02
3.849985392286856154e+02
-5.774381823855271278e+01
-1.655286727859884479e+02
9.196060728500735593e+01
1.174115953558266767e+02
-3.953634277212113375e+02
2.713194248165011686e+02
1.051411210124841915e+02
-1.162285389195948113e+02
-1.684615116672609929e+02
-1.115194588863750091e+01
3.498373431164216072e+02
-3.070623211836843325e+02
6.863951982160305931e+01
6.090128036640750864e+00
-1.626645643615455015e+02
3.920424167602634498e+02
-3.262990670284259522e+02
-1.235374854309733763e+02
4.765573074284392874e+02
-4.683939166467923769e+02
2.313006649118953248e+02
-1.030640858388099304e+02
-9.195116206548043181e+00
-3.977230440610957629e+01
-5.540443496590604866e+01
1.754625752215266061e+02
-2.932899397214255259e+02
-3.436869707126074758e+01
3.436117334926504441e+02
-4.243256233010981759e+01
-1.291693999716032977e+02
3.429679995569312467e+01
1.338677662322286324e+02
-2.132802640724205787e+02
-1.284244524527622389e+02
1.472620105175247431e+02
5.665242637952824012e+00
5.377710531784522630e+01
-1.131436937133095597e+02
9.842944387819007090e+01
-1.639644040221696457e+02
1.978751159219966667e+02
-1.893042083117718732e+02
-4.295312141976759079e+01
1.163962084003987911e+02
-1.717328690003807878e+02
4.358552624423766702e+02
-3.585816105318343148e+02
-1.001512730679968257e+02
1.638027759608865495e+02
-3.582886914663450995e+00
-1.515686531884268788e+02
1.261962000594410398e+02
-8.247530488164728979e+01
3.108013345169638342e+02
-4.450006765306016518e+02
-8.990974880572396444e+01
3.157979900141288567e+02
2.618623591977336673e+01
-2.825960605711932203e+02
4.140223598099178162e+02
-1.989468082814352670e+02
-3.265444131566646888e+02
1.745519741922865364e+02
1.371513758904632994e+02
1.136033344791758992e+02
-1.963676272137969931e+02
-8.015529365021924946e+01
4.987034835987180514e+01
3.898117192970737221e+00
-1.084816419344527105e+02
-8.520118030755442362e+01
4.626481200527433089e+02
-3.677032962581467359e+02
2.965318801394899424e+02
-3.257046066694833257e+02
-1.779497567205453663e+02
4.632578196790375955e+02
-4.730464488577907218e+02
5.444271245636761023e+02
-6.033062860557499789e+02
5.812719930465816560e+02
-3.975792440143271165e+02
3.046660953402179643e+02
-4.712631657438303705e+02
4.350956982062169232e+02
-2.857742268250038933e+02
3.803111452502163843e+02
-2.645505791830841531e+02
-1.126359893396662244e+02
-5.414379025796808520e+01
3.092974287105043913e+02
-2.511379299967404108e+02
9.727603738291561797e+01
2.722285716607696031e+02
-5.785908504725547346e+02
4.173019898283022826e+02
-1.206977569113917639e+02
-5.885709609369575901e+01
5.558244714402898978e+01
-3.062586386614626122e+02
3.043015569721746374e+02
-1.304983852607104922e+01
-1.778368244710187582e+02
3.980653569993772862e+02
-2.503609194277561301e+02
-2.102207558196372759e+02
6.145360314308534271e+02
-5.968610179737719363e+02
2.626261440773729419e+02
-1.177329284824034374e+02
9.723204614062591133e+01
-2.589672417881503179e+02
2.079867797790672910e+02
9.852628992491027304e+01
-2.247359962643461984e+01
-8.284175436751930022e+01
-8.199073164139951686e+00
-2.383924411204804699e+02
4.684726860352322433e+02
-3.468104094846568159e+02
1.120886992021637525e+02
-3.744789639601755038e+00
-1.357726673111647244e+02
3.572924637731493362e+02
-3.148263509590982494e+02
2.810807976326716471e+02
-4.028777721236073148e+02
1.855993269042687359e+02
1.062232833307137270e+02
1.126329223540500095e+02
-2.846010663144788850e+02
7.743064494035287737e+01
1.242211756276478773e+01
-1.142217487881462574e+02
3.350832546827899137e+02
-1.320154078716117851e+02
-1.306484153867201599e+02
2.735891407130941388e+02
-1.493375167904508203e+02
-3.582475552279250905e+02
4.708653321402336474e+02
-2.572544962662200305e+02
-1.163025714412871636e+01
1.530990695664362988e+02
-3.947619731527110076e+01
-5.623807655899934588e+00
2.207034131364233644e+02
-3.639031374183427943e+02
2.173135163023761720e+02
3.983755720796011701e+01
-1.877843770253459184e+02
-9.872271287008937080e+00
1.886477893179431078e+02
2.688322490934027087e+01
-1.270826846290864438e+02
-1.152167784081354682e+02
2.229827789168507763e+02
-1.434469243104884129e+02
3.070384026917017195e+02
-1.878350216307358949e+02
-1.514974119128016241e+02
5.959337539486337931e+01
