0.000000000000000000e+00
-5.580363640387275836e-04
-2.230092217494927809e-03
-5.012689893586497192e-03
-8.901823208256942621e-03
-1.389295998547446231e-02
-1.998104477010365088e-02
-2.716050172714901123e-02
-3.542523772604688759e-02
-4.476864560859716846e-02
-5.518360763909591071e-02
-6.666249913525490456e-02
-7.919719227826860219e-02
-9.277906010045455787e-02
-1.073989806488544474e-01
-1.230473413230050994e-01
-1.397140433851706831e-01
-1.573885066411815359e-01
-1.760596742900180089e-01
-1.957160179402279709e-01
-2.163455427911564755e-01
-2.379357929769998492e-01
-2.604738570716005341e-01
-2.839463737518137521e-01
-3.083395376173569957e-01
-3.336391051647940031e-01
-3.598304009134931647e-01
-3.868983236812155724e-01
-4.148273530068937731e-01
-4.436015557183310420e-01
-4.732045926422365767e-01
-5.036197254541985302e-01
-5.348298236660031790e-01
-5.668173717477511531e-01
-5.995644763821594836e-01
-6.330528738483653939e-01
-6.672639375325566391e-01
-7.021786855627123458e-01
-7.377777885646441547e-01
-7.740415775365860895e-01
-8.109500518394412438e-01
-8.484828872998537719e-01
-8.866194444232089467e-01
-9.253387767135681230e-01
-9.646196390976236046e-01
-1.004440496449673148e+00
-1.044779532214564099e+00
-1.085614657125574922e+00
-1.126923518014145031e+00
-1.168683506708338982e+00
-1.210871769016932831e+00
-1.253465213795974975e+00
-1.296440522094604475e+00
-1.339774156376966729e+00
-1.383442369816998863e+00
-1.427421215662846521e+00
-1.471686556667622270e+00
-1.516214074583320581e+00
-1.560979279714475254e+00
-1.605957520528356497e+00
-1.651123993318343253e+00
-1.696453751917147201e+00
-1.741921717456511587e+00
-1.787502688170111043e+00
-1.833171349236176084e+00
-1.878902282656563116e+00
-1.924669977168834478e+00
-1.970448838187975227e+00
-2.016213197774355592e+00
-2.061937324624516954e+00
-2.107595434081418695e+00
-2.153161698160705129e+00
-2.198610255589614759e+00
-2.243915221855079523e+00
-2.289050699257684229e+00
-2.333990786967989450e+00
-2.378709591081906716e+00
-2.423181234671663908e+00
-2.467379867829007978e+00
-2.511279677697224599e+00
-2.554854898488664539e+00
-2.598079821484299501e+00
-2.640928805012065617e+00
-2.683376284400543099e+00
-2.725396781904729337e+00
-2.766964916600478830e+00
-2.808055414244382320e+00
-2.848643117095744692e+00
-2.888702993697401133e+00
-2.928210148612075514e+00
-2.967139832111065800e+00
-3.005467449812008418e+00
-3.043168572262543670e+00
-3.080218944466621700e+00
-3.116594495350372362e+00
-3.152271347164330439e+00
-3.187225824818923137e+00
-3.221434465150104121e+00
-3.254874026112083207e+00
-3.287521495894101697e+00
-3.319354101958233105e+00
-3.350349319995191699e+00
-3.380484882795256496e+00
-3.409738789031304229e+00
-3.438089311951119775e+00
-3.465515007976041950e+00
-3.491994725203197980e+00
-3.517507611808424528e+00
-3.542033124347221396e+00
-3.565551035950885517e+00
-3.588041444415231318e+00
-3.609484780179173846e+00
-3.629861814190585179e+00
-3.649153665656807544e+00
-3.667341809677329589e+00
-3.684408084756060298e+00
-3.700334700190791359e+00
-3.715104243337389534e+00
-3.728699686746340447e+00
-3.741104395169321251e+00
-3.752302132433511517e+00
-3.762277068181348216e+00
-3.771013784473594477e+00
-3.778497282253455047e+00
-3.784712987669761830e+00
-3.789646758257005033e+00
-3.793284888970338997e+00
-3.795614118073475929e+00
-3.796621632877582364e+00
-3.796295075329352287e+00
-3.794622547446323768e+00
-3.791592616597771581e+00
-3.787194320629381661e+00
-3.781417172830029205e+00
-3.774251166739113206e+00
-3.765686780792780297e+00
-3.755714982807550228e+00
-3.744327234299941853e+00
-3.731515494640561759e+00
-3.717272225041417411e+00
-3.701590392375074590e+00
-3.684463472824406338e+00
-3.665885455361799217e+00
-3.645850845056619605e+00
-3.624354666209828046e+00
-3.601392465314812164e+00
-3.576960313843352779e+00
-3.551054810855855948e+00
-3.523673085435008012e+00
-3.494812798941975274e+00
-3.464472147094486587e+00
-3.432649861866037266e+00
-3.399345213205588134e+00
-3.364558010577238800e+00
-3.328288604319252997e+00
-3.290537886822083813e+00
-3.251307293524893893e+00
-3.210598803730271733e+00
-3.168414941236851856e+00
-3.124758774789609728e+00
-3.079633918347592036e+00
-3.033044531169080571e+00
-2.984995317714009833e+00
-2.935491527363712549e+00
-2.884538953958023733e+00
-2.832143935149835645e+00
-2.778313351577311519e+00
-2.723054625853972510e+00
-2.666375721376900820e+00
-2.608285140953475079e+00
-2.548791925246968404e+00
-2.487905651041514510e+00
-2.425636429326922361e+00
-2.361994903203903817e+00
-2.296992245610378625e+00
-2.230640156869513113e+00
-2.162950862060189827e+00
-2.093937108210779385e+00
-2.023612161317010383e+00
-1.951989803184829064e+00
-1.879084328099261292e+00
-1.804910539320220053e+00
-1.729483745406373174e+00
-1.652819756368161919e+00
-1.574934879651165964e+00
-1.495845915951021787e+00
-1.415570154861153895e+00
-1.334125370354684037e+00
-1.251529816101908388e+00
-1.167802220624682086e+00
-1.082961782289329378e+00
-9.970281641394871386e-01
-9.100214885705364409e-01
-8.219623318472386586e-01
-7.328717184662263406e-01
-6.427711153651110010e-01
-5.516824259799655295e-01
-4.596279841529948840e-01
-3.666305478922762262e-01
-2.727132929854789722e-01
-1.778998064695134218e-01
-8.221407995810636749e-02
1.431949717061442584e-02
1.116761447244982719e-01
2.098306987835218962e-01
3.087576189195910814e-01
4.084309955477127829e-01
5.088245574063741117e-01
6.099116791647514191e-01
7.116653891544384436e-01
8.140583772233700444e-01
9.170630027094777148e-01
1.020651302531625504e+00
1.124794999395410500e+00
1.229465510111236171e+00
1.334633954022146796e+00
1.440271161538856148e+00
1.546347682779291688e+00
1.652833796310074987e+00
1.759699517987201034e+00
1.866914609893246535e+00
1.974448589368344997e+00
2.082270738132161014e+00
2.190350111494081986e+00
2.298655547648777997e+00
2.407155677054303666e+00
2.515260895525829099e+00
2.622383463372848666e+00
2.728494922561043978e+00
2.833567174116643272e+00
2.937572485348310725e+00
3.040483496946369435e+00
3.142273229957607938e+00
3.242915092633954277e+00
3.342382887153351412e+00
3.440650816211217045e+00
3.537693489480891351e+00
3.633485929941530301e+00
3.728003580071948875e+00
3.821222307908938021e+00
3.913118412968665805e+00
4.003668632029749652e+00
4.092850144776709165e+00
4.180640579302467685e+00
4.267018017468703128e+00
4.351961000122804180e+00
4.435448532170306990e+00
4.517460087501682153e+00
4.597975613772409709e+00
4.676975537035317210e+00
4.754440766224212744e+00
4.830352697487851010e+00
4.904693218373386010e+00
4.977444711858426629e+00
5.048590060230938370e+00
5.118112648816193655e+00
5.185996369550116114e+00
5.252225624398312753e+00
5.316785328620213136e+00
5.379660913877737372e+00
5.440838331187958232e+00
5.500304053719312414e+00
5.558045079430891100e+00
5.614048933554466991e+00
5.668303670918901638e+00
5.720797878116625768e+00
5.771520675511989218e+00
5.820461719091241548e+00
5.867611202154014549e+00
5.912959856846192963e+00
5.956498955534115680e+00
5.998220312020071887e+00
6.038116282599170326e+00
6.076179766957604755e+00
6.112404208912466608e+00
6.146783596993271814e+00
6.179312464865405197e+00
6.209985891595739105e+00
6.238799501760739830e+00
6.265749465397384199e+00
6.290832497797317124e+00
6.314045859144643558e+00
6.335387353997852244e+00
6.354855330616405951e+00
6.372448680132534626e+00
6.388166835568873658e+00
6.402009770702571601e+00
6.413977998776580591e+00
6.424072571058852432e+00
6.432295075250246796e+00
6.438647633741911847e+00
6.443132901723094719e+00
6.445754065140175015e+00
6.446514838507961365e+00
6.445419462574165870e+00
6.442472701838124927e+00
6.437679841924800250e+00
6.431046686815183655e+00
6.422579555934224693e+00
6.412285281097485523e+00
6.400171203317721158e+00
6.386245169472644534e+00
6.370515528835170471e+00
6.352991129467456588e+00
6.333681314480131164e+00
6.312595918158065977e+00
6.289745261954168498e+00
6.265140150352627835e+00
6.238791866603161651e+00
6.210712168327733096e+00
6.180913283001381764e+00
6.149407903308727441e+00
6.116209182377765785e+00
6.081330728892678117e+00
6.044786602087292238e+00
6.006591306620951976e+00
5.966759787338547838e+00
5.925307423916483351e+00
5.882250025396407622e+00
5.837603824608528669e+00
5.791385472486413555e+00
5.743612032275134283e+00
5.694300973634698337e+00
5.643470166640722319e+00
5.591137875684297320e+00
5.537322753273041798e+00
5.482043833735411376e+00
5.425320526830220480e+00
5.367172611263533177e+00
5.307620228114942051e+00
5.246683874175381845e+00
5.184384395198583739e+00
5.120742979068347189e+00
5.055781148883744969e+00
4.989520755964520937e+00
4.921983972778805061e+00
4.853193285795429190e+00
4.783171488263042725e+00
4.711941672918297463e+00
4.639527224625365598e+00
4.565951812949069932e+00
4.491239384663918699e+00
4.415414156201370233e+00
4.338500606037628771e+00
4.260523467024310840e+00
4.181507718664322582e+00
4.101478579335314123e+00
4.020461498463054006e+00
3.938482148647113767e+00
3.855566417741214558e+00
3.771740400890669420e+00
3.687030392529254907e+00
3.601462878337963858e+00
3.515064527168017872e+00
3.427862182930542012e+00
3.339882856455344218e+00
3.251153717321174863e+00
3.161702085659922723e+00
3.071555423937149865e+00
2.980741328711375537e+00
2.889287522374551109e+00
2.797221844876146335e+00
2.704572245433237487e+00
2.611366774229063381e+00
2.517633574102409177e+00
2.423400872230286218e+00
2.328696971806277993e+00
2.233550243716960537e+00
2.137989118218814877e+00
2.042042076618020729e+00
1.945737642955485791e+00
1.849104375699525349e+00
1.752170859448577644e+00
1.654965696646249596e+00
1.557517499311122933e+00
1.459854880783608921e+00
1.362006447492218442e+00
1.264000790741568681e+00
1.165866478524387961e+00
1.067632047359899694e+00
9.693259941607883512e-01
8.709767681310702780e-01
7.726127626971162066e-01
6.742623074740379252e-01
5.759536602697048480e-01
4.777149991285911668e-01
3.795744144176059209e-01
2.815599009561561838e-01
1.836993501925225369e-01
8.602054242874501711e-02
-1.144886090387992050e-02
-1.086813249166150852e-01
-2.056494488802857734e-01
-3.023259737854365747e-01
-3.986837898436209615e-01
-4.946959439277505144e-01
-5.903356469495836256e-01
-6.855762811723173922e-01
-7.803914074563642611e-01
-8.747547724364050925e-01
-9.686403156277816340e-01
-1.062022176460368783e+00
-1.154874701238114643e+00
-1.247172450022336010e+00
-1.338890203437083093e+00
-1.430002969394708501e+00
-1.520485989739944976e+00
-1.610314746810781017e+00
-1.699464969914412205e+00
-1.787912641716631335e+00
-1.875634004543044409e+00
-1.962605566590459594e+00
-2.048804108046939465e+00
-2.134206687118929135e+00
-2.218790645963956809e+00
-2.302533616527463245e+00
-2.385413526282257113e+00
-2.467408603869207351e+00
-2.548497384637803620e+00
-2.628658716085181979e+00
-2.707871763192351899e+00
-2.786116013656289692e+00
-2.863371283016661106e+00
-2.939617719675969632e+00
-3.014835809811907019e+00
-3.089006382180762511e+00
-3.162110612810801413e+00
-3.234130029584472155e+00
-3.305046516708441295e+00
-3.374842319070406660e+00
-3.443500046481709376e+00
-3.511002677804831773e+00
-3.577333564964820134e+00
-3.642476436843787635e+00
-3.706415403057660818e+00
-3.769134957614340919e+00
-3.830619982452535766e+00
-3.890855750860523266e+00
-3.949827930774132412e+00
-4.007522587953322279e+00
-4.063926189036703107e+00
-4.119025604473411484e+00
-4.172808111331823611e+00
-4.225261395984552415e+00
-4.276373556669295972e+00
-4.326133105925053179e+00
-4.374528972903331869e+00
-4.421550505553991428e+00
-4.467187472685364646e+00
-4.511430065898390573e+00
-4.554268901394495472e+00
-4.595695021656989177e+00
-4.635699897005848058e+00
-4.674275427025657237e+00
-4.711413941866697819e+00
-4.747108203419027284e+00
-4.781351406359583223e+00
-4.814137179072269568e+00
-4.845459584441094592e+00
-4.875313120516416632e+00
-4.903692721054421888e+00
-4.930593755929971955e+00
-4.956012031423031594e+00
-4.979943790378852597e+00
-5.002385712242222837e+00
-5.023334912966021193e+00
-5.042788944794459383e+00
-5.060745795921316237e+00
-5.077203890023612054e+00
-5.092162085671125382e+00
-5.105619675612231845e+00
-5.117576385936567718e+00
-5.128032375115040509e+00
-5.136988232917784281e+00
-5.144444979210621938e+00
-5.150404062630729918e+00
-5.154867359142107475e+00
-5.157837170471613497e+00
-5.159316222426271636e+00
-5.159307663092628005e+00
-5.157815060918951033e+00
-5.154842402681122593e+00
-5.150394091333063251e+00
-5.144474943742607387e+00
-5.137090188313733208e+00
-5.128245462496129115e+00
-5.117946810183057416e+00
-5.106200678998545683e+00
-5.093013917474950247e+00
-5.078393772121969185e+00
-5.062347884388195496e+00
-5.044884287516354426e+00
-5.026011403293382251e+00
-5.005738038696529557e+00
-4.984073382436706723e+00
-4.961027001400304393e+00
-4.936608836990778570e+00
-4.910829201371248232e+00
-4.883698773609483901e+00
-4.855228595726571506e+00
-4.825430068650664595e+00
-4.794314948077178506e+00
-4.761895340236878660e+00
-4.728183697573275168e+00
-4.693192814330781282e+00
-4.656935822055147334e+00
-4.619426185007649011e+00
-4.580677695494554058e+00
-4.540704469113440389e+00
-4.499520939917904805e+00
-4.457141855502257499e+00
-4.413582272007825935e+00
-4.368857549052446387e+00
-4.322983344584850229e+00
-4.275975609665544575e+00
-4.227850583175901455e+00
-4.178624786457140416e+00
-4.128315017880916926e+00
-4.076938347353218361e+00
-4.024512110753352800e+00
-3.971053904309743476e+00
-3.916581578914335005e+00
-3.861113234377357095e+00
-3.804667213624267852e+00
-3.747262096836673884e+00
-3.688916695539055990e+00
-3.629650046633106530e+00
-3.569481406381572963e+00
-3.508430244343375026e+00
-3.446516237261950888e+00
-3.383759262908630383e+00
-3.320179393882950247e+00
-3.255796891371800950e+00
-3.190632198869254754e+00
-3.124705935859036998e+00
-3.058038891461516418e+00
-2.990652018047106342e+00
-2.922566424818038744e+00
-2.853803371360415841e+00
-2.784384261168424857e+00
-2.714330635142724102e+00
-2.643664165064863347e+00
-2.572406647049703565e+00
-2.500579994977788711e+00
-2.428206233909542267e+00
-2.355307493483311365e+00
-2.281906001299138786e+00
-2.208024076290209692e+00
-2.133684122083939094e+00
-2.058908620354574559e+00
-1.983720124169321419e+00
-1.908141251329859012e+00
-1.832194677711203923e+00
-1.755903130599834494e+00
-1.679289382033011258e+00
-1.602376242141156704e+00
-1.525186552495271908e+00
-1.447743179461239427e+00
-1.370069007562924046e+00
-1.292186932855979631e+00
-1.214119856314181067e+00
-1.135890677230239731e+00
-1.057522286632894826e+00
-9.790375607221699639e-01
-9.004593543246430798e-01
-8.218104943705215604e-01
-7.431137733944102042e-01
-6.643919430615365940e-01
-5.856677077212519844e-01
-5.069637179896124834e-01
-4.283025643627598189e-01
-3.497067708629486016e-01
-2.711987887189016289e-01
-1.928009900822603706e-01
-1.145356617818376055e-01
-3.642499911740654239e-02
4.150890030534454267e-02
1.192440426969365863e-01
1.967585441617230591e-01
2.740306367292940082e-01
3.510386743380992658e-01
4.277611387696772516e-01
5.041766455318533735e-01
5.802639496893846616e-01
6.560019516404860251e-01
7.313697028377027509e-01
8.063464114516036840e-01
8.809114479758555216e-01
9.550443507721306791e-01
1.028724831553455843e+00
1.101932780804550704e+00
1.174648273137733234e+00
1.246851572583060896e+00
1.318523137811263624e+00
1.389643627288190020e+00
1.460193904359429196e+00
1.530155042263787291e+00
1.599508329074413204e+00
1.668235272566241933e+00
1.736317605008594223e+00
1.803737287881711948e+00
1.870476516516036192e+00
1.936517724653136208e+00
2.001843588927088913e+00
2.066437033265265732e+00
2.130281233207437896e+00
2.193359620142148358e+00
2.255655885459325383e+00
2.317153984618181006e+00
2.377838141129368310e+00
2.437692850450503990e+00
2.496702883794128969e+00
2.554853291847205998e+00
2.612129408401335784e+00
2.668516853892817231e+00
2.724001538851772430e+00
2.778569667259563225e+00
2.832207739813740854e+00
2.884902557099835896e+00
2.936641222669265971e+00
2.987411146022722619e+00
3.037200045498408052e+00
3.085995951064501863e+00
3.133787207015295007e+00
3.180562474570462150e+00
3.226310734376917733e+00
3.271021288912803193e+00
3.314683764793143972e+00
3.357288114976715754e+00
3.398824620873795332e+00
3.439283894354327575e+00
3.478656879656264689e+00
3.516934855193704745e+00
3.554109435264565242e+00
3.590172571657570977e+00
3.625116555158292897e+00
3.658934016954066060e+00
3.691617929937631271e+00
3.723161609909357850e+00
3.753558716677939167e+00
3.782803255059515202e+00
3.810889575775145310e+00
3.837812376246629409e+00
3.863566701290707339e+00
3.888147943711649734e+00
3.911551844792341637e+00
3.933774494683951684e+00
3.954812332694306320e+00
3.974662147475144902e+00
3.993321077108436423e+00
4.010786609091979038e+00
4.027056580224519955e+00
4.042129176390684364e+00
4.056002932245990955e+00
4.068676730802318176e+00
4.080149802914140089e+00
4.090421726665961266e+00
4.099492426661312194e+00
4.107362173213801704e+00
4.114031581440647400e+00
4.119501610259194813e+00
4.123773561286968814e+00
4.126849077645761810e+00
4.128730142670375969e+00
4.129419078522575504e+00
4.128918544710925786e+00
4.127231536517121491e+00
4.124361383329514297e+00
4.120311746884529391e+00
4.115086619416691960e+00
4.108690321718026617e+00
4.101127501107599826e+00
4.092403129312004673e+00
4.082522500257607767e+00
4.071491227775410948e+00
4.059315243219396407e+00
4.046000792999245199e+00
4.031554436028339516e+00
4.015983041088004413e+00
3.999293784108919780e+00
3.981494145370705340e+00
3.962591906620677840e+00
3.942595148112793435e+00
3.921512245567819299e+00
3.899351867055805609e+00
3.876122969801948148e+00
3.851834796916909553e+00
3.826496874052761399e+00
3.800119005985666654e+00
3.772711273126462483e+00
3.744284027960322003e+00
3.714847891416687364e+00
3.684413749170695862e+00
3.652992747877303881e+00
3.620596291339380990e+00
3.587236036611012313e+00
3.552923890037305465e+00
3.517672003231970379e+00
3.481492768993998510e+00
3.444398817164741722e+00
3.406403010426767519e+00
3.367518440045772277e+00
3.327758421556960666e+00
3.287136490397282618e+00
3.245666397484839205e+00
3.203362104746948269e+00
3.160237780598189605e+00
3.116307795369944955e+00
3.071586716692750407e+00
3.026089304833039062e+00
2.979830507985571142e+00
2.932825457523165369e+00
2.885089463205080307e+00
2.836638008345567563e+00
2.787486744944127182e+00
2.737651488778857889e+00
2.687148214464506246e+00
2.635993050476653554e+00
2.584202274143544198e+00
2.531792306607175469e+00
2.478779707755005557e+00
2.425181171123992119e+00
2.371013518778336326e+00
2.316293696162549764e+00
2.261038766931408706e+00
2.205265907758225286e+00
2.148992403123137329e+00
2.092235640082821035e+00
2.035013103023240788e+00
1.977342368397025485e+00
1.919241099446913568e+00
1.860727040916940744e+00
1.801818013752828573e+00
1.742531909793140876e+00
1.682886686452839564e+00
1.622900361400633429e+00
1.562591007231841411e+00
1.501976746138167673e+00
1.441075744575984530e+00
1.379906207934729956e+00
1.318486375206788352e+00
1.256834513660579411e+00
1.194968913518219322e+00
1.132907882639337060e+00
1.070669741212624038e+00
1.008272816456468490e+00
9.457354373303704653e-01
8.830759292584345888e-01
8.203126088666201632e-01
7.574637787350773088e-01
6.945477221670990353e-01
6.315826979762255711e-01
5.685869352927894749e-01
5.055786283915465473e-01
4.425759315416676887e-01
3.795969538805811228e-01
3.166597543131534631e-01
2.537823364374440227e-01
1.909826434986369725e-01
1.282785533723567739e-01
6.568787357881822331e-02
3.228336329229031243e-03
-5.908240639436887487e-02
-1.212267877242879932e-01
-1.831873307562557618e-01
-2.449466533609723773e-01
-3.064874729568103362e-01
-3.677926112425332628e-01
-4.288449988885781883e-01
-4.896276801858117089e-01
-5.501238176504588129e-01
-6.103166965839215141e-01
-6.701897295864451820e-01
-7.297264610232522264e-01
-7.889105714421296156e-01
-8.477258819412577528e-01
-9.061563584860721221e-01
-9.641861161742062425e-01
-1.021799423447214972e+00
-1.078980706248156896e+00
-1.135714552123905374e+00
-1.191985714271079910e+00
-1.247779115524719762e+00
-1.303079852288506091e+00
-1.357873198405730175e+00
-1.412144608969853499e+00
-1.465879724073856805e+00
-1.519064372497385795e+00
-1.571684575330726474e+00
-1.623726549534860286e+00
-1.675176711436560772e+00
-1.726021680157816096e+00
-1.776248280978703686e+00
-1.825843548632842595e+00
-1.874794730534783405e+00
-1.923089289938397117e+00
-1.970714909025670369e+00
-2.017659491925111404e+00
-2.063911167659035595e+00
-2.109458293019166319e+00
-2.154289455369751138e+00
-2.198393475377686812e+00
-2.241759409668985459e+00
-2.284376553410967681e+00
-2.326234442819692383e+00
-2.367322857591987795e+00
-2.407631823261682236e+00
-2.447151613479406684e+00
-2.485872752215601000e+00
-2.523786015886238854e+00
-2.560882435400799739e+00
-2.597153298132190535e+00
-2.632590149808103686e+00
-2.667184796323584628e+00
-2.700929305474396802e+00
-2.733816008610872927e+00
-2.765837502212040722e+00
-2.796986649379659795e+00
-2.827256581252012957e+00
-2.856640698337218343e+00
-2.885132671765822110e+00
-2.912726444462588660e+00
-2.939416232237268112e+00
-2.965196524794266431e+00
-2.990062086661130270e+00
-3.014007958035701762e+00
-3.037029455552014756e+00
-3.059122172964770847e+00
-3.080281981752513776e+00
-3.100505031639452458e+00
-3.119787751035977497e+00
-3.138126847397999519e+00
-3.155519307505115112e+00
-3.171962397657790866e+00
-3.187453663793663683e+00
-3.201990931523110095e+00
-3.215572306084305332e+00
-3.228196172217939086e+00
-3.239861193961839803e+00
-3.250566314365760157e+00
-3.260310755126566651e+00
-3.269094016144179715e+00
-3.276915874998527212e+00
-3.283776386347902143e+00
-3.289675881249038092e+00
-3.294614966399326494e+00
-3.298594523301562109e+00
-3.301615707351627904e+00
-3.303679946849596316e+00
-3.304788941934706070e+00
-3.304944663444674635e+00
-3.304149351699904091e+00
-3.302405515213073794e+00
-3.299715929324677610e+00
-3.296083634765088366e+00
-3.291511936143726835e+00
-3.286004400365947653e+00
-3.279564854978266997e+00
-3.272197386442597722e+00
-3.263906338340124336e+00
-3.254696309505547003e+00
-3.244572152092353168e+00
-3.233538969569878407e+00
-3.221602114652860394e+00
-3.208767187164281776e+00
-3.195040031832239613e+00
-3.180426736021649159e+00
-3.164933627401608884e+00
-3.148567271549211011e+00
-3.131334469490679506e+00
-3.113242255180669993e+00
-3.094297892920604198e+00
-3.074508874716949336e+00
-3.053882917580313716e+00
-3.032427960766308939e+00
-3.010152162959093936e+00
-2.987063899398538336e+00
-2.963171758952014123e+00
-2.938484541131709982e+00
-2.913011253058557237e+00
-2.886761106373662233e+00
-2.859743514098355810e+00
-2.831968087443824444e+00
-2.803444632571364892e+00
-2.774183147304371211e+00
-2.744193817793018741e+00
-2.713487015132818314e+00
-2.682073291938050552e+00
-2.649963378871197595e+00
-2.617168181129509108e+00
-2.583698774889741756e+00
-2.549566403712281826e+00
-2.514782474905717269e+00
-2.479358555853009793e+00
-2.443306370300474928e+00
-2.406637794610618997e+00
-2.369364853980112429e+00
-2.331499718623992301e+00
-2.293054699927281614e+00
-2.254042246565275853e+00
-2.214474940593573749e+00
-2.174365493509178293e+00
-2.133726742283761801e+00
-2.092571645370353117e+00
-2.050913278684684204e+00
-2.008764831562334319e+00
-1.966139602692987154e+00
-1.923050996032950710e+00
-1.879512516697185331e+00
-1.835537766832131545e+00
-1.791140441470447264e+00
-1.746334324369038349e+00
-1.701133283831491427e+00
-1.655551268516207042e+00
-1.609602303231509879e+00
-1.563300484718866956e+00
-1.516659977425595773e+00
-1.469695009268155772e+00
-1.422419867387408221e+00
-1.374848893896973845e+00
-1.326996481625960289e+00
-1.278877069857360382e+00
-1.230505140063234304e+00
-1.181895211638040788e+00
-1.133061837631253566e+00
-1.084019600480514267e+00
-1.034783107746616970e+00
-9.853669878514104141e-01
-9.357858858199972207e-01
-8.860544590283112587e-01
-8.361873729573148228e-01
-7.861992969551463428e-01
-7.361049000081789639e-01
-6.859188465224320685e-01
-6.356557921163472624e-01
-5.853303794261854875e-01
-5.349572339252594011e-01
-4.845509597580498484e-01
-4.341261355905197128e-01
-3.836973104776522092e-01
-3.332789997494140510e-01
-2.828856809163333708e-01
-2.325317895956894032e-01
-1.822317154596074518e-01
-1.319997982059931685e-01
-8.185032355358448641e-02
-3.179751926207238788e-02
1.814444882156138195e-02
6.796148068937024611e-02
1.176395460704961482e-01
1.671646882997410155e-01
2.165230281557441738e-01
2.657007676676832464e-01
3.146841938894244795e-01
3.634596826402497483e-01
4.120137022110028080e-01
4.603328170348059967e-01
5.084036913213207942e-01
5.562130926535467923e-01
6.037478955463385644e-01
6.509950849655579130e-01
6.979417598070706275e-01
7.445751363346309049e-01
7.908825515757142988e-01
8.368514666745481279e-01
8.824694702013280434e-01
9.277242814168960017e-01
9.726037534920028982e-01
1.017095876680282673e+00
1.061188781444263762e+00
1.104870741533484635e+00
1.148130177014059505e+00
1.190955657248897515e+00
1.233335903827785129e+00
1.275259793446723577e+00
1.316716360735684654e+00
1.357694801034201149e+00
1.398184473114073789e+00
1.438174901848503051e+00
1.477655780827100029e+00
1.516616974916040528e+00
1.555048522762871421e+00
1.592940639245269629e+00
1.630283717863277415e+00
1.667068333074424702e+00
1.703285242571155766e+00
1.738925389500158847e+00
1.773979904622962733e+00
1.808440108417430414e+00
1.842297513119641961e+00
1.875543824705687257e+00
1.908170944813033509e+00
1.940170972600953281e+00
1.971536206549709958e+00
2.002259146198093642e+00
2.032332493818931329e+00
2.061749156032306907e+00
2.090502245356086863e+00
2.118585081693540761e+00
2.145991193757733839e+00
2.172714320432414858e+00
2.198748412069233549e+00
2.224087631720970126e+00
2.248726356310660091e+00
2.272659177736396696e+00
2.295880903911615256e+00
2.318386559740793107e+00
2.340171388030352517e+00
2.361230850334727904e+00
2.381560627737478342e+00
2.401156621567362759e+00
2.420014954049374722e+00
2.438131968890643986e+00
2.455504231801258541e+00
2.472128530949946335e+00
2.488001877354697911e+00
2.503121505208350417e+00
2.517484872139173824e+00
2.531089659406589032e+00
2.543933772032070273e+00
2.556015338865375242e+00
2.567332712586242849e+00
2.577884469641680720e+00
2.587669410119060043e+00
2.596686557555166530e+00
2.604935158681447760e+00
2.612414683105662494e+00
2.619124822930183338e+00
2.625065492307220971e+00
2.630236826931229288e+00
2.634639183468817425e+00
2.638273138926454653e+00
2.641139489956312758e+00
2.643239252100596737e+00
2.644573658974716412e+00
2.645144161389695103e+00
2.644952426414198587e+00
2.644000336376614690e+00
2.642289987807600049e+00
2.639823690323546579e+00
2.636603965451437492e+00
2.632633545395555164e+00
2.627915371746552875e+00
2.622452594133387827e+00
2.616248568818640319e+00
2.609306857237772892e+00
2.601631224482859217e+00
2.593225637731381372e+00
2.584094264620650172e+00
2.574241471568472495e+00
2.563671822040654469e+00
2.552390074765985784e+00
2.540401181899333505e+00
2.527710287133496436e+00
2.514322723760497258e+00
2.500244012682975914e+00
2.485479860376393457e+00
2.470036156802735139e+00
2.453918973276432158e+00
2.437134560283242823e+00
2.419689345252814316e+00
2.401589930285696450e+00
2.382843089835552597e+00
2.363455768347341390e+00
2.343435077852293436e+00
2.322788295520405111e+00
2.301522861171333645e+00
2.279646374744454640e+00
2.257166593728923143e+00
2.234091430554594027e+00
2.210428949944607702e+00
2.186187366230532003e+00
2.161375040630897804e+00
2.136000478493995658e+00
2.110072326505854967e+00
2.083599369864219231e+00
2.056590529419491720e+00
2.029054858783481130e+00
2.001001541406915774e+00
1.972439887626607380e+00
1.943379331683173561e+00
1.913829428710311031e+00
1.883799851696465799e+00
1.853300388419924172e+00
1.822340938358207874e+00
1.790931509572746494e+00
1.759082215569810925e+00
1.726803272138599743e+00
1.694104994167523692e+00
1.660997792439593335e+00
1.627492170407896177e+00
1.593598720952183134e+00
1.559328123117460052e+00
1.524691138835655879e+00
1.489698609631278092e+00
1.454361453312069896e+00
1.418690660645687496e+00
1.382697292023314262e+00
1.346392474111285598e+00
1.309787396491654432e+00
1.272893308292699421e+00
1.235721514810429245e+00
1.198283374121965839e+00
1.160590293691922792e+00
1.122653726972675070e+00
1.084485169999549026e+00
1.046096157981962982e+00
1.007498261891415225e+00
9.687030850474191990e-01
9.297222597022821722e-01
8.905674436257468018e-01
8.512503166905167618e-01
8.117825774595542887e-01
7.721759397762431032e-01
7.324421293582649151e-01
6.925928803962886349e-01
6.526399321583337132e-01
6.125950256008109163e-01
5.724698999872452898e-01
5.322762895155283003e-01
4.920259199547719620e-01
4.517305052926119391e-01
4.114017443939341212e-01
3.710513176720002249e-01
3.306908837728034234e-01
2.903320762736905092e-01
2.499865003970705435e-01
2.096657297401558206e-01
1.693813030216809179e-01
1.291447208463909202e-01
8.896744248831087165e-02
4.886088269357419245e-02
8.836408503720888374e-03
-3.109466389962162181e-02
-7.092107232793019855e-02
-1.106316116958715734e-01
-1.502151371075498565e-01
-1.896605669180415898e-01
-2.289568857693570214e-01
-2.680931476001183755e-01
-3.070584786280292633e-01
-3.458420803044436331e-01
-3.844332322402128632e-01
-4.228212951019954535e-01
-4.609957134783686516e-01
-4.989460187148705428e-01
-5.366618317173291741e-01
-5.741328657227124932e-01
-6.113489290367343232e-01
-6.482999277376133573e-01
-6.849758683451634411e-01
-7.213668604546560337e-01
-7.574631193346619273e-01
-7.932549684883059005e-01
-8.287328421772512943e-01
-8.638872879077341693e-01
-8.987089688781200181e-01
-9.331886663872619447e-01
-9.673172822031472773e-01
-1.001085840891216661e+00
-1.034485492101741455e+00
-1.067507512815791593e+00
-1.100143309549142412e+00
-1.132384420513667500e+00
-1.164222517735676643e+00
-1.195649409130640661e+00
-1.226657040533913445e+00
-1.257237497686860550e+00
-1.287383008178012656e+00
-1.317085943338772269e+00
-1.346338820093186506e+00
-1.375134302761459537e+00
-1.403465204816706668e+00
-1.431324490594600762e+00
-1.458705276955535313e+00
-1.485600834898924250e+00
-1.512004591129285425e+00
-1.537910129573816675e+00
-1.563311192851045028e+00
-1.588201683690368737e+00
-1.612575666302115351e+00
-1.636427367697862900e+00
-1.659751178960792384e+00
-1.682541656465748048e+00
-1.704793523048884651e+00
-1.726501669126590199e+00
-1.747661153763555353e+00
-1.768267205689724841e+00
-1.788315224266053161e+00
-1.807800780398834961e+00
-1.826719617402525309e+00
-1.845067651810857523e+00
-1.862840974136234395e+00
-1.880035849577222473e+00
-1.896648718674134981e+00
-1.912676197912563492e+00
-1.928115080274888982e+00
-1.942962335739684576e+00
-1.957215111729014856e+00
-1.970870733503627958e+00
-1.983926704506017380e+00
-1.996380706651446069e+00
-2.008230600566907498e+00
-2.019474425778118309e+00
-2.030110400844614915e+00
-2.040136923442994910e+00
-2.049552570398467388e+00
-2.058356097664788109e+00
-2.066546440252701178e+00
-2.074122712107077771e+00
-2.081084205932841602e+00
-2.087430392969923165e+00
-2.093160922717382633e+00
-2.098275622606919466e+00
-2.102774497625992556e+00
-2.106657729890754727e+00
-2.109925678169069840e+00
-2.112578877353860740e+00
-2.114618037887052271e+00
-2.116044045134410023e+00
-2.116857958711538146e+00
-2.117061011761397715e+00
-2.116654610183626772e+00
-2.115640331816012853e+00
-2.114019925568479064e+00
-2.111795310509933188e+00
-2.108968574908358207e+00
-2.105541975224536788e+00
-2.101517935059804110e+00
-2.096899044058254891e+00
-2.091688056763802095e+00
-2.085887891432567365e+00
-2.079501628800996649e+00
-2.072532510810227713e+00
-2.064983939287102110e+00
-2.056859474582398484e+00
-2.048162834166675328e+00
-2.038897891184340505e+00
-2.029068672966362286e+00
-2.018679359502222770e+00
-2.007734281871601301e+00
-1.996237920636381613e+00
-1.984194904193489428e+00
-1.971610007089172667e+00
-1.958488148295264297e+00
-1.944834389448073075e+00
-1.930653933050391791e+00
-1.915952120637367084e+00
-1.900734430906723338e+00
-1.885006477814046066e+00
-1.868774008633691919e+00
-1.852042901986024503e+00
-1.834819165831613752e+00
-1.817108935432967698e+00
-1.798918471284620901e+00
-1.780254157012100213e+00
-1.761122497240540374e+00
-1.741530115433569392e+00
-1.721483751703257292e+00
-1.700990260591661141e+00
-1.680056608824881392e+00
-1.658689873040132268e+00
-1.636897237486746981e+00
-1.614685991701624079e+00
-1.592063528160069463e+00
-1.569037339902587647e+00
-1.545615018138469354e+00
-1.521804249826855138e+00
-1.497612815236102568e+00
-1.473048585482116257e+00
-1.448119520046478259e+00
-1.422833664275069632e+00
-1.397199146858074670e+00
-1.371224177291922475e+00
-1.344917043324199923e+00
-1.318286108382092481e+00
-1.291339808985263682e+00
-1.264086652143872946e+00
-1.236535212742613687e+00
-1.208694130911440512e+00
-1.180572109383864809e+00
-1.152177910843537045e+00
-1.123520355260034354e+00
-1.094608317214414539e+00
-1.065450723215616957e+00
-1.036056549008262495e+00
-1.006434816872792570e+00
-9.765945929186510277e-01
-9.465449843714114353e-01
-9.162951368545200204e-01
-8.858542316665447558e-01
-8.552314830546466906e-01
-8.244361354852093315e-01
-7.934774609121608702e-01
-7.623647560441035864e-01
-7.311073396107300448e-01
-6.997145496296027778e-01
-6.681957406737691896e-01
-6.365602811413242357e-01
-6.048175505274383523e-01
-5.729769366997792268e-01
-5.410478331780095296e-01
-5.090396364182869782e-01
-4.769617431032613930e-01
-4.448235474386767474e-01
-4.126344384570208024e-01
-3.804037973292713204e-01
-3.481409946851732329e-01
-3.158553879431424960e-01
-2.835563186502592092e-01
-2.512531098332525525e-01
-2.189550633611141994e-01
-1.866714573202282734e-01
-1.544115434024661559e-01
-1.221845443073093507e-01
-8.999965115839200780e-02
-5.786602093546619474e-02
-2.579277392216974829e-02
6.211008829363262596e-03
3.813628801663866696e-02
6.997406858684462883e-02
1.017154022182194389e-01
1.333513897819241789e-01
1.648731837840281267e-01
1.962719907866163349e-01
2.275390738076890351e-01
2.586657546989250545e-01
2.896434165009917905e-01
3.204635057754452454e-01
3.511175349128721201e-01
3.815970844165195719e-01
4.118938051609014606e-01
4.419994206246474211e-01
4.719057290972739072e-01
5.016046058589807011e-01
5.310880053332162065e-01
5.603479632111773023e-01
5.893765985480043934e-01
6.181661158298153991e-01
6.467088070113107268e-01
6.749970535232900914e-01
7.030233282496552993e-01
7.307801974733098005e-01
7.582603227905831966e-01
7.854564629936204856e-01
8.123614759203346969e-01
8.389683202713480448e-01
8.652700573937053274e-01
8.912598530306429234e-01
9.169309790372245361e-01
9.422768150613062277e-01
9.672908501894913469e-01
9.919666845576127212e-01
1.016298030925459006e+00
1.040278716215306209e+00
1.063902683013948858e+00
1.087163991037786825e+00
1.110056818560829273e+00
1.132575463805052030e+00
1.154714346292991634e+00
1.176468008162179890e+00
1.197831115441178484e+00
1.218798459286875246e+00
1.239364957182866656e+00
1.259525654098602399e+00
1.279275723609113458e+00
1.298610468974988885e+00
1.317525324182570623e+00
1.336015854943943371e+00
1.354077759656724389e+00
1.371706870323296634e+00
1.388899153429515421e+00
1.405650710782522017e+00
1.421957780307686825e+00
1.437816736804464535e+00
1.453224092661085765e+00
1.468176498527909990e+00
1.482670743949469960e+00
1.496703757954968905e+00
1.510272609607304251e+00
1.523374508510446201e+00
1.536006805275204501e+00
1.548166991943318527e+00
1.559852702369808775e+00
1.571061712563688761e+00
1.581791940986895906e+00
1.592041448811591930e+00
1.601808440135737754e+00
1.611091262157106518e+00
1.619888405305651036e+00
1.628198503334396641e+00
1.636020333368870761e+00
1.643352815915192000e+00
1.650195014826856710e+00
1.656546137230428206e+00
1.662405533410141079e+00
1.667772696651637299e+00
1.672647263044912069e+00
1.677029011246695012e+00
1.680917862202353952e+00
1.684313878827552902e+00
1.687217265649838760e+00
1.689628368410349024e+00
1.691547673625845238e+00
1.692975808111322422e+00
1.693913538463387436e+00
1.694361770504679621e+00
1.694321548689567525e+00
1.693794055471400606e+00
1.692780610631574811e+00
1.691282670570711577e+00
1.689301827562233127e+00
1.686839808968644494e+00
1.683898476420836898e+00
1.680479824960736224e+00
1.676585982147631215e+00
1.672219207128522234e+00
1.667381889672858497e+00
1.662076549171998874e+00
1.656305833603803013e+00
1.650072518462703197e+00
1.643379505655669481e+00
1.636229822364453801e+00
1.628626619874537163e+00
1.620573172371162052e+00
1.612072875702933228e+00
1.603129246113347728e+00
1.593745918940776329e+00
1.583926647287256628e+00
1.573675300656651066e+00
1.562995863562547161e+00
1.551892434106438845e+00
1.540369222526620563e+00
1.528430549718330811e+00
1.516080845725587434e+00
1.503324648205259573e+00
1.490166600863844337e+00
1.476611451867531732e+00
1.462664052225963740e+00
1.448329354150354575e+00
1.433612409386390674e+00
1.418518367522519696e+00
1.403052474274126604e+00
1.387220069744206530e+00
1.371026586661026059e+00
1.354477548593381098e+00
1.337578568143986013e+00
1.320335345121627313e+00
1.302753664692541280e+00
1.284839395511744753e+00
1.266598487834780018e+00
1.248036971610539725e+00
1.229160954555715168e+00
1.209976620211527853e+00
1.190490225983272143e+00
1.170708101163334902e+00
1.150636644938243913e+00
1.130282324380456282e+00
1.109651672425332691e+00
1.088751285834121285e+00
1.067587823143371972e+00
1.046168002601592484e+00
1.024498600093561418e+00
1.002586447053147589e+00
9.804384283650821041e-01
9.580614802564193511e-01
9.354625881782469010e-01
9.126487846783948310e-01
8.896271472655734591e-01
8.664047962658247837e-01
8.429888926716916364e-01
8.193866359849485415e-01
7.956052620533006214e-01
7.716520409019375082e-01
7.475342745603753558e-01
7.232592948853338033e-01
6.988344613802209837e-01
6.742671590119708736e-01
6.495647960256640818e-01
6.247348017578233659e-01
5.997846244487717859e-01
5.747217290549080371e-01
5.495535950612890908e-01
5.242877142953997760e-01
4.989315887425349594e-01
4.734927283635304018e-01
4.479786489153942952e-01
4.223968697755809965e-01
3.967549117703053074e-01
3.710602950077865891e-01
3.453205367167708761e-01
3.195431490911859185e-01
2.937356371412681022e-01
2.679054965520437648e-01
2.420602115495363860e-01
2.162072527754275164e-01
1.903540751706782885e-01
1.645081158688284084e-01
1.386767920993325631e-01
1.128674991017877272e-01
8.708760805136821215e-02
6.134446399627244140e-02
3.564538380749102120e-02
9.997654141728887223e-03
-1.559147058218578186e-02
-4.111477019272923028e-02
-6.656506076047014053e-02
-9.193519657762844188e-02
-1.172180721218627625e-01
-1.424066240038987241e-01
-1.674938328982395475e-01
-1.924727254566602208e-01
-2.173363762038521552e-01
-2.420779094147889610e-01
-2.666905009731989074e-01
-2.911673802108671882e-01
-3.155018317270198436e-01
-3.396871971875621288e-01
-3.637168771034766657e-01
-3.875843325881639934e-01
-4.112830870930119787e-01
-4.348067281209534451e-01
-4.581489089174576868e-01
-4.813033501385918234e-01
-5.042638414956149839e-01
-5.270242433758882683e-01
-5.495784884394432357e-01
-5.719205831910412208e-01
-5.940446095271150195e-01
-6.159447262574428983e-01
-6.376151706009315356e-01
-6.590502596553333703e-01
-6.802443918404332823e-01
-7.011920483144084004e-01
-7.218877943629519178e-01
-7.423262807609074532e-01
-7.625022451060280426e-01
-7.824105131245886469e-01
-8.020459999484540470e-01
-8.214037113634722331e-01
-8.404787450286945738e-01
-8.592662916663110773e-01
-8.777616362219401447e-01
-8.959601589950505485e-01
-9.138573367392123226e-01
-9.314487437319988183e-01
-9.487300528142555978e-01
-9.656970363985437622e-01
-9.823455674464739440e-01
-9.986716204148592402e-01
-1.014671272170320604e+00
-1.030340702872293734e+00
-1.045676196824187665e+00
-1.060674143292561045e+00
-1.075331037294116721e+00
-1.089643480350414251e+00
-1.103608181210127492e+00
-1.117221956538742678e+00
-1.130481731575513793e+00
-1.143384540757688583e+00
-1.155927528311750496e+00
-1.168107948811725194e+00
-1.179923167704346243e+00
-1.191370661801141262e+00
-1.202448019737238250e+00
-1.213152942396944267e+00
-1.223483243306005885e+00
-1.233436848990534740e+00
-1.243011799302542020e+00
-1.252206247712141396e+00
-1.261018461566319804e+00
-1.269446822314372225e+00
-1.277489825699937187e+00
-1.285146081919738670e+00
-1.292414315748982911e+00
-1.299293366633522906e+00
-1.305782188748810801e+00
-1.311879851025706367e+00
-1.317585537143204366e+00
-1.322898545488199851e+00
-1.327818289082320247e+00
-1.332344295475986318e+00
-1.336476206609761075e+00
-1.340213778643148279e+00
-1.343556881750930465e+00
-1.346505499887202806e+00
-1.349059730517249589e+00
-1.351219784317407635e+00
-1.352985984843080747e+00
-1.354358768165090376e+00
-1.355338682474524159e+00
-1.355926387656287480e+00
-1.356122654831539265e+00
-1.355928365869239816e+00
-1.355344512867004969e+00
-1.354372197601497740e+00
-1.353012630948593475e+00
-1.351267132273549665e+00
-1.349137128791429996e+00
-1.346624154898039993e+00
-1.343729851471637815e+00
-1.340455965145683992e+00
-1.336804347552924543e+00
-1.332776954541069037e+00
-1.328375845360385554e+00
-1.323603181823489683e+00
-1.318461227437653482e+00
-1.312952346509930646e+00
-1.307079003225448677e+00
-1.300843760699163854e+00
-1.294249280001447566e+00
-1.287298319157812676e+00
-1.279993732123177130e+00
-1.272338467730956602e+00
-1.264335568617419581e+00
-1.255988170121614456e+00
-1.247299499161279579e+00
-1.238272873085097814e+00
-1.228911698501701899e+00
-1.219219470085797008e+00
-1.209199769361827270e+00
-1.198856263465556182e+00
-1.188192703884024093e+00
-1.177212925174214275e+00
-1.165920843660944728e+00
-1.154320456114325877e+00
-1.142415838407269124e+00
-1.130211144153439706e+00
-1.117710603326141916e+00
-1.104918520858520825e+00
-1.091839275225577222e+00
-1.078477317008404546e+00
-1.064837167441175403e+00
-1.050923416941215605e+00
-1.036740723622760596e+00
-1.022293811794785068e+00
-1.007587470443380706e+00
-9.926265516991804594e-01
-9.774159692902750773e-01
-9.619606969811667074e-01
-9.462657669981188180e-01
-9.303362684415417139e-01
-9.141773456857736901e-01
-8.977941967668218171e-01
-8.811920717585127738e-01
-8.643762711375970742e-01
-8.473521441382451114e-01
-8.301250870964824724e-01
-8.127005417850159397e-01
-7.950839937390443701e-01
-7.772809705734013974e-01
-7.592970402917198491e-01
-7.411378095879707084e-01
-7.228089221409754739e-01
-7.043160569023385609e-01
-6.856649263783820558e-01
-6.668612749065030432e-01
-6.479108769265359280e-01
-6.288195352475663968e-01
-6.095930793108058632e-01
-5.902373634488695675e-01
-5.707582651421707620e-01
-5.511616832727492810e-01
-5.314535363762163955e-01
-5.116397608921329221e-01
-4.917263094135317925e-01
-4.717191489359267020e-01
-4.516242591064020817e-01
-4.314476304732328127e-01
-4.111952627366310398e-01
-3.908731630009493752e-01
-3.704873440290510356e-01
-3.500438224991470060e-01
-3.295486172647763556e-01
-3.090077476182232497e-01
-2.884272315580752033e-01
-2.678130840612396035e-01
-2.471713153600006430e-01
-2.265079292245413545e-01
-2.058289212515103106e-01
-1.851402771589342189e-01
-1.644479710881716072e-01
-1.437579639131719156e-01
-1.230762015576982588e-01
-1.024086133207734312e-01
-8.176111021102881737e-02
-6.113958329023884419e-02
-4.054990202659362886e-02
-1.999791265810088592e-02
5.105634333390368651e-04
2.096973133691736046e-02
4.137382421630415169e-02
6.171710490121104509e-02
8.199386746651075863e-02
1.021984387986953208e-01
1.223251801490339019e-01
1.423684886731914623e-01
1.623227989567982144e-01
1.821825845266258348e-01
2.019423593468722966e-01
2.215966793003328605e-01
2.411401436538546661e-01
2.605673965078892929e-01
2.798731282295850442e-01
2.990520768692413456e-01
3.180990295595493289e-01
3.370088238974253692e-01
3.557763493079884043e-01
3.743965483903822222e-01
3.928644182450369282e-01
4.111750117821120765e-01
4.293234390107252274e-01
4.473048683086929267e-01
4.651145276723769872e-01
4.827477059464811981e-01
5.001997540333020797e-01
5.174660860812902996e-01
5.345421806525452180e-01
5.514235818690031987e-01
5.681059005369840653e-01
5.845848152498970274e-01
6.008560734687824478e-01
6.169154925804787304e-01
6.327589609330828146e-01
6.483824388486025825e-01
6.637819596123941679e-01
6.789536304392932431e-01
6.938936334161404096e-01
7.085982264205323844e-01
7.230637440155357476e-01
7.372865983202293583e-01
7.512632798558341873e-01
7.649903583672806873e-01
7.784644836199741125e-01
7.916823861717037225e-01
8.046408781193866711e-01
8.173368538206294831e-01
8.297672905898384466e-01
8.419292493688675938e-01
8.538198753719383749e-01
8.654363987048133700e-01
8.767761349580520669e-01
8.878364857742675476e-01
8.986149393892346460e-01
9.091090711468531316e-01
9.193165439877585277e-01
9.292351089116120955e-01
9.388626054129082243e-01
9.481969618903355324e-01
9.572361960295316941e-01
9.659784151592677448e-01
9.744218165809849230e-01
9.825646878716681742e-01
9.904054071600004727e-01
9.979424433758508073e-01
1.005174356473002240e+00
1.012099797625197528e+00
1.018717509395443033e+00
1.025026325878656497e+00
1.031025172817609414e+00
1.036713067692247803e+00
1.042089119782408257e+00
1.047152530203975251e+00
1.051902591918537633e+00
1.056338689716593393e+00
1.060460300174400627e+00
1.064266991584508437e+00
1.067758423860082795e+00
1.070934348413108861e+00
1.073794608006563456e+00
1.076339136580656941e+00
1.078567959053282177e+00
1.080481191094756044e+00
1.082079038877005406e+00
1.083361798797313647e+00
1.084329857176789647e+00
1.084983689933679329e+00
1.085323862231692971e+00
1.085351028103509030e+00
1.085065930049610827e+00
1.084469398612637692e+00
1.083562351927438216e+00
1.082345795246997033e+00
1.080820820444446717e+00
1.078988605491351782e+00
1.076850413912479265e+00
1.074407594217268391e+00
1.071661579308214485e+00
1.068613885866400492e+00
1.065266113714393503e+00
1.061619945156768052e+00
1.057677144298465155e+00
1.053439556341275285e+00
1.048909106858662010e+00
1.044087801049226050e+00
1.038977722969030237e+00
1.033581034743104032e+00
1.027899975756367823e+00
1.021936861824279674e+00
1.015694084343477410e+00
1.009174109422731114e+00
1.002379476994468721e+00
9.953127999072134413e-01
9.879767629992045608e-01
9.803741221535579031e-01
9.725077033352198530e-01
9.643804016101055199e-01
9.559951801466877175e-01
9.473550692004023555e-01
9.384631650811801062e-01
9.293226291044673903e-01
9.199366865260494297e-01
9.103086254610434080e-01
9.004417957873883660e-01
8.903396080342278474e-01
8.800055322554638515e-01
8.694430968889363953e-01
8.586558876015134567e-01
8.476475461205011941e-01
8.364217690517155024e-01
8.249823066846264652e-01
8.133329617848983339e-01
8.014775883747471408e-01
7.894200905014583380e-01
7.771644209945072213e-01
7.647145802115659086e-01
7.520746147739065801e-01
7.392486162914765346e-01
7.262407200781426653e-01
7.130551038573769151e-01
6.996959864589135103e-01
6.861676265066583014e-01
6.724743210983235020e-01
6.586204044771332144e-01
6.446102466960774713e-01
6.304482522749974560e-01
6.161388588510465780e-01
6.016865358228002947e-01
5.870957829885409263e-01
5.723711291789899125e-01
5.575171308850359608e-01
5.425383708807514083e-01
5.274394568421704177e-01
5.122250199621921629e-01
4.968997135620895067e-01
4.814682116999042250e-01
4.659352077762922706e-01
4.503054131380810343e-01
4.345835556800786703e-01
4.187743784453943352e-01
4.028826382248350546e-01
3.869131041556532757e-01
3.708705563201278865e-01
3.547597843443290322e-01
3.385855859975532844e-01
3.223527657926884560e-01
3.060661335880802136e-01
2.897305031911417972e-01
2.733506909642445803e-01
2.569315144331323908e-01
2.404777908984184753e-01
2.239943360504224601e-01
2.074859625878149039e-01
1.909574788404090617e-01
1.744136873965666523e-01
1.578593837354581586e-01
1.412993548647369924e-01
1.247383779638406021e-01
1.081812190334457136e-01
9.163263155128793802e-02
7.509735513489088077e-02
5.858011421143359543e-02
4.208561669519955695e-02
2.561855267292494076e-02
9.183593097461417720e-03
-7.214611509960777713e-03
-2.357143234846065943e-02
-3.988226361692179256e-02
-5.614252378366985791e-02
-7.234765684621084769e-02
-8.849313358052113276e-02
-1.045744527796941825e-01
-1.205871424815359583e-01
-1.365267611848244855e-01
-1.523888990538596611e-01
-1.681691791110495049e-01
-1.838632584171664419e-01
-1.994668292390069653e-01
-2.149756202040714603e-01
-2.303853974421003481e-01
-2.456919657130040013e-01
-2.608911695210255899e-01
-2.759788942147984869e-01
-2.909510670729845705e-01
-3.058036583753007687e-01
-3.205326824585424950e-01
-3.351341987574847914e-01
-3.496043128302371850e-01
-3.639391773679231390e-01
-3.781349931883611903e-01
-3.921880102135361090e-01
-4.060945284305756964e-01
-4.198508988360492578e-01
-4.334535243633148016e-01
-4.468988607927218415e-01
-4.601834176443869717e-01
-4.733037590534405203e-01
-4.862565046273970570e-01
-4.990383302855561642e-01
-5.116459690801762328e-01
-5.240762119992602441e-01
-5.363259087507254996e-01
-5.483919685278307865e-01
-5.602713607556405462e-01
-5.719611158183929289e-01
-5.834583257675489687e-01
-5.947601450104681442e-01
-6.058637909794356569e-01
-6.167665447809944634e-01
-6.274657518253904387e-01
-6.379588224360234205e-01
-6.482432324387448208e-01
-6.583165237309203111e-01
-6.681763048301144758e-01
-6.778202514023063951e-01
-6.872461067694950465e-01
-6.964516823966759862e-01
-7.054348583579979071e-01
-7.141935837821085098e-01
-7.227258772765299266e-01
-7.310298273310756878e-01
-7.391035927001602390e-01
-7.469454027640000104e-01
-7.545535578686312084e-01
-7.619264296447022522e-01
-7.690624613049765745e-01
-7.759601679205694325e-01
-7.826181366758139246e-01
-7.890350271018026218e-01
-7.952095712885313139e-01
-8.011405740756970539e-01
-8.068269132220771134e-01
-8.122675395535512433e-01
-8.174614770897410398e-01
-8.224078231492996105e-01
-8.271057484338453225e-01
-8.315544970906176836e-01
-8.357533867538248229e-01
-8.397018085647754981e-01
-8.433992271708011801e-01
-8.468451807030590306e-01
-8.500392807332264322e-01
-8.529812122091900983e-01
-8.556707333697793905e-01
-8.581076756386208926e-01
-8.602919434971906254e-01
-8.622235143371701493e-01
-8.639024382921679512e-01
-8.653288380489314591e-01
-8.665029086381345058e-01
-8.674249172048621448e-01
-8.680952027588999531e-01
-8.685141759049488375e-01
-8.686823185528945723e-01
-8.686001836082604122e-01
-8.682683946429796684e-01
-8.676876455466286941e-01
-8.668587001582755969e-01
-8.657823918790809037e-01
-8.644596232658271484e-01
-8.628913656055227088e-01
-8.610786584712605274e-01
-8.590226092594954732e-01
-8.567243927089263078e-01
-8.541852504011525626e-01
-8.514064902433098325e-01
-8.483894859328603433e-01
-8.451356764047469605e-01
-8.416465652611001547e-01
-8.379237201837215210e-01
-8.339687723295287070e-01
-8.297834157092069951e-01
-8.253694065492577225e-01
-8.207285626376883414e-01
-8.158627626535523980e-01
-8.107739454805978907e-01
-8.054641095052269550e-01
-7.999353118990332190e-01
-7.941896678861385395e-01
-7.882293499956086746e-01
-7.820565872991447343e-01
-7.756736646343721509e-01
-7.690829218139245693e-01
-7.622867528206268561e-01
-7.552876049890098198e-01
-7.480879781734606215e-01
-7.406904239032386927e-01
-7.330975445246715738e-01
-7.253119923307692618e-01
-7.173364686785882460e-01
-7.091737230945580617e-01
-7.008265523681359577e-01
-6.922977996340065054e-01
-6.835903534431847506e-01
-6.747071468232384017e-01
-6.656511563280119725e-01
-6.564254010770813608e-01
-6.470329417852802578e-01
-6.374768797825723921e-01
-6.277603560246227676e-01
-6.178865500942948286e-01
-6.078586791944796675e-01
-5.976799971324742167e-01
-5.873537932963114327e-01
-5.768833916232529724e-01
-5.662721495608724620e-01
-5.555234570209522937e-01
-5.446407353265685369e-01
-5.336274361526478494e-01
-5.224870404603582097e-01
-5.112230574256079185e-01
-4.998390233619987577e-01
-4.883385006385742577e-01
-4.767250765926445699e-01
-4.650023624380504317e-01
-4.531739921691574358e-01
-4.412436214609656293e-01
-4.292149265655568202e-01
-4.170916032053327283e-01
-4.048773654632514818e-01
-3.925759446704968902e-01
-3.801910882917880485e-01
-3.677265588087835768e-01
-3.551861326018018739e-01
-3.425735988302421320e-01
-3.298927583119947715e-01
-3.171474224022267085e-01
-3.043414118717582273e-01
-2.914785557854866482e-01
-2.785626903810572430e-01
-2.655976579482146049e-01
-2.525873057090337603e-01
-2.395354846994784959e-01
-2.264460486525060601e-01
-2.133228528830886095e-01
-2.001697531754351722e-01
-1.869906046727883020e-01
-1.737892607699996206e-01
-1.605695720093335555e-01
-1.473353849796768533e-01
-1.340905412195868840e-01
-1.208388761243482101e-01
-1.075842178574872715e-01
-9.433038626693031337e-02
-8.108119180617234800e-02
-6.784043446071411076e-02
-5.461190268012821453e-02
-4.139937231593451838e-02
-2.820660556571710775e-02
-1.503734992363875422e-02
-1.895337137762145852e-03
1.121571782567312714e-02
2.429211781059323338e-02
3.733018449188985066e-02
5.032625938833662493e-02
6.327670486738824762e-02
7.617790514153079118e-02
8.902626725602788560e-02
1.018182220676602245e-01
1.145502252143300731e-01
1.272187580751529545e-01
1.398203287209144330e-01
1.523514728545025398e-01
1.648087547411813125e-01
1.771887681283990934e-01
1.894881371549283489e-01
2.017035172490561357e-01
2.138315960156491058e-01
2.258690941118201567e-01
2.378127661110062407e-01
2.496594013551787505e-01
2.614058247950732383e-01
2.730488978180990456e-01
2.845855190638232335e-01
2.960126252267675229e-01
3.073271918463483243e-01
3.185262340837257122e-01
3.296068074854169860e-01
3.405660087334492769e-01
3.514009763818967680e-01
3.621088915795714347e-01
3.726869787787872035e-01
3.831325064299078709e-01
3.934427876616263253e-01
4.036151809467100060e-01
4.136470907531666352e-01
4.235359681805618837e-01
4.332793115814360663e-01
4.428746671676199176e-01
4.523196296013486384e-01
4.616118425709861972e-01
4.707489993513228610e-01
4.797288433482073677e-01
4.885491686275026391e-01
4.972078204281554781e-01
5.057026956593689837e-01
5.140317433816685710e-01
5.221929652718482195e-01
5.301844160716531196e-01
5.380042040201322706e-01
5.456504912695419041e-01
5.531214942847858529e-01
5.604154842262315528e-01
5.675307873159096683e-01
5.744657851869660048e-01
5.812189152163751427e-01
5.877886708407816796e-01
5.941736018554923948e-01
6.003723146965148638e-01
6.063834727056435225e-01
6.122057963785373369e-01
6.178380635957585465e-01
6.232791098367556071e-01
6.285278283767627983e-01
6.335831704666052833e-01
6.384441454953909689e-01
6.431098211360952721e-01
6.475793234740354620e-01
6.518518371182162596e-01
6.559266052955949888e-01
6.598029299282506255e-01
6.634801716934819460e-01
6.669577500668688597e-01
6.702351433483066945e-01
6.733118886710646178e-01
6.761875819939052734e-01
6.788618780762768479e-01
6.813344904366881449e-01
6.836051912942481268e-01
6.856738114934791684e-01
6.875402404124415501e-01
6.892044258542404656e-01
6.906663739219918163e-01
6.919261488773077451e-01
6.929838729824057131e-01
6.938397263259032943e-01
6.944939466323966082e-01
6.949468290559214223e-01
6.951987259573871869e-01
6.952500466660882505e-01
6.951012572254025024e-01
6.947528801227833561e-01
6.942054940041639810e-01
6.934597333728929058e-01
6.925162882733232328e-01
6.913759039591842459e-01
6.900393805468666431e-01
6.885075726537615015e-01
6.867813890217805417e-01
6.848617921262194486e-01
6.827497977700979215e-01
6.804464746641322170e-01
6.779529439924946166e-01
6.752703789645305710e-01
6.724000043525636405e-01
6.693430960160017262e-01
6.661009804118700472e-01
6.626750340919725923e-01
6.590666831868460251e-01
6.552774028766910064e-01
6.513087168494609003e-01
6.471621967462983793e-01
6.428394615945005608e-01
6.383421772282353857e-01
6.336720556971439100e-01
6.288308546631068419e-01
6.238203767853106596e-01
6.186424690938541193e-01
6.132990223520926598e-01
6.077919704079289831e-01
6.021232895342680802e-01
5.962949977588517525e-01
5.903091541836732459e-01
5.841678582942462228e-01
5.778732492588574132e-01
5.714275052181391201e-01
5.648328425650998019e-01
5.580915152158907322e-01
5.512058138715222322e-01
5.441780652707733923e-01
5.370106314345221010e-01
5.297059089017431832e-01
5.222663279573912520e-01
5.146943518524721428e-01
5.069924760164302713e-01
4.991632272622411604e-01
4.912091629843333696e-01
4.831328703496553523e-01
4.749369654821151698e-01
4.666240926406441947e-01
4.581969233911386552e-01
4.496581557725350398e-01
4.410105134572495644e-01
4.322567449063108302e-01
4.233996225193003005e-01
4.144419417795343619e-01
4.053865203945959950e-01
3.962361974325575575e-01
3.869938324541252195e-01
3.776623046409696149e-01
3.682445119205012274e-01
3.587433700873570164e-01
3.491618119218284355e-01
3.395027863055797290e-01
3.297692573347576483e-01
3.199642034309477800e-01
3.100906164500779605e-01
3.001515007896197740e-01
2.901498724943141760e-01
2.800887583606946341e-01
2.699711950406619154e-01
2.598002281443776984e-01
2.495789113427067940e-01
2.393103054695588650e-01
2.289974776242170440e-01
2.186435002741208833e-01
2.082514503581891774e-01
1.978244083910301043e-01
1.873654575682677792e-01
1.768776828732400164e-01
1.663641701853295352e-01
1.558280053901476003e-01
1.452722734919148218e-01
1.347000577281396438e-01
1.241144386869716815e-01
1.135184934274454382e-01
1.029152946028358412e-01
9.230790958733742224e-02
8.169939960644392873e-02
7.109281887108911957e-02
6.049121371597302593e-02
4.989762174213079049e-02
3.931507096411387958e-02
2.874657896198600654e-02
1.819515203833996925e-02
7.663784380535478002e-03
-2.844542771486706367e-03
-1.332686195173709773e-02
-2.378022028874022739e-02
-3.420168031993686686e-02
