0.000000000000000000e+00
2.000000000000000042e-03
4.000000000000000083e-03
6.000000000000000125e-03
8.000000000000000167e-03
1.000000000000000021e-02
1.200000000000000025e-02
1.400000000000000029e-02
1.600000000000000033e-02
1.800000000000000211e-02
2.000000000000000042e-02
2.199999999999999872e-02
2.400000000000000050e-02
2.600000000000000228e-02
2.800000000000000058e-02
2.999999999999999889e-02
3.200000000000000067e-02
3.400000000000000244e-02
3.600000000000000422e-02
3.799999999999999906e-02
4.000000000000000083e-02
4.200000000000000261e-02
4.399999999999999745e-02
4.599999999999999922e-02
4.800000000000000100e-02
5.000000000000000278e-02
5.200000000000000455e-02
5.399999999999999939e-02
5.600000000000000117e-02
5.800000000000000294e-02
5.999999999999999778e-02
6.199999999999999956e-02
6.400000000000000133e-02
6.600000000000000311e-02
6.800000000000000488e-02
7.000000000000000666e-02
7.200000000000000844e-02
7.399999999999999634e-02
7.599999999999999811e-02
7.799999999999999989e-02
8.000000000000000167e-02
8.200000000000000344e-02
8.400000000000000522e-02
8.600000000000000699e-02
8.799999999999999489e-02
8.999999999999999667e-02
9.199999999999999845e-02
9.400000000000000022e-02
9.600000000000000200e-02
9.800000000000000377e-02
1.000000000000000056e-01
1.020000000000000073e-01
1.040000000000000091e-01
1.059999999999999970e-01
1.079999999999999988e-01
1.100000000000000006e-01
1.120000000000000023e-01
1.140000000000000041e-01
1.160000000000000059e-01
1.180000000000000077e-01
1.199999999999999956e-01
1.219999999999999973e-01
1.239999999999999991e-01
1.260000000000000009e-01
1.280000000000000027e-01
1.300000000000000044e-01
1.320000000000000062e-01
1.340000000000000080e-01
1.360000000000000098e-01
1.380000000000000115e-01
1.400000000000000133e-01
1.420000000000000151e-01
1.440000000000000169e-01
1.459999999999999909e-01
1.479999999999999927e-01
1.499999999999999944e-01
1.519999999999999962e-01
1.539999999999999980e-01
1.559999999999999998e-01
1.580000000000000016e-01
1.600000000000000033e-01
1.620000000000000051e-01
1.640000000000000069e-01
1.660000000000000087e-01
1.680000000000000104e-01
1.700000000000000122e-01
1.720000000000000140e-01
1.740000000000000158e-01
1.759999999999999898e-01
1.779999999999999916e-01
1.799999999999999933e-01
1.819999999999999951e-01
1.839999999999999969e-01
1.859999999999999987e-01
1.880000000000000004e-01
1.900000000000000022e-01
1.920000000000000040e-01
1.940000000000000058e-01
1.960000000000000075e-01
1.980000000000000093e-01
2.000000000000000111e-01
2.020000000000000129e-01
2.040000000000000147e-01
2.060000000000000164e-01
2.080000000000000182e-01
2.099999999999999922e-01
2.119999999999999940e-01
2.139999999999999958e-01
2.159999999999999976e-01
2.179999999999999993e-01
2.200000000000000011e-01
2.220000000000000029e-01
2.240000000000000047e-01
2.260000000000000064e-01
2.280000000000000082e-01
2.300000000000000100e-01
2.320000000000000118e-01
2.340000000000000135e-01
2.360000000000000153e-01
2.380000000000000171e-01
2.399999999999999911e-01
2.419999999999999929e-01
2.439999999999999947e-01
2.459999999999999964e-01
2.479999999999999982e-01
2.500000000000000000e-01
2.520000000000000018e-01
2.540000000000000036e-01
2.560000000000000053e-01
2.580000000000000071e-01
2.600000000000000089e-01
2.620000000000000107e-01
2.640000000000000124e-01
2.660000000000000142e-01
2.680000000000000160e-01
2.700000000000000178e-01
2.720000000000000195e-01
2.740000000000000213e-01
2.760000000000000231e-01
2.780000000000000249e-01
2.800000000000000266e-01
2.820000000000000284e-01
2.840000000000000302e-01
2.860000000000000320e-01
2.880000000000000338e-01
2.899999999999999800e-01
2.919999999999999818e-01
2.939999999999999836e-01
2.959999999999999853e-01
2.979999999999999871e-01
2.999999999999999889e-01
3.019999999999999907e-01
3.039999999999999925e-01
3.059999999999999942e-01
3.079999999999999960e-01
3.099999999999999978e-01
3.119999999999999996e-01
3.140000000000000013e-01
3.160000000000000031e-01
3.180000000000000049e-01
3.200000000000000067e-01
3.220000000000000084e-01
3.240000000000000102e-01
3.260000000000000120e-01
3.280000000000000138e-01
3.300000000000000155e-01
3.320000000000000173e-01
3.340000000000000191e-01
3.360000000000000209e-01
3.380000000000000226e-01
3.400000000000000244e-01
3.420000000000000262e-01
3.440000000000000280e-01
3.460000000000000298e-01
3.480000000000000315e-01
3.500000000000000333e-01
3.519999999999999796e-01
3.539999999999999813e-01
3.559999999999999831e-01
3.579999999999999849e-01
3.599999999999999867e-01
3.619999999999999885e-01
3.639999999999999902e-01
3.659999999999999920e-01
3.679999999999999938e-01
3.699999999999999956e-01
3.719999999999999973e-01
3.739999999999999991e-01
3.760000000000000009e-01
3.780000000000000027e-01
3.800000000000000044e-01
3.820000000000000062e-01
3.840000000000000080e-01
3.860000000000000098e-01
3.880000000000000115e-01
3.900000000000000133e-01
3.920000000000000151e-01
3.940000000000000169e-01
3.960000000000000187e-01
3.980000000000000204e-01
4.000000000000000222e-01
4.020000000000000240e-01
4.040000000000000258e-01
4.060000000000000275e-01
4.080000000000000293e-01
4.100000000000000311e-01
4.120000000000000329e-01
4.140000000000000346e-01
4.160000000000000364e-01
4.179999999999999827e-01
4.199999999999999845e-01
4.219999999999999862e-01
4.239999999999999880e-01
4.259999999999999898e-01
4.279999999999999916e-01
4.299999999999999933e-01
4.319999999999999951e-01
4.339999999999999969e-01
4.359999999999999987e-01
4.380000000000000004e-01
4.400000000000000022e-01
4.420000000000000040e-01
4.440000000000000058e-01
4.460000000000000075e-01
4.480000000000000093e-01
4.500000000000000111e-01
4.520000000000000129e-01
4.540000000000000147e-01
4.560000000000000164e-01
4.580000000000000182e-01
4.600000000000000200e-01
4.620000000000000218e-01
4.640000000000000235e-01
4.660000000000000253e-01
4.680000000000000271e-01
4.700000000000000289e-01
4.720000000000000306e-01
4.740000000000000324e-01
4.760000000000000342e-01
4.780000000000000360e-01
4.799999999999999822e-01
4.819999999999999840e-01
4.839999999999999858e-01
4.859999999999999876e-01
4.879999999999999893e-01
4.899999999999999911e-01
4.919999999999999929e-01
4.939999999999999947e-01
4.959999999999999964e-01
4.979999999999999982e-01
5.000000000000000000e-01
5.020000000000000018e-01
5.040000000000000036e-01
5.060000000000000053e-01
5.080000000000000071e-01
5.100000000000000089e-01
5.120000000000000107e-01
5.140000000000000124e-01
5.160000000000000142e-01
5.180000000000000160e-01
5.200000000000000178e-01
5.220000000000000195e-01
5.240000000000000213e-01
5.260000000000000231e-01
5.280000000000000249e-01
5.300000000000000266e-01
5.320000000000000284e-01
5.340000000000000302e-01
5.360000000000000320e-01
5.380000000000000338e-01
5.400000000000000355e-01
5.420000000000000373e-01
5.440000000000000391e-01
5.460000000000000409e-01
5.480000000000000426e-01
5.500000000000000444e-01
5.520000000000000462e-01
5.540000000000000480e-01
5.560000000000000497e-01
5.580000000000000515e-01
5.600000000000000533e-01
5.620000000000000551e-01
5.640000000000000568e-01
5.660000000000000586e-01
5.680000000000000604e-01
5.700000000000000622e-01
5.720000000000000639e-01
5.740000000000000657e-01
5.760000000000000675e-01
5.780000000000000693e-01
5.800000000000000711e-01
5.820000000000000728e-01
5.840000000000000746e-01
5.860000000000000764e-01
5.880000000000000782e-01
5.900000000000000799e-01
5.920000000000000817e-01
5.940000000000000835e-01
5.959999999999999742e-01
5.979999999999999760e-01
5.999999999999999778e-01
6.019999999999999796e-01
6.039999999999999813e-01
6.059999999999999831e-01
6.079999999999999849e-01
6.099999999999999867e-01
6.119999999999999885e-01
6.139999999999999902e-01
6.159999999999999920e-01
6.179999999999999938e-01
6.199999999999999956e-01
6.219999999999999973e-01
6.239999999999999991e-01
6.260000000000000009e-01
6.280000000000000027e-01
6.300000000000000044e-01
6.320000000000000062e-01
6.340000000000000080e-01
6.360000000000000098e-01
6.380000000000000115e-01
6.400000000000000133e-01
6.420000000000000151e-01
6.440000000000000169e-01
6.460000000000000187e-01
6.480000000000000204e-01
6.500000000000000222e-01
6.520000000000000240e-01
6.540000000000000258e-01
6.560000000000000275e-01
6.580000000000000293e-01
6.600000000000000311e-01
6.620000000000000329e-01
6.640000000000000346e-01
6.660000000000000364e-01
6.680000000000000382e-01
6.700000000000000400e-01
6.720000000000000417e-01
6.740000000000000435e-01
6.760000000000000453e-01
6.780000000000000471e-01
6.800000000000000488e-01
6.820000000000000506e-01
6.840000000000000524e-01
6.860000000000000542e-01
6.880000000000000560e-01
6.899999999999999467e-01
6.919999999999999485e-01
6.939999999999999503e-01
6.959999999999999520e-01
6.979999999999999538e-01
6.999999999999999556e-01
7.019999999999999574e-01
7.039999999999999591e-01
7.059999999999999609e-01
7.079999999999999627e-01
7.099999999999999645e-01
7.119999999999999662e-01
7.139999999999999680e-01
7.159999999999999698e-01
7.179999999999999716e-01
7.199999999999999734e-01
7.219999999999999751e-01
7.239999999999999769e-01
7.259999999999999787e-01
7.279999999999999805e-01
7.299999999999999822e-01
7.319999999999999840e-01
7.339999999999999858e-01
7.359999999999999876e-01
7.379999999999999893e-01
7.399999999999999911e-01
7.419999999999999929e-01
7.439999999999999947e-01
7.459999999999999964e-01
7.479999999999999982e-01
7.500000000000000000e-01
7.520000000000000018e-01
7.540000000000000036e-01
7.560000000000000053e-01
7.580000000000000071e-01
7.600000000000000089e-01
7.620000000000000107e-01
7.640000000000000124e-01
7.660000000000000142e-01
7.680000000000000160e-01
7.700000000000000178e-01
7.720000000000000195e-01
7.740000000000000213e-01
7.760000000000000231e-01
7.780000000000000249e-01
7.800000000000000266e-01
7.820000000000000284e-01
7.840000000000000302e-01
7.860000000000000320e-01
7.880000000000000338e-01
7.900000000000000355e-01
7.920000000000000373e-01
7.940000000000000391e-01
7.960000000000000409e-01
7.980000000000000426e-01
8.000000000000000444e-01
8.020000000000000462e-01
8.040000000000000480e-01
8.060000000000000497e-01
8.080000000000000515e-01
8.100000000000000533e-01
8.120000000000000551e-01
8.140000000000000568e-01
8.160000000000000586e-01
8.180000000000000604e-01
8.200000000000000622e-01
8.220000000000000639e-01
8.240000000000000657e-01
8.260000000000000675e-01
8.280000000000000693e-01
8.300000000000000711e-01
8.320000000000000728e-01
8.340000000000000746e-01
8.360000000000000764e-01
8.380000000000000782e-01
8.400000000000000799e-01
8.420000000000000817e-01
8.440000000000000835e-01
8.460000000000000853e-01
8.480000000000000870e-01
8.500000000000000888e-01
8.520000000000000906e-01
8.540000000000000924e-01
8.560000000000000941e-01
8.580000000000000959e-01
8.600000000000000977e-01
8.620000000000000995e-01
8.640000000000001013e-01
8.660000000000001030e-01
8.679999999999999938e-01
8.699999999999999956e-01
8.719999999999999973e-01
8.739999999999999991e-01
8.760000000000000009e-01
8.780000000000000027e-01
8.800000000000000044e-01
8.820000000000000062e-01
8.840000000000000080e-01
8.860000000000000098e-01
8.880000000000000115e-01
8.900000000000000133e-01
8.920000000000000151e-01
8.940000000000000169e-01
8.960000000000000187e-01
8.980000000000000204e-01
9.000000000000000222e-01
9.020000000000000240e-01
9.040000000000000258e-01
9.060000000000000275e-01
9.080000000000000293e-01
9.100000000000000311e-01
9.120000000000000329e-01
9.140000000000000346e-01
9.160000000000000364e-01
9.180000000000000382e-01
9.200000000000000400e-01
9.220000000000000417e-01
9.240000000000000435e-01
9.260000000000000453e-01
9.280000000000000471e-01
9.299999999999999378e-01
9.319999999999999396e-01
9.339999999999999414e-01
9.359999999999999432e-01
9.379999999999999449e-01
9.399999999999999467e-01
9.419999999999999485e-01
9.439999999999999503e-01
9.459999999999999520e-01
9.479999999999999538e-01
9.499999999999999556e-01
9.519999999999999574e-01
9.539999999999999591e-01
9.559999999999999609e-01
9.579999999999999627e-01
9.599999999999999645e-01
9.619999999999999662e-01
9.639999999999999680e-01
9.659999999999999698e-01
9.679999999999999716e-01
9.699999999999999734e-01
9.719999999999999751e-01
9.739999999999999769e-01
9.759999999999999787e-01
9.779999999999999805e-01
9.799999999999999822e-01
9.819999999999999840e-01
9.839999999999999858e-01
9.859999999999999876e-01
9.879999999999999893e-01
9.899999999999999911e-01
9.919999999999999929e-01
9.939999999999999947e-01
9.959999999999999964e-01
9.979999999999999982e-01
1.000000000000000000e+00
1.002000000000000002e+00
1.004000000000000004e+00
1.006000000000000005e+00
1.008000000000000007e+00
1.010000000000000009e+00
1.012000000000000011e+00
1.014000000000000012e+00
1.016000000000000014e+00
1.018000000000000016e+00
1.020000000000000018e+00
1.022000000000000020e+00
1.024000000000000021e+00
1.026000000000000023e+00
1.028000000000000025e+00
1.030000000000000027e+00
1.032000000000000028e+00
1.034000000000000030e+00
1.036000000000000032e+00
1.038000000000000034e+00
1.040000000000000036e+00
1.042000000000000037e+00
1.044000000000000039e+00
1.046000000000000041e+00
1.048000000000000043e+00
1.050000000000000044e+00
1.052000000000000046e+00
1.054000000000000048e+00
1.056000000000000050e+00
1.058000000000000052e+00
1.060000000000000053e+00
1.062000000000000055e+00
1.064000000000000057e+00
1.066000000000000059e+00
1.068000000000000060e+00
1.070000000000000062e+00
1.072000000000000064e+00
1.074000000000000066e+00
1.076000000000000068e+00
1.078000000000000069e+00
1.080000000000000071e+00
1.082000000000000073e+00
1.084000000000000075e+00
1.086000000000000076e+00
1.088000000000000078e+00
1.090000000000000080e+00
1.092000000000000082e+00
1.094000000000000083e+00
1.096000000000000085e+00
1.098000000000000087e+00
1.100000000000000089e+00
1.102000000000000091e+00
1.104000000000000092e+00
1.106000000000000094e+00
1.108000000000000096e+00
1.110000000000000098e+00
1.112000000000000099e+00
1.114000000000000101e+00
1.116000000000000103e+00
1.118000000000000105e+00
1.120000000000000107e+00
1.122000000000000108e+00
1.124000000000000110e+00
1.126000000000000112e+00
1.128000000000000114e+00
1.130000000000000115e+00
1.132000000000000117e+00
1.134000000000000119e+00
1.136000000000000121e+00
1.138000000000000123e+00
1.140000000000000124e+00
1.142000000000000126e+00
1.144000000000000128e+00
1.146000000000000130e+00
1.148000000000000131e+00
1.150000000000000133e+00
1.152000000000000135e+00
1.153999999999999915e+00
1.155999999999999917e+00
1.157999999999999918e+00
1.159999999999999920e+00
1.161999999999999922e+00
1.163999999999999924e+00
1.165999999999999925e+00
1.167999999999999927e+00
1.169999999999999929e+00
1.171999999999999931e+00
1.173999999999999932e+00
1.175999999999999934e+00
1.177999999999999936e+00
1.179999999999999938e+00
1.181999999999999940e+00
1.183999999999999941e+00
1.185999999999999943e+00
1.187999999999999945e+00
1.189999999999999947e+00
1.191999999999999948e+00
1.193999999999999950e+00
1.195999999999999952e+00
1.197999999999999954e+00
1.199999999999999956e+00
1.201999999999999957e+00
1.203999999999999959e+00
1.205999999999999961e+00
1.207999999999999963e+00
1.209999999999999964e+00
1.211999999999999966e+00
1.213999999999999968e+00
1.215999999999999970e+00
1.217999999999999972e+00
1.219999999999999973e+00
1.221999999999999975e+00
1.223999999999999977e+00
1.225999999999999979e+00
1.227999999999999980e+00
1.229999999999999982e+00
1.231999999999999984e+00
1.233999999999999986e+00
1.235999999999999988e+00
1.237999999999999989e+00
1.239999999999999991e+00
1.241999999999999993e+00
1.243999999999999995e+00
1.245999999999999996e+00
1.247999999999999998e+00
1.250000000000000000e+00
1.252000000000000002e+00
1.254000000000000004e+00
1.256000000000000005e+00
1.258000000000000007e+00
1.260000000000000009e+00
1.262000000000000011e+00
1.264000000000000012e+00
1.266000000000000014e+00
1.268000000000000016e+00
1.270000000000000018e+00
1.272000000000000020e+00
1.274000000000000021e+00
1.276000000000000023e+00
1.278000000000000025e+00
1.280000000000000027e+00
1.282000000000000028e+00
1.284000000000000030e+00
1.286000000000000032e+00
1.288000000000000034e+00
1.290000000000000036e+00
1.292000000000000037e+00
1.294000000000000039e+00
1.296000000000000041e+00
1.298000000000000043e+00
1.300000000000000044e+00
1.302000000000000046e+00
1.304000000000000048e+00
1.306000000000000050e+00
1.308000000000000052e+00
1.310000000000000053e+00
1.312000000000000055e+00
1.314000000000000057e+00
1.316000000000000059e+00
1.318000000000000060e+00
1.320000000000000062e+00
1.322000000000000064e+00
1.324000000000000066e+00
1.326000000000000068e+00
1.328000000000000069e+00
1.330000000000000071e+00
1.332000000000000073e+00
1.334000000000000075e+00
1.336000000000000076e+00
1.338000000000000078e+00
1.340000000000000080e+00
1.342000000000000082e+00
1.344000000000000083e+00
1.346000000000000085e+00
1.348000000000000087e+00
1.350000000000000089e+00
1.352000000000000091e+00
1.354000000000000092e+00
1.356000000000000094e+00
1.358000000000000096e+00
1.360000000000000098e+00
1.362000000000000099e+00
1.364000000000000101e+00
1.366000000000000103e+00
1.368000000000000105e+00
1.370000000000000107e+00
1.372000000000000108e+00
1.374000000000000110e+00
1.376000000000000112e+00
1.378000000000000114e+00
1.380000000000000115e+00
1.382000000000000117e+00
1.384000000000000119e+00
1.386000000000000121e+00
1.388000000000000123e+00
1.390000000000000124e+00
1.392000000000000126e+00
1.394000000000000128e+00
1.396000000000000130e+00
1.398000000000000131e+00
1.400000000000000133e+00
1.402000000000000135e+00
1.404000000000000137e+00
1.406000000000000139e+00
1.408000000000000140e+00
1.409999999999999920e+00
1.411999999999999922e+00
1.413999999999999924e+00
1.415999999999999925e+00
1.417999999999999927e+00
1.419999999999999929e+00
1.421999999999999931e+00
1.423999999999999932e+00
1.425999999999999934e+00
1.427999999999999936e+00
1.429999999999999938e+00
1.431999999999999940e+00
1.433999999999999941e+00
1.435999999999999943e+00
1.437999999999999945e+00
1.439999999999999947e+00
1.441999999999999948e+00
1.443999999999999950e+00
1.445999999999999952e+00
1.447999999999999954e+00
1.449999999999999956e+00
1.451999999999999957e+00
1.453999999999999959e+00
1.455999999999999961e+00
1.457999999999999963e+00
1.459999999999999964e+00
1.461999999999999966e+00
1.463999999999999968e+00
1.465999999999999970e+00
1.467999999999999972e+00
1.469999999999999973e+00
1.471999999999999975e+00
1.473999999999999977e+00
1.475999999999999979e+00
1.477999999999999980e+00
1.479999999999999982e+00
1.481999999999999984e+00
1.483999999999999986e+00
1.485999999999999988e+00
1.487999999999999989e+00
1.489999999999999991e+00
1.491999999999999993e+00
1.493999999999999995e+00
1.495999999999999996e+00
1.497999999999999998e+00
1.500000000000000000e+00
1.502000000000000002e+00
1.504000000000000004e+00
1.506000000000000005e+00
1.508000000000000007e+00
1.510000000000000009e+00
1.512000000000000011e+00
1.514000000000000012e+00
1.516000000000000014e+00
1.518000000000000016e+00
1.520000000000000018e+00
1.522000000000000020e+00
1.524000000000000021e+00
1.526000000000000023e+00
1.528000000000000025e+00
1.530000000000000027e+00
1.532000000000000028e+00
1.534000000000000030e+00
1.536000000000000032e+00
1.538000000000000034e+00
1.540000000000000036e+00
1.542000000000000037e+00
1.544000000000000039e+00
1.546000000000000041e+00
1.548000000000000043e+00
1.550000000000000044e+00
1.552000000000000046e+00
1.554000000000000048e+00
1.556000000000000050e+00
1.558000000000000052e+00
1.560000000000000053e+00
1.562000000000000055e+00
1.564000000000000057e+00
1.566000000000000059e+00
1.568000000000000060e+00
1.570000000000000062e+00
1.572000000000000064e+00
1.574000000000000066e+00
1.576000000000000068e+00
1.578000000000000069e+00
1.580000000000000071e+00
1.582000000000000073e+00
1.584000000000000075e+00
1.586000000000000076e+00
1.588000000000000078e+00
1.590000000000000080e+00
1.592000000000000082e+00
1.594000000000000083e+00
1.596000000000000085e+00
1.598000000000000087e+00
1.600000000000000089e+00
1.602000000000000091e+00
1.603999999999999870e+00
1.605999999999999872e+00
1.607999999999999874e+00
1.609999999999999876e+00
1.611999999999999877e+00
1.613999999999999879e+00
1.615999999999999881e+00
1.617999999999999883e+00
1.619999999999999885e+00
1.621999999999999886e+00
1.623999999999999888e+00
1.625999999999999890e+00
1.627999999999999892e+00
1.629999999999999893e+00
1.631999999999999895e+00
1.633999999999999897e+00
1.635999999999999899e+00
1.637999999999999901e+00
1.639999999999999902e+00
1.641999999999999904e+00
1.643999999999999906e+00
1.645999999999999908e+00
1.647999999999999909e+00
1.649999999999999911e+00
1.651999999999999913e+00
1.653999999999999915e+00
1.655999999999999917e+00
1.657999999999999918e+00
1.659999999999999920e+00
1.661999999999999922e+00
1.663999999999999924e+00
1.665999999999999925e+00
1.667999999999999927e+00
1.669999999999999929e+00
1.671999999999999931e+00
1.673999999999999932e+00
1.675999999999999934e+00
1.677999999999999936e+00
1.679999999999999938e+00
1.681999999999999940e+00
1.683999999999999941e+00
1.685999999999999943e+00
1.687999999999999945e+00
1.689999999999999947e+00
1.691999999999999948e+00
1.693999999999999950e+00
1.695999999999999952e+00
1.697999999999999954e+00
1.699999999999999956e+00
1.701999999999999957e+00
1.703999999999999959e+00
1.705999999999999961e+00
1.707999999999999963e+00
1.709999999999999964e+00
1.711999999999999966e+00
1.713999999999999968e+00
1.715999999999999970e+00
1.717999999999999972e+00
1.719999999999999973e+00
1.721999999999999975e+00
1.723999999999999977e+00
1.725999999999999979e+00
1.727999999999999980e+00
1.729999999999999982e+00
1.731999999999999984e+00
1.733999999999999986e+00
1.735999999999999988e+00
1.737999999999999989e+00
1.739999999999999991e+00
1.741999999999999993e+00
1.743999999999999995e+00
1.745999999999999996e+00
1.747999999999999998e+00
1.750000000000000000e+00
1.752000000000000002e+00
1.754000000000000004e+00
1.756000000000000005e+00
1.758000000000000007e+00
1.760000000000000009e+00
1.762000000000000011e+00
1.764000000000000012e+00
1.766000000000000014e+00
1.768000000000000016e+00
1.770000000000000018e+00
1.772000000000000020e+00
1.774000000000000021e+00
1.776000000000000023e+00
1.778000000000000025e+00
1.780000000000000027e+00
1.782000000000000028e+00
1.784000000000000030e+00
1.786000000000000032e+00
1.788000000000000034e+00
1.790000000000000036e+00
1.792000000000000037e+00
1.794000000000000039e+00
1.796000000000000041e+00
1.798000000000000043e+00
1.800000000000000044e+00
1.802000000000000046e+00
1.804000000000000048e+00
1.806000000000000050e+00
1.808000000000000052e+00
1.810000000000000053e+00
1.812000000000000055e+00
1.814000000000000057e+00
1.816000000000000059e+00
1.818000000000000060e+00
1.820000000000000062e+00
1.822000000000000064e+00
1.824000000000000066e+00
1.826000000000000068e+00
1.828000000000000069e+00
1.830000000000000071e+00
1.832000000000000073e+00
1.834000000000000075e+00
1.836000000000000076e+00
1.838000000000000078e+00
1.840000000000000080e+00
1.842000000000000082e+00
1.844000000000000083e+00
1.846000000000000085e+00
1.848000000000000087e+00
1.850000000000000089e+00
1.852000000000000091e+00
1.854000000000000092e+00
1.856000000000000094e+00
1.857999999999999874e+00
1.859999999999999876e+00
1.861999999999999877e+00
1.863999999999999879e+00
1.865999999999999881e+00
1.867999999999999883e+00
1.869999999999999885e+00
1.871999999999999886e+00
1.873999999999999888e+00
1.875999999999999890e+00
1.877999999999999892e+00
1.879999999999999893e+00
1.881999999999999895e+00
1.883999999999999897e+00
1.885999999999999899e+00
1.887999999999999901e+00
1.889999999999999902e+00
1.891999999999999904e+00
1.893999999999999906e+00
1.895999999999999908e+00
1.897999999999999909e+00
1.899999999999999911e+00
1.901999999999999913e+00
1.903999999999999915e+00
1.905999999999999917e+00
1.907999999999999918e+00
1.909999999999999920e+00
1.911999999999999922e+00
1.913999999999999924e+00
1.915999999999999925e+00
1.917999999999999927e+00
1.919999999999999929e+00
1.921999999999999931e+00
1.923999999999999932e+00
1.925999999999999934e+00
1.927999999999999936e+00
1.929999999999999938e+00
1.931999999999999940e+00
1.933999999999999941e+00
1.935999999999999943e+00
1.937999999999999945e+00
1.939999999999999947e+00
1.941999999999999948e+00
1.943999999999999950e+00
1.945999999999999952e+00
1.947999999999999954e+00
1.949999999999999956e+00
1.951999999999999957e+00
1.953999999999999959e+00
1.955999999999999961e+00
1.957999999999999963e+00
1.959999999999999964e+00
1.961999999999999966e+00
1.963999999999999968e+00
1.965999999999999970e+00
1.967999999999999972e+00
1.969999999999999973e+00
1.971999999999999975e+00
1.973999999999999977e+00
1.975999999999999979e+00
1.977999999999999980e+00
1.979999999999999982e+00
1.981999999999999984e+00
1.983999999999999986e+00
1.985999999999999988e+00
1.987999999999999989e+00
1.989999999999999991e+00
1.991999999999999993e+00
1.993999999999999995e+00
1.995999999999999996e+00
1.997999999999999998e+00
2.000000000000000000e+00
2.002000000000000224e+00
2.004000000000000004e+00
2.006000000000000227e+00
2.008000000000000007e+00
2.010000000000000231e+00
2.012000000000000011e+00
2.014000000000000234e+00
2.016000000000000014e+00
2.018000000000000238e+00
2.020000000000000018e+00
2.022000000000000242e+00
2.024000000000000021e+00
2.026000000000000245e+00
2.028000000000000025e+00
2.030000000000000249e+00
2.032000000000000028e+00
2.034000000000000252e+00
2.036000000000000032e+00
2.038000000000000256e+00
2.040000000000000036e+00
2.042000000000000259e+00
2.044000000000000039e+00
2.046000000000000263e+00
2.048000000000000043e+00
2.050000000000000266e+00
2.052000000000000046e+00
2.054000000000000270e+00
2.056000000000000050e+00
2.058000000000000274e+00
2.060000000000000053e+00
2.062000000000000277e+00
2.064000000000000057e+00
2.066000000000000281e+00
2.068000000000000060e+00
2.070000000000000284e+00
2.072000000000000064e+00
2.074000000000000288e+00
2.076000000000000068e+00
2.078000000000000291e+00
2.080000000000000071e+00
2.082000000000000295e+00
2.084000000000000075e+00
2.086000000000000298e+00
2.088000000000000078e+00
2.090000000000000302e+00
2.092000000000000082e+00
2.094000000000000306e+00
2.096000000000000085e+00
2.098000000000000309e+00
2.100000000000000089e+00
2.102000000000000313e+00
2.104000000000000092e+00
2.106000000000000316e+00
2.108000000000000096e+00
2.110000000000000320e+00
2.112000000000000099e+00
2.114000000000000323e+00
2.116000000000000103e+00
2.117999999999999883e+00
2.120000000000000107e+00
2.121999999999999886e+00
2.124000000000000110e+00
2.125999999999999890e+00
2.128000000000000114e+00
2.129999999999999893e+00
2.132000000000000117e+00
2.133999999999999897e+00
2.136000000000000121e+00
2.137999999999999901e+00
2.140000000000000124e+00
2.141999999999999904e+00
2.144000000000000128e+00
2.145999999999999908e+00
2.148000000000000131e+00
2.149999999999999911e+00
2.152000000000000135e+00
2.153999999999999915e+00
2.156000000000000139e+00
2.157999999999999918e+00
2.160000000000000142e+00
2.161999999999999922e+00
2.164000000000000146e+00
2.165999999999999925e+00
2.168000000000000149e+00
2.169999999999999929e+00
2.172000000000000153e+00
2.173999999999999932e+00
2.176000000000000156e+00
2.177999999999999936e+00
2.180000000000000160e+00
2.181999999999999940e+00
2.184000000000000163e+00
2.185999999999999943e+00
2.188000000000000167e+00
2.189999999999999947e+00
2.192000000000000171e+00
2.193999999999999950e+00
2.196000000000000174e+00
2.197999999999999954e+00
2.200000000000000178e+00
2.201999999999999957e+00
2.204000000000000181e+00
2.205999999999999961e+00
2.208000000000000185e+00
2.209999999999999964e+00
2.212000000000000188e+00
2.213999999999999968e+00
2.216000000000000192e+00
2.217999999999999972e+00
2.220000000000000195e+00
2.221999999999999975e+00
2.224000000000000199e+00
2.225999999999999979e+00
2.228000000000000203e+00
2.229999999999999982e+00
2.232000000000000206e+00
2.233999999999999986e+00
2.236000000000000210e+00
2.237999999999999989e+00
2.240000000000000213e+00
2.241999999999999993e+00
2.244000000000000217e+00
2.245999999999999996e+00
2.248000000000000220e+00
2.250000000000000000e+00
2.252000000000000224e+00
2.254000000000000004e+00
2.256000000000000227e+00
2.258000000000000007e+00
2.260000000000000231e+00
2.262000000000000011e+00
2.264000000000000234e+00
2.266000000000000014e+00
2.268000000000000238e+00
2.270000000000000018e+00
2.272000000000000242e+00
2.274000000000000021e+00
2.276000000000000245e+00
2.278000000000000025e+00
2.280000000000000249e+00
2.282000000000000028e+00
2.284000000000000252e+00
2.286000000000000032e+00
2.288000000000000256e+00
2.290000000000000036e+00
2.292000000000000259e+00
2.294000000000000039e+00
2.296000000000000263e+00
2.298000000000000043e+00
2.300000000000000266e+00
2.302000000000000046e+00
2.304000000000000270e+00
2.306000000000000050e+00
2.308000000000000274e+00
2.310000000000000053e+00
2.312000000000000277e+00
2.314000000000000057e+00
2.316000000000000281e+00
2.318000000000000060e+00
2.320000000000000284e+00
2.322000000000000064e+00
2.324000000000000288e+00
2.326000000000000068e+00
2.328000000000000291e+00
2.330000000000000071e+00
2.332000000000000295e+00
2.334000000000000075e+00
2.336000000000000298e+00
2.338000000000000078e+00
2.340000000000000302e+00
2.342000000000000082e+00
2.344000000000000306e+00
2.346000000000000085e+00
2.348000000000000309e+00
2.350000000000000089e+00
2.352000000000000313e+00
2.354000000000000092e+00
2.356000000000000316e+00
2.358000000000000096e+00
2.360000000000000320e+00
2.362000000000000099e+00
2.364000000000000323e+00
2.366000000000000103e+00
2.368000000000000327e+00
2.370000000000000107e+00
2.371999999999999886e+00
2.374000000000000110e+00
2.375999999999999890e+00
2.378000000000000114e+00
2.379999999999999893e+00
2.382000000000000117e+00
2.383999999999999897e+00
2.386000000000000121e+00
2.387999999999999901e+00
2.390000000000000124e+00
2.391999999999999904e+00
2.394000000000000128e+00
2.395999999999999908e+00
2.398000000000000131e+00
2.399999999999999911e+00
2.402000000000000135e+00
2.403999999999999915e+00
2.406000000000000139e+00
2.407999999999999918e+00
2.410000000000000142e+00
2.411999999999999922e+00
2.414000000000000146e+00
2.415999999999999925e+00
2.418000000000000149e+00
2.419999999999999929e+00
2.422000000000000153e+00
2.423999999999999932e+00
2.426000000000000156e+00
2.427999999999999936e+00
2.430000000000000160e+00
2.431999999999999940e+00
2.434000000000000163e+00
2.435999999999999943e+00
2.438000000000000167e+00
2.439999999999999947e+00
2.442000000000000171e+00
2.443999999999999950e+00
2.446000000000000174e+00
2.447999999999999954e+00
2.450000000000000178e+00
2.452000000000000401e+00
2.454000000000000181e+00
2.456000000000000405e+00
2.458000000000000185e+00
2.460000000000000409e+00
2.462000000000000188e+00
2.464000000000000412e+00
2.466000000000000192e+00
2.468000000000000416e+00
2.470000000000000195e+00
2.472000000000000419e+00
2.474000000000000199e+00
2.476000000000000423e+00
2.478000000000000203e+00
2.480000000000000426e+00
2.482000000000000206e+00
2.484000000000000430e+00
2.486000000000000210e+00
2.488000000000000433e+00
2.490000000000000213e+00
2.492000000000000437e+00
2.494000000000000217e+00
2.496000000000000441e+00
2.498000000000000220e+00
2.500000000000000000e+00
2.502000000000000224e+00
2.504000000000000004e+00
2.506000000000000227e+00
2.508000000000000007e+00
2.510000000000000231e+00
2.512000000000000011e+00
2.514000000000000234e+00
2.516000000000000014e+00
2.518000000000000238e+00
2.520000000000000018e+00
2.522000000000000242e+00
2.524000000000000021e+00
2.526000000000000245e+00
2.528000000000000025e+00
2.530000000000000249e+00
2.532000000000000028e+00
2.534000000000000252e+00
2.536000000000000032e+00
2.538000000000000256e+00
2.540000000000000036e+00
2.542000000000000259e+00
2.544000000000000039e+00
2.546000000000000263e+00
2.548000000000000043e+00
2.550000000000000266e+00
2.552000000000000046e+00
2.554000000000000270e+00
2.556000000000000050e+00
2.558000000000000274e+00
2.560000000000000053e+00
2.562000000000000277e+00
2.564000000000000057e+00
2.566000000000000281e+00
2.568000000000000060e+00
2.570000000000000284e+00
2.572000000000000064e+00
2.574000000000000288e+00
2.576000000000000068e+00
2.578000000000000291e+00
2.580000000000000071e+00
2.582000000000000295e+00
2.584000000000000075e+00
2.586000000000000298e+00
2.588000000000000078e+00
2.590000000000000302e+00
2.592000000000000082e+00
2.594000000000000306e+00
2.596000000000000085e+00
2.598000000000000309e+00
2.600000000000000089e+00
2.602000000000000313e+00
2.604000000000000092e+00
2.606000000000000316e+00
2.608000000000000096e+00
2.610000000000000320e+00
2.612000000000000099e+00
2.614000000000000323e+00
2.616000000000000103e+00
2.618000000000000327e+00
2.620000000000000107e+00
2.622000000000000330e+00
2.624000000000000110e+00
2.626000000000000334e+00
2.628000000000000114e+00
2.630000000000000338e+00
2.632000000000000117e+00
2.634000000000000341e+00
2.636000000000000121e+00
2.638000000000000345e+00
2.640000000000000124e+00
2.642000000000000348e+00
2.644000000000000128e+00
2.646000000000000352e+00
2.648000000000000131e+00
2.650000000000000355e+00
2.652000000000000135e+00
2.654000000000000359e+00
2.656000000000000139e+00
2.658000000000000362e+00
2.660000000000000142e+00
2.662000000000000366e+00
2.664000000000000146e+00
2.666000000000000369e+00
2.668000000000000149e+00
2.670000000000000373e+00
2.672000000000000153e+00
2.674000000000000377e+00
2.676000000000000156e+00
2.678000000000000380e+00
2.680000000000000160e+00
2.682000000000000384e+00
2.684000000000000163e+00
2.686000000000000387e+00
2.688000000000000167e+00
2.690000000000000391e+00
2.692000000000000171e+00
2.694000000000000394e+00
2.696000000000000174e+00
2.698000000000000398e+00
2.700000000000000178e+00
2.702000000000000401e+00
2.704000000000000181e+00
2.706000000000000405e+00
2.708000000000000185e+00
2.710000000000000409e+00
2.712000000000000188e+00
2.714000000000000412e+00
2.716000000000000192e+00
2.718000000000000416e+00
2.720000000000000195e+00
2.722000000000000419e+00
2.724000000000000199e+00
2.726000000000000423e+00
2.728000000000000203e+00
2.730000000000000426e+00
2.732000000000000206e+00
2.734000000000000430e+00
2.736000000000000210e+00
2.738000000000000433e+00
2.740000000000000213e+00
2.742000000000000437e+00
2.744000000000000217e+00
2.746000000000000441e+00
2.748000000000000220e+00
2.750000000000000444e+00
2.752000000000000224e+00
2.754000000000000448e+00
2.756000000000000227e+00
2.758000000000000007e+00
2.760000000000000231e+00
2.762000000000000011e+00
2.764000000000000234e+00
2.766000000000000014e+00
2.768000000000000238e+00
2.770000000000000018e+00
2.772000000000000242e+00
2.774000000000000021e+00
2.776000000000000245e+00
2.778000000000000025e+00
2.780000000000000249e+00
2.782000000000000028e+00
2.784000000000000252e+00
2.786000000000000032e+00
2.788000000000000256e+00
2.790000000000000036e+00
2.792000000000000259e+00
2.794000000000000039e+00
2.796000000000000263e+00
2.798000000000000043e+00
2.800000000000000266e+00
2.802000000000000046e+00
2.804000000000000270e+00
2.806000000000000050e+00
2.808000000000000274e+00
2.810000000000000053e+00
2.812000000000000277e+00
2.814000000000000057e+00
2.816000000000000281e+00
2.818000000000000060e+00
2.820000000000000284e+00
2.822000000000000064e+00
2.824000000000000288e+00
2.826000000000000068e+00
2.828000000000000291e+00
2.830000000000000071e+00
2.832000000000000295e+00
2.834000000000000075e+00
2.836000000000000298e+00
2.838000000000000078e+00
2.840000000000000302e+00
2.842000000000000082e+00
2.844000000000000306e+00
2.846000000000000085e+00
2.848000000000000309e+00
2.850000000000000089e+00
2.852000000000000313e+00
2.854000000000000092e+00
2.856000000000000316e+00
2.858000000000000096e+00
2.860000000000000320e+00
2.862000000000000099e+00
2.864000000000000323e+00
2.866000000000000103e+00
2.868000000000000327e+00
2.870000000000000107e+00
2.872000000000000330e+00
2.874000000000000110e+00
2.876000000000000334e+00
2.878000000000000114e+00
2.880000000000000338e+00
2.882000000000000117e+00
2.884000000000000341e+00
2.886000000000000121e+00
2.888000000000000345e+00
2.890000000000000124e+00
2.892000000000000348e+00
2.894000000000000128e+00
2.896000000000000352e+00
2.898000000000000131e+00
2.900000000000000355e+00
2.902000000000000135e+00
2.904000000000000359e+00
2.906000000000000139e+00
2.908000000000000362e+00
2.910000000000000142e+00
2.912000000000000366e+00
2.914000000000000146e+00
2.916000000000000369e+00
2.918000000000000149e+00
2.920000000000000373e+00
2.922000000000000153e+00
2.924000000000000377e+00
2.926000000000000156e+00
2.928000000000000380e+00
2.930000000000000160e+00
2.932000000000000384e+00
2.934000000000000163e+00
2.936000000000000387e+00
2.938000000000000167e+00
2.940000000000000391e+00
2.942000000000000171e+00
2.944000000000000394e+00
2.946000000000000174e+00
2.948000000000000398e+00
2.950000000000000178e+00
2.952000000000000401e+00
2.954000000000000181e+00
2.956000000000000405e+00
2.958000000000000185e+00
2.960000000000000409e+00
2.962000000000000188e+00
2.964000000000000412e+00
2.966000000000000192e+00
2.968000000000000416e+00
2.970000000000000195e+00
2.972000000000000419e+00
2.974000000000000199e+00
2.976000000000000423e+00
2.978000000000000203e+00
2.980000000000000426e+00
2.982000000000000206e+00
2.984000000000000430e+00
2.986000000000000210e+00
2.988000000000000433e+00
2.990000000000000213e+00
2.992000000000000437e+00
2.994000000000000217e+00
2.996000000000000441e+00
2.998000000000000220e+00
3.000000000000000444e+00
3.002000000000000224e+00
3.004000000000000448e+00
3.006000000000000227e+00
3.008000000000000451e+00
3.010000000000000231e+00
3.012000000000000011e+00
3.014000000000000234e+00
3.016000000000000014e+00
3.018000000000000238e+00
3.020000000000000018e+00
3.022000000000000242e+00
3.024000000000000021e+00
3.026000000000000245e+00
3.028000000000000025e+00
3.030000000000000249e+00
3.032000000000000028e+00
3.034000000000000252e+00
3.036000000000000032e+00
3.038000000000000256e+00
3.040000000000000036e+00
3.042000000000000259e+00
3.044000000000000039e+00
3.046000000000000263e+00
3.048000000000000043e+00
3.050000000000000266e+00
3.052000000000000046e+00
3.054000000000000270e+00
3.056000000000000050e+00
3.058000000000000274e+00
3.060000000000000053e+00
3.062000000000000277e+00
3.064000000000000057e+00
3.066000000000000281e+00
3.068000000000000060e+00
3.070000000000000284e+00
3.072000000000000064e+00
3.074000000000000288e+00
3.076000000000000068e+00
3.078000000000000291e+00
3.080000000000000071e+00
3.082000000000000295e+00
3.084000000000000075e+00
3.086000000000000298e+00
3.088000000000000078e+00
3.090000000000000302e+00
3.092000000000000082e+00
3.094000000000000306e+00
3.096000000000000085e+00
3.098000000000000309e+00
3.100000000000000089e+00
3.102000000000000313e+00
3.104000000000000092e+00
3.106000000000000316e+00
3.108000000000000096e+00
3.110000000000000320e+00
3.112000000000000099e+00
3.114000000000000323e+00
3.116000000000000103e+00
3.118000000000000327e+00
3.120000000000000107e+00
3.122000000000000330e+00
3.124000000000000110e+00
3.126000000000000334e+00
3.128000000000000114e+00
3.130000000000000338e+00
3.132000000000000117e+00
3.134000000000000341e+00
3.136000000000000121e+00
3.138000000000000345e+00
3.140000000000000124e+00
3.142000000000000348e+00
3.144000000000000128e+00
3.146000000000000352e+00
3.148000000000000131e+00
3.150000000000000355e+00
3.152000000000000135e+00
3.154000000000000359e+00
3.156000000000000139e+00
3.158000000000000362e+00
3.160000000000000142e+00
3.162000000000000366e+00
3.164000000000000146e+00
3.166000000000000369e+00
3.168000000000000149e+00
3.170000000000000373e+00
3.172000000000000153e+00
3.174000000000000377e+00
3.176000000000000156e+00
3.178000000000000380e+00
3.180000000000000160e+00
3.182000000000000384e+00
3.184000000000000163e+00
3.186000000000000387e+00
3.188000000000000167e+00
3.190000000000000391e+00
3.192000000000000171e+00
3.194000000000000394e+00
3.196000000000000174e+00
3.198000000000000398e+00
3.200000000000000178e+00
3.202000000000000401e+00
3.204000000000000181e+00
3.206000000000000405e+00
3.208000000000000185e+00
3.210000000000000409e+00
3.212000000000000188e+00
3.214000000000000412e+00
3.216000000000000192e+00
3.218000000000000416e+00
3.220000000000000195e+00
3.222000000000000419e+00
3.224000000000000199e+00
3.226000000000000423e+00
3.228000000000000203e+00
3.230000000000000426e+00
3.232000000000000206e+00
3.234000000000000430e+00
3.236000000000000210e+00
3.238000000000000433e+00
3.240000000000000213e+00
3.242000000000000437e+00
3.244000000000000217e+00
3.246000000000000441e+00
3.248000000000000220e+00
3.250000000000000444e+00
3.252000000000000224e+00
3.254000000000000448e+00
3.256000000000000227e+00
3.258000000000000451e+00
3.260000000000000231e+00
3.262000000000000455e+00
3.264000000000000234e+00
3.266000000000000014e+00
3.268000000000000238e+00
3.270000000000000018e+00
3.272000000000000242e+00
3.274000000000000021e+00
3.276000000000000245e+00
3.278000000000000025e+00
3.280000000000000249e+00
3.282000000000000028e+00
3.284000000000000252e+00
3.286000000000000032e+00
3.288000000000000256e+00
3.290000000000000036e+00
3.292000000000000259e+00
3.294000000000000039e+00
3.296000000000000263e+00
3.298000000000000043e+00
3.300000000000000266e+00
3.302000000000000046e+00
3.304000000000000270e+00
3.306000000000000050e+00
3.308000000000000274e+00
3.310000000000000053e+00
3.312000000000000277e+00
3.314000000000000057e+00
3.316000000000000281e+00
3.318000000000000060e+00
3.320000000000000284e+00
3.322000000000000064e+00
3.324000000000000288e+00
3.326000000000000068e+00
3.328000000000000291e+00
3.330000000000000071e+00
3.332000000000000295e+00
3.334000000000000075e+00
3.336000000000000298e+00
3.338000000000000078e+00
3.340000000000000302e+00
3.342000000000000082e+00
3.344000000000000306e+00
3.346000000000000085e+00
3.348000000000000309e+00
3.350000000000000089e+00
3.352000000000000313e+00
3.354000000000000092e+00
3.356000000000000316e+00
3.358000000000000096e+00
3.360000000000000320e+00
3.362000000000000099e+00
3.364000000000000323e+00
3.366000000000000103e+00
3.368000000000000327e+00
3.370000000000000107e+00
3.372000000000000330e+00
3.374000000000000110e+00
3.376000000000000334e+00
3.378000000000000114e+00
3.380000000000000338e+00
3.382000000000000117e+00
3.384000000000000341e+00
3.386000000000000121e+00
3.388000000000000345e+00
3.390000000000000124e+00
3.392000000000000348e+00
3.394000000000000128e+00
3.396000000000000352e+00
3.398000000000000131e+00
3.400000000000000355e+00
3.402000000000000135e+00
3.404000000000000359e+00
3.406000000000000139e+00
3.408000000000000362e+00
3.410000000000000142e+00
3.412000000000000366e+00
3.414000000000000146e+00
3.416000000000000369e+00
3.418000000000000149e+00
3.420000000000000373e+00
3.422000000000000153e+00
3.424000000000000377e+00
3.426000000000000156e+00
3.428000000000000380e+00
3.430000000000000160e+00
3.432000000000000384e+00
3.434000000000000163e+00
3.436000000000000387e+00
3.438000000000000167e+00
3.440000000000000391e+00
3.442000000000000171e+00
3.444000000000000394e+00
3.446000000000000174e+00
3.448000000000000398e+00
3.450000000000000178e+00
3.452000000000000401e+00
3.454000000000000181e+00
3.456000000000000405e+00
3.458000000000000185e+00
3.460000000000000409e+00
3.462000000000000188e+00
3.464000000000000412e+00
3.466000000000000192e+00
3.468000000000000416e+00
3.470000000000000195e+00
3.472000000000000419e+00
3.474000000000000199e+00
3.476000000000000423e+00
3.478000000000000203e+00
3.480000000000000426e+00
3.482000000000000206e+00
3.484000000000000430e+00
3.486000000000000210e+00
3.488000000000000433e+00
3.490000000000000213e+00
3.492000000000000437e+00
3.494000000000000217e+00
3.496000000000000441e+00
3.498000000000000220e+00
3.500000000000000444e+00
3.502000000000000224e+00
3.504000000000000448e+00
3.506000000000000227e+00
3.508000000000000451e+00
3.510000000000000231e+00
3.512000000000000455e+00
3.514000000000000234e+00
3.516000000000000458e+00
3.518000000000000238e+00
3.520000000000000462e+00
3.522000000000000242e+00
3.524000000000000021e+00
3.526000000000000245e+00
3.528000000000000025e+00
3.530000000000000249e+00
3.532000000000000028e+00
3.534000000000000252e+00
3.536000000000000032e+00
3.538000000000000256e+00
3.540000000000000036e+00
3.542000000000000259e+00
3.544000000000000039e+00
3.546000000000000263e+00
3.548000000000000043e+00
3.550000000000000266e+00
3.552000000000000046e+00
3.554000000000000270e+00
3.556000000000000050e+00
3.558000000000000274e+00
3.560000000000000053e+00
3.562000000000000277e+00
3.564000000000000057e+00
3.566000000000000281e+00
3.568000000000000060e+00
3.570000000000000284e+00
3.572000000000000064e+00
3.574000000000000288e+00
3.576000000000000068e+00
3.578000000000000291e+00
3.580000000000000071e+00
3.582000000000000295e+00
3.584000000000000075e+00
3.586000000000000298e+00
3.588000000000000078e+00
3.590000000000000302e+00
3.592000000000000082e+00
3.594000000000000306e+00
3.596000000000000085e+00
3.598000000000000309e+00
3.600000000000000089e+00
3.602000000000000313e+00
3.604000000000000092e+00
3.606000000000000316e+00
3.608000000000000096e+00
3.610000000000000320e+00
3.612000000000000099e+00
3.614000000000000323e+00
3.616000000000000103e+00
3.618000000000000327e+00
3.620000000000000107e+00
3.622000000000000330e+00
3.624000000000000110e+00
3.626000000000000334e+00
3.628000000000000114e+00
3.630000000000000338e+00
3.632000000000000117e+00
3.634000000000000341e+00
3.636000000000000121e+00
3.638000000000000345e+00
3.640000000000000124e+00
3.642000000000000348e+00
3.644000000000000128e+00
3.646000000000000352e+00
3.648000000000000131e+00
3.650000000000000355e+00
3.652000000000000135e+00
3.654000000000000359e+00
3.656000000000000139e+00
3.658000000000000362e+00
3.660000000000000142e+00
3.662000000000000366e+00
3.664000000000000146e+00
3.666000000000000369e+00
3.668000000000000149e+00
3.670000000000000373e+00
3.672000000000000153e+00
3.674000000000000377e+00
3.676000000000000156e+00
3.678000000000000380e+00
3.680000000000000160e+00
3.682000000000000384e+00
3.684000000000000163e+00
3.686000000000000387e+00
3.688000000000000167e+00
3.690000000000000391e+00
3.692000000000000171e+00
3.694000000000000394e+00
3.696000000000000174e+00
3.698000000000000398e+00
3.700000000000000178e+00
3.702000000000000401e+00
3.704000000000000181e+00
3.706000000000000405e+00
3.708000000000000185e+00
3.710000000000000409e+00
3.712000000000000188e+00
3.714000000000000412e+00
3.716000000000000192e+00
3.718000000000000416e+00
3.720000000000000195e+00
3.722000000000000419e+00
3.724000000000000199e+00
3.726000000000000423e+00
3.728000000000000203e+00
3.730000000000000426e+00
3.732000000000000206e+00
3.734000000000000430e+00
3.736000000000000210e+00
3.738000000000000433e+00
3.740000000000000213e+00
3.742000000000000437e+00
3.744000000000000217e+00
3.746000000000000441e+00
3.748000000000000220e+00
3.750000000000000444e+00
3.752000000000000224e+00
3.754000000000000448e+00
3.756000000000000227e+00
3.758000000000000451e+00
3.760000000000000231e+00
3.762000000000000455e+00
3.764000000000000234e+00
3.766000000000000458e+00
3.768000000000000238e+00
3.770000000000000462e+00
3.772000000000000242e+00
3.774000000000000465e+00
3.776000000000000245e+00
3.778000000000000469e+00
3.780000000000000249e+00
3.782000000000000028e+00
3.784000000000000252e+00
3.786000000000000032e+00
3.788000000000000256e+00
3.790000000000000036e+00
3.792000000000000259e+00
3.794000000000000039e+00
3.796000000000000263e+00
3.798000000000000043e+00
3.800000000000000266e+00
3.802000000000000046e+00
3.804000000000000270e+00
3.806000000000000050e+00
3.808000000000000274e+00
3.810000000000000053e+00
3.812000000000000277e+00
3.814000000000000057e+00
3.816000000000000281e+00
3.818000000000000060e+00
3.820000000000000284e+00
3.822000000000000064e+00
3.824000000000000288e+00
3.826000000000000068e+00
3.828000000000000291e+00
3.830000000000000071e+00
3.832000000000000295e+00
3.834000000000000075e+00
3.836000000000000298e+00
3.838000000000000078e+00
3.840000000000000302e+00
3.842000000000000082e+00
3.844000000000000306e+00
3.846000000000000085e+00
3.848000000000000309e+00
3.850000000000000089e+00
3.852000000000000313e+00
3.854000000000000092e+00
3.856000000000000316e+00
3.858000000000000096e+00
3.860000000000000320e+00
3.862000000000000099e+00
3.864000000000000323e+00
3.866000000000000103e+00
3.868000000000000327e+00
3.870000000000000107e+00
3.872000000000000330e+00
3.874000000000000110e+00
3.876000000000000334e+00
3.878000000000000114e+00
3.880000000000000338e+00
3.882000000000000117e+00
3.884000000000000341e+00
3.886000000000000121e+00
3.888000000000000345e+00
3.890000000000000124e+00
3.892000000000000348e+00
3.894000000000000128e+00
3.896000000000000352e+00
3.898000000000000131e+00
3.900000000000000355e+00
3.902000000000000135e+00
3.904000000000000359e+00
3.906000000000000139e+00
3.908000000000000362e+00
3.910000000000000142e+00
3.912000000000000366e+00
3.914000000000000146e+00
3.916000000000000369e+00
3.918000000000000149e+00
3.920000000000000373e+00
3.922000000000000153e+00
3.924000000000000377e+00
3.926000000000000156e+00
3.928000000000000380e+00
3.930000000000000160e+00
3.932000000000000384e+00
3.934000000000000163e+00
3.936000000000000387e+00
3.938000000000000167e+00
3.940000000000000391e+00
3.942000000000000171e+00
3.944000000000000394e+00
3.946000000000000174e+00
3.948000000000000398e+00
3.950000000000000178e+00
3.952000000000000401e+00
3.954000000000000181e+00
3.956000000000000405e+00
3.958000000000000185e+00
3.960000000000000409e+00
3.962000000000000188e+00
3.964000000000000412e+00
3.966000000000000192e+00
3.968000000000000416e+00
3.970000000000000195e+00
3.972000000000000419e+00
3.974000000000000199e+00
3.976000000000000423e+00
3.978000000000000203e+00
3.980000000000000426e+00
3.982000000000000206e+00
3.984000000000000430e+00
3.986000000000000210e+00
3.988000000000000433e+00
3.990000000000000213e+00
3.992000000000000437e+00
3.994000000000000217e+00
3.996000000000000441e+00
3.998000000000000220e+00
4.000000000000000000e+00
