5.854140097570657841e-02
-3.696851812209291377e-01
4.406481179321665720e-01
-4.843827335823260860e-01
2.295199936777471417e-01
4.026673480532930172e-01
-4.759165510958688339e-01
2.513449173778380952e-01
-1.749814390286650034e-01
7.945522523143647153e-02
1.474160987235808608e-02
-2.332694237243367053e-01
-9.288778052194754387e-02
-4.043575749571445832e-01
-2.843282909537013792e-01
4.564002968301733576e-01
-5.039220272144556700e-01
-2.413245702084707289e-01
2.441847756594751617e-01
-4.332654905598702921e-01
2.860627480440647297e-01
-1.060029023842629536e+00
1.517488438268101147e-01
-4.484337655795033184e-01
-5.788053453763870593e-01
-1.223872863574045344e-01
-1.574065035402269774e-01
-3.209943121194452353e-01
-7.553301402674920118e-01
-1.385507433542512191e-02
-9.086317610856693427e-01
-2.589413993347112752e-01
-5.364422133165469564e-01
-8.294241605957308749e-01
-5.803356843135873966e-01
-7.932931071291672298e-01
-5.363963629533301525e-01
-5.637267420863610878e-01
-1.032885422513652340e+00
-6.769985998576211195e-01
-5.513911161047260201e-01
-1.314488342552286415e+00
-2.963787810061257466e-01
-1.291021248217303352e+00
-1.000798779053226228e+00
-9.063752411578611667e-01
-1.439666051519807199e+00
-5.875879850763121581e-01
-1.281595440036394917e+00
-1.449205393731097136e+00
-1.137353235032666499e+00
-1.658262112886220274e+00
-7.344269188792721392e-01
-1.441679352053570229e+00
-1.577297684875993200e+00
-1.883335050598728300e+00
-1.145066417875687970e+00
-1.173068802880121719e+00
-1.466973346858960303e+00
-1.926127006229000793e+00
-1.487922546537344459e+00
-1.722728345240084780e+00
-2.146068002324597934e+00
-1.607045974110847597e+00
-1.849668991777691840e+00
-2.425182665297909601e+00
-1.622659069430354428e+00
-1.783270868127474484e+00
-2.057158889273031921e+00
-2.543402586013867150e+00
-1.787072494132366129e+00
-2.222108554277629100e+00
-2.576842477937607789e+00
-1.946152696939170923e+00
-2.628561464506113055e+00
-1.700687953875025471e+00
-2.276639495461305618e+00
-2.711361795908568073e+00
-2.647611287623055976e+00
-2.545004889183186680e+00
-2.724413907662479595e+00
-2.634647305756963043e+00
-2.977760443690591341e+00
-1.923869529146219781e+00
-3.192567243901972329e+00
-2.301417900485017931e+00
-3.065959500068351939e+00
-3.136156525467988843e+00
-2.756409968028253665e+00
-2.912816026684872384e+00
-3.004840012355358692e+00
-2.861600817080448333e+00
-3.297580076601286159e+00
-2.618438608898957298e+00
-3.069348768556270812e+00
-3.410907053153636070e+00
-3.506301510091635709e+00
-3.153701772337699882e+00
-3.100013798601694681e+00
-3.368712975139656507e+00
-3.379326215223379837e+00
-3.276633630296118760e+00
-3.935315457174595188e+00
-2.702934739369386996e+00
-3.625560911373662432e+00
-3.280381551754443681e+00
-3.736743268200639623e+00
-3.478917865164046663e+00
-3.406903975445210619e+00
-3.837962215282566536e+00
-3.753203635050907927e+00
-3.639990119677524394e+00
-3.592867397314233546e+00
-3.666206352511966138e+00
-3.589677380078423408e+00
-3.818923247378338548e+00
-3.320260532844173884e+00
-4.109798717232711951e+00
-3.445047315549756739e+00
-3.529100462352181999e+00
-4.032559560310174263e+00
-3.859499224245218407e+00
-3.912331605257304279e+00
-3.639543156166432869e+00
-4.006744420340515589e+00
-3.686456343452795270e+00
-3.375797401499205819e+00
-4.219377637339368547e+00
-3.461879336010523112e+00
-3.652780398989749155e+00
-4.133174168215427713e+00
-3.579370687158103248e+00
-3.844972154061539804e+00
-3.665514948105738302e+00
-3.837497709704592364e+00
-4.191061896519628682e+00
-3.233882942870577981e+00
-3.953390463809876909e+00
-3.742973280841385364e+00
-3.511571888618833182e+00
-3.502301663220016792e+00
-3.786423823934289334e+00
-4.071308775704547855e+00
-3.628275015569112583e+00
-3.864315120133514192e+00
-3.119486708654414908e+00
-3.204490091514741845e+00
-4.183714301817961001e+00
-3.398449516021636807e+00
-3.505141395187036046e+00
-3.588779841327657483e+00
-3.283875951543943295e+00
-2.899527604530269365e+00
-3.764696708269784420e+00
-3.248098537974306144e+00
-3.504240488993056957e+00
-3.051260623607440881e+00
-3.429870311577928543e+00
-2.466777688939545410e+00
-3.408789822245402945e+00
-3.120127497946376227e+00
-3.591850502777768295e+00
-2.394482615874324871e+00
-2.836991862681823129e+00
-3.167053101839675922e+00
-2.470643808364589855e+00
-2.925298973236120759e+00
-2.297045931351768822e+00
-3.005850165514298400e+00
-2.749383427251781420e+00
-2.432396663317790697e+00
-2.542088345193924681e+00
-1.821471307720921695e+00
-2.650833313180775974e+00
-2.755144499251680035e+00
-1.539862877169270394e+00
-2.211425930578990062e+00
-2.197228751281530723e+00
-1.886113017718347606e+00
-2.320273618207688848e+00
-1.775762973638737696e+00
-1.369892303851482085e+00
-1.909343125492677817e+00
-1.892978662910270060e+00
-1.662558294388881253e+00
-1.162348933560651831e+00
-1.408402398129614319e+00
-1.365428231781539159e+00
-9.658529778145399369e-01
-9.913153639516938398e-01
-1.168079836894430068e+00
-6.210242572042828924e-01
-1.248384240437326875e+00
-7.505416299113381040e-01
-1.030750379121147198e+00
-1.173153377139189990e-01
-6.212070933010455098e-01
-4.232944637456710901e-01
-3.099149569561474027e-01
-2.327325177939319201e-01
-2.893053508103979321e-01
-5.371793913760964517e-02
6.130948797639085290e-01
-2.332715181994069742e-01
3.673088226661677114e-01
-5.167912269743441672e-02
6.547322608272948541e-01
2.869119842400788545e-01
1.183807847995353546e+00
1.050971151086542932e+00
3.242345772567209461e-01
1.458471187391562118e+00
1.338001978364699029e+00
8.946946772810929760e-01
6.698943617837177511e-01
1.930060078857096961e+00
1.539577562349790707e+00
1.168791041900317795e+00
1.770670620685864227e+00
1.703515857077174234e+00
2.354934810279483148e+00
1.886903584239039589e+00
2.071971519415514607e+00
2.208941648490057474e+00
2.153544395123994537e+00
2.005954643227890077e+00
2.756602875679079023e+00
2.963184013794414984e+00
3.264044602634738279e+00
2.840708585240489636e+00
2.766643813525257567e+00
3.088276779575235942e+00
3.138242961277401655e+00
2.707514909962847049e+00
3.987864868731646251e+00
3.413869079479988855e+00
3.847645446517496737e+00
3.651605641028562665e+00
3.650290698713473336e+00
3.829539898696102451e+00
3.706707340566603115e+00
4.145978016381165254e+00
4.209611646771301174e+00
4.112763767266820913e+00
4.666013201004733268e+00
4.340610781325190182e+00
4.384986952123300696e+00
4.544795128018415120e+00
4.445486072710554737e+00
5.041277948610973780e+00
4.618614169409503312e+00
4.685652280345727227e+00
5.456193560861739122e+00
5.098601407529541163e+00
4.805328384403391162e+00
5.171717329474296854e+00
5.464881513822123615e+00
4.785752098224400619e+00
5.598390901411060661e+00
5.426213449246981568e+00
5.226802377596091453e+00
5.514499677561646607e+00
5.520826099903143103e+00
5.623329008131750406e+00
6.313092734234743375e+00
5.460785946278241099e+00
5.691652342017928135e+00
5.866342582181822252e+00
5.639254406069044379e+00
6.373327781214404908e+00
5.863444650173183170e+00
5.566637749947112468e+00
6.608629191631321120e+00
5.708590511316414151e+00
6.109309282431468979e+00
5.884498493448931278e+00
6.649552333035429363e+00
6.003897716871342993e+00
6.774551560079882684e+00
5.921432426070899702e+00
6.403902912964243299e+00
6.298349834970013106e+00
6.230773519751231504e+00
6.847604571591761058e+00
5.454132447731597111e+00
7.257117812589052086e+00
6.273090001800618154e+00
6.716308756301228478e+00
6.352000841529573449e+00
5.693604220115120462e+00
7.091751125283686896e+00
5.944236432943118764e+00
6.452892963540763915e+00
6.892062576509019323e+00
6.265687778989533108e+00
6.455455476574848639e+00
6.430307987906892286e+00
5.854768254633408553e+00
7.520972051518262980e+00
6.123089900373478223e+00
5.819344965569951178e+00
6.692542134965101752e+00
6.589387328079815198e+00
6.242957541784305064e+00
6.042719666763394670e+00
6.358744618949611294e+00
6.221337145956780112e+00
6.229755778376687481e+00
6.395809315835972342e+00
6.264802461323834670e+00
6.148076591497972032e+00
6.132110321948965215e+00
6.110338039426019385e+00
5.704616106066479730e+00
6.251421300090009403e+00
6.012009209138893695e+00
5.860230465811905987e+00
5.750175762363718412e+00
6.135497338995593353e+00
5.947456178332180876e+00
5.464839962527538120e+00
5.533915186757202065e+00
6.352660334215576299e+00
5.635414320617171846e+00
5.369659581931913728e+00
5.483940842608692634e+00
5.264234038684141304e+00
5.093217689541291726e+00
5.605428752665809533e+00
5.664422703273880977e+00
4.744706471764083666e+00
5.425594175898130089e+00
5.084970808151118682e+00
5.052561162120545291e+00
4.473548460409062066e+00
4.864823438946171308e+00
4.680451898160072233e+00
5.153965412185708139e+00
4.823713598115726420e+00
4.289579641165465418e+00
4.745227665035013587e+00
4.525366259060049856e+00
4.260757983151421513e+00
4.556231852417182537e+00
3.941346755143952940e+00
4.584774629943328961e+00
3.900971194800286757e+00
3.485612087424369232e+00
3.807506512473909144e+00
4.488627601649415766e+00
3.454470321513522180e+00
3.733001403469101920e+00
3.794647476226816529e+00
3.235877818280549878e+00
3.827154232221904095e+00
2.812080226097354974e+00
3.206971997288585285e+00
3.056265125150667394e+00
3.127861861772660124e+00
2.603834627976195915e+00
3.453229357249229192e+00
2.247137885097892251e+00
3.038996507524702295e+00
2.246456426943930662e+00
2.303009551477050998e+00
2.737345824989132481e+00
2.646381227836334116e+00
1.947707793853834968e+00
1.864931106704935226e+00
1.794819974520410311e+00
2.433499919093471409e+00
1.386999256571318284e+00
1.568987635631234667e+00
1.942775613356094055e+00
1.077070613169805124e+00
1.583230974012582504e+00
1.249184757420250813e+00
9.658491396702375553e-01
1.772383857369662197e+00
3.613165928119107528e-01
1.203104047525159759e+00
1.156071238867016904e+00
6.281969961987593498e-01
2.019137831839044606e-01
8.990004274450617006e-01
4.410804368902839223e-01
4.259479312880838919e-01
2.738590621076395504e-01
2.551300000637743981e-01
-3.071709024636268270e-01
-8.188376853329730476e-02
-5.610261624600094282e-02
-3.668952116759879312e-01
-1.311848564407579465e-01
-5.171612021014899696e-01
-6.789253751846019425e-01
-6.963607138353860027e-01
-6.857095400552565279e-01
-1.166737813606154583e+00
-4.811349174397290263e-01
-1.366701466357865824e+00
-7.749394310848083389e-01
-1.373920111342684658e+00
-1.153129805346430059e+00
-1.476260614495682244e+00
-1.304829312423149146e+00
-1.920676866676683137e+00
-1.643392917435924749e+00
-1.662372467800597553e+00
-1.563074894690706707e+00
-1.675313751888894531e+00
-2.488012423682459673e+00
-1.877760820834127209e+00
-2.186044631708404129e+00
-2.480011058802464863e+00
-2.250300799627289461e+00
-2.303867868994611268e+00
-2.207764355282857860e+00
-2.895294708382786908e+00
-2.646720862814697650e+00
-3.509728644611128878e+00
-2.045719509845942863e+00
-2.658706632806759895e+00
-2.954487745442488489e+00
-3.403416955627566409e+00
-2.781280126363469662e+00
-3.290480002610670862e+00
-3.720968830991263854e+00
-3.249214320462709527e+00
-3.262575359238514494e+00
-3.050545845554861302e+00
-3.777398914150738918e+00
-3.398615188628325789e+00
-3.586703114599161690e+00
-4.162883456389567804e+00
-3.813103434664895985e+00
-3.864777380850555666e+00
-3.853760631173732687e+00
-4.362985860364983814e+00
-4.045536793771172590e+00
-4.122029904979642723e+00
-4.061841270671797233e+00
-3.658323418385980297e+00
-4.482468691441334308e+00
-4.305243571570051664e+00
-4.502228745601017934e+00
-4.432895468718441201e+00
-4.239034345168503748e+00
-4.807721280193822722e+00
-4.940395682541422140e+00
-4.347874271082126540e+00
-3.971958511408742787e+00
-4.691506493418258650e+00
-4.858855665542361812e+00
-4.609242913121143204e+00
-4.958700549566259497e+00
-4.624743032471063664e+00
-4.945749180055465821e+00
-5.050463476830270082e+00
-4.388495977780483948e+00
-5.476879099437415910e+00
-4.562939664679295682e+00
-5.132732735066920071e+00
-5.138543385988204371e+00
-5.172322094953987204e+00
-5.136679227301067741e+00
-4.900325105782653345e+00
-4.463402077404750479e+00
-5.887845799607474895e+00
-4.286062649953302994e+00
-5.713953845350348004e+00
-5.203765059950247185e+00
-5.221516081265679787e+00
-4.565819857493668366e+00
-4.745604052888023894e+00
-6.065833493286198141e+00
-4.122179078641066141e+00
-6.085248207656888120e+00
-4.941778724788337129e+00
-5.378076948927711598e+00
-4.808849111442268232e+00
-5.271460567239391715e+00
-5.440035992469323567e+00
-4.916575571082575813e+00
-4.961241084570144899e+00
-5.277313040656492760e+00
-5.443346528681254348e+00
-4.639109423635376928e+00
-5.398058050232597438e+00
-4.390837431574251326e+00
-5.202441894079891327e+00
-5.358169628462755796e+00
-5.125798280921386230e+00
-5.310068089835510818e+00
-4.432129565298623675e+00
-5.031704490407021169e+00
-5.057331058008383451e+00
-4.436824957060967023e+00
-5.428528302335556610e+00
-4.846525188662314854e+00
-4.446976162092049378e+00
-5.036245997328723689e+00
-4.586400256983642620e+00
-5.164180699248825057e+00
-4.433882091676426107e+00
-4.561123111074201653e+00
-4.444215266602307146e+00
-4.822744405237551213e+00
-4.540965841214990029e+00
-4.228328431231022755e+00
-4.375915486689178735e+00
-4.445546388284547845e+00
-4.254140757025511199e+00
-4.574648864358595191e+00
-3.940258271798637857e+00
-4.762847988236918795e+00
-3.699591580378716049e+00
-4.063992870964618476e+00
-3.945823093222774247e+00
-3.993994077711778612e+00
-3.586868325631789034e+00
-4.896707397545964291e+00
-3.819556935273551446e+00
-3.676179712945617517e+00
-3.546141349713840540e+00
-3.621357150407535919e+00
-3.572056956904820169e+00
-3.855734597160178634e+00
-2.785729973827169914e+00
-3.951674170173915535e+00
-3.240722702381762410e+00
-3.049159305233692496e+00
-3.399297998447122993e+00
-2.955055428976946619e+00
-3.366428935989925986e+00
-2.956360852269299233e+00
-3.180825439312026770e+00
-2.796812093573878055e+00
-2.462660264930053522e+00
-3.341426389889737170e+00
-2.039887467826682510e+00
-2.587140618674236059e+00
-2.705602941235699443e+00
-2.131556692735373737e+00
-2.988997690200748458e+00
-2.475987098283197962e+00
-1.498448688001362328e+00
-2.579912069544801678e+00
-2.536542692256641196e+00
-1.902206458050640814e+00
-2.095059328017982114e+00
-1.763734602848175514e+00
-1.520383421619696307e+00
-1.370635318438394590e+00
-1.788244338078557982e+00
-1.832984933411939243e+00
-1.255854573702585020e+00
-1.497172341939244422e+00
-1.099362949297299163e+00
-1.393874097592005867e+00
-1.390516485102465172e+00
-1.275709196507989196e+00
-3.586533493864504374e-01
-1.395085792952886816e+00
-1.150066769404766154e+00
-4.017703898709364951e-01
-8.322976012799513379e-01
-3.386986620170226447e-01
-4.976470811813289430e-01
-7.892707772819689271e-01
-3.700248547620629269e-01
-2.335801137901547808e-01
-1.182234465069152973e-01
-2.099491620172753426e-01
3.893741191225427167e-01
-2.042242267032976788e-01
-1.523165421723094992e-01
3.547994548734331177e-01
3.743082343076739038e-01
-6.820351544045694103e-02
5.335176949947113556e-01
6.143238788556820706e-01
4.899063768065143876e-01
3.900931459972497573e-01
6.605056920359614336e-01
8.011302440215632981e-01
8.162374716139112474e-01
1.072990218314805677e+00
8.790581167781855720e-01
8.503032486215081898e-01
1.240849382715457638e+00
1.399263178577413225e+00
9.164947721768671451e-01
1.973644593066701702e+00
9.418075827850027615e-01
1.307906662015522192e+00
1.592251287596767373e+00
2.017092535557261535e+00
1.663359639363980014e+00
2.074301385488084737e+00
1.587970633988326830e+00
1.706379225469316196e+00
2.026496503827660778e+00
2.463868488106477628e+00
1.599949472746885260e+00
2.326465173929118890e+00
2.027631621287826924e+00
3.214437020931046440e+00
1.599232595806159063e+00
2.355111902737153873e+00
2.531609583073382908e+00
2.372899714704027829e+00
2.539888945355337491e+00
3.291927142709035969e+00
2.040925169131539096e+00
2.720983496296456305e+00
3.041512958157408075e+00
3.025760234900723322e+00
2.206117883218170928e+00
3.032176994420707317e+00
3.647333906181601471e+00
2.732817347685681852e+00
3.459677993359969062e+00
2.695175061489638590e+00
3.548490089442965179e+00
3.557488661292182108e+00
2.842827841644965492e+00
3.514875889512599993e+00
3.119158958692327843e+00
3.346333413725502304e+00
3.517918696110202692e+00
3.265301171873121966e+00
3.968105369944904037e+00
3.275054245995609126e+00
3.931978729235532377e+00
3.536041932442165692e+00
3.868314438162875124e+00
3.571040272906025326e+00
3.149283816604922404e+00
4.377548612563199271e+00
3.711506950660716786e+00
3.472418294276632622e+00
4.109409608489374754e+00
4.228769801770902781e+00
3.887624619680739801e+00
3.858666832139586500e+00
3.588454101419527031e+00
3.818961257172026169e+00
4.556377893484491182e+00
3.752282073545245566e+00
4.048065861972715673e+00
3.562306368365905307e+00
4.639708890221496240e+00
3.978034369114143765e+00
3.922881348996678508e+00
4.347247947763348996e+00
3.684057302434828429e+00
4.225700689198846227e+00
4.535426617708153252e+00
3.683851916342840482e+00
4.027015749666077227e+00
4.156715475657369652e+00
4.056153627623587887e+00
4.449110823793064107e+00
4.131878372179854431e+00
3.706006684605755552e+00
4.628846349605932886e+00
3.975731741524018759e+00
4.165263683688363194e+00
3.861760243853807673e+00
4.432110131297615219e+00
3.781560206496414889e+00
3.817596162905154245e+00
4.519107110870907107e+00
4.239460359268240275e+00
3.470280966608178641e+00
4.685569075496109015e+00
3.605366230083367984e+00
4.059822158514847956e+00
4.530741757420702953e+00
3.779954258645922938e+00
3.669462521165903990e+00
4.125419790697564260e+00
3.963667037818741523e+00
3.491882894228967249e+00
3.739443173509739982e+00
4.549408918129753232e+00
3.437289291166604865e+00
3.405650796321543439e+00
4.174443311927896083e+00
3.945053846523532304e+00
3.689969134771705850e+00
3.162523225411589589e+00
3.901832428693501775e+00
3.477498838442779849e+00
4.080946171048992710e+00
3.117579040620527486e+00
3.362154671445652276e+00
3.584038454564519416e+00
3.407767297565405862e+00
3.535344006223347879e+00
3.548282360768092669e+00
2.919278895022439979e+00
3.419959929088705941e+00
3.273855097696315219e+00
3.309708263558805097e+00
3.184879415213889953e+00
2.875146868957759505e+00
3.156391618252177178e+00
2.845042407982831367e+00
2.910517885977595753e+00
2.489836131627091387e+00
3.424826555265961137e+00
2.906564259053942667e+00
2.630296392214401813e+00
3.067454825972284915e+00
2.421937952067518829e+00
2.623023055839138529e+00
2.412634500915165070e+00
2.504832094833012501e+00
2.556825539142851600e+00
2.160299643003070091e+00
2.726266452785339744e+00
2.020960372903777724e+00
2.676475434490091843e+00
1.665786422106434017e+00
2.204567687171974821e+00
1.674408610316062251e+00
2.462035685140471220e+00
1.649970762834600091e+00
1.597655075800784363e+00
2.243451262298993498e+00
1.682886389274744321e+00
1.534187759106019122e+00
1.948069509412479361e+00
1.966722259411355811e+00
1.194775921042333655e+00
9.094606698201160855e-01
2.213283837411454069e+00
1.155966014441843770e+00
1.001037620098398584e+00
1.567987611343217624e+00
1.106042988425203433e+00
9.808656591550326542e-01
7.843628857216726757e-01
1.793928622965067055e+00
6.678022578969206036e-01
6.214511885014589732e-01
8.491129335662087607e-01
2.875726847919587992e-01
1.487167899904133561e+00
1.046329237164299840e-02
6.802367408844095520e-01
6.392961665418189776e-01
3.625388441067242118e-01
4.759729048200984636e-01
-3.896170287712993341e-01
6.944537491213869096e-01
1.747846165079667835e-01
1.172898631510709277e-01
2.337407387720256274e-02
-7.797439450463176935e-02
-4.715960835059980205e-01
5.056856663319948542e-01
5.202857043598569514e-02
-8.606088780758184287e-01
-1.061004918175011552e-01
-6.899073866743203887e-01
-4.305421166832519853e-01
-5.982818926225647038e-02
-1.100949000665290223e+00
-2.513239459703551226e-01
-6.863807007863592657e-01
-1.053402722469370056e+00
-8.510937839906466129e-01
-6.052894081108589619e-01
-9.401340088145961893e-01
-1.702817053701675798e+00
-6.396817713018582152e-01
-1.091198569841022259e+00
-9.748550605888075538e-01
-1.649120063460461472e+00
-9.221428295617942750e-01
-1.595656833069668323e+00
-1.062074771624703873e+00
-1.354543704876086663e+00
-1.864781268555325111e+00
-1.161812515254933009e+00
-1.468899159987628655e+00
-2.137612292440913997e+00
-1.581605795809597259e+00
-1.453553710857562242e+00
-1.828215690381411296e+00
-2.145090821377036328e+00
-1.985921579365222289e+00
-1.854044432715055812e+00
-1.967345742264313024e+00
-1.760197698118386000e+00
-2.351169270909001519e+00
-2.132049548000750860e+00
-2.286301934811244774e+00
-2.454008823599938438e+00
-2.064305021396926509e+00
-2.231989447081665023e+00
-1.978233282699607853e+00
-2.474352945155881223e+00
-2.980381833356330112e+00
-2.346595580193064912e+00
-1.751013742559924369e+00
-3.159370285711724069e+00
-2.599190333257614949e+00
-2.423020032450232897e+00
-3.059881102742492587e+00
-2.083457349197901820e+00
-2.857330754416601337e+00
-2.960653755960271472e+00
-2.642886546899867461e+00
-2.855212769832663255e+00
-2.601855464183897571e+00
-2.740854498934517380e+00
-3.122262757471958139e+00
-3.027214437215719478e+00
-2.903779897319863856e+00
-3.283372625184824312e+00
-2.964612596294627700e+00
-2.626459713499046611e+00
-3.604156811364178203e+00
-2.784974613045537950e+00
-3.312824153207810429e+00
-3.119529782367150172e+00
-2.688152452297848605e+00
-3.402796788533068550e+00
-3.137849529178349250e+00
-3.516758661337601399e+00
-2.677472892689517270e+00
-2.759639237065331319e+00
-3.889838536573413830e+00
-3.368519593017701652e+00
-3.161040780843821008e+00
-3.304052217525857316e+00
-3.275914412603446291e+00
-2.951021431369837966e+00
-3.470396604362474324e+00
-3.325563060112588953e+00
-3.210163163830836996e+00
-3.347239101821633422e+00
-3.134149278935693950e+00
-3.324381682333250598e+00
-3.559784196431843295e+00
-3.073995598756503078e+00
-3.020906503392526865e+00
-3.559920557173253286e+00
-2.745835946767969382e+00
-3.789000683426956506e+00
-3.113269694906204421e+00
-3.894116685602098116e+00
-2.723370901537568223e+00
-3.752250758422239763e+00
-3.017813864618267505e+00
-3.562121392102887363e+00
-2.970070570130414200e+00
-3.335279073644828784e+00
-2.845465723093462795e+00
-3.033122879710575148e+00
-3.740530533359314180e+00
-3.379449599927736081e+00
-2.781881303318544774e+00
-3.595799683024051063e+00
-2.979644456189156632e+00
-3.189767184451829163e+00
-2.897796683806544760e+00
-3.197490131765294397e+00
-3.187864183443076094e+00
-2.502462035885636205e+00
-3.072851430113124227e+00
-3.295721005507537438e+00
-3.016772751603069569e+00
-2.936432660710868170e+00
-2.502250083370375133e+00
-3.223093948411412502e+00
-2.577875298908361312e+00
-3.411318660397591351e+00
-2.463300226223969602e+00
-2.841048214011762774e+00
-2.592566623891968014e+00
-3.125772695945991497e+00
-2.785368467103946699e+00
-2.209822816802568202e+00
-3.083640396955242391e+00
-2.766193214502344233e+00
-2.184548435257780863e+00
-2.458226306907310921e+00
-2.622890297649322466e+00
-2.895789694219230714e+00
-1.974955197543396990e+00
-2.011306546390976724e+00
-2.855791755612830052e+00
-2.099489307664291093e+00
-1.868311883765764847e+00
-2.744853919629861583e+00
-1.969879385820034745e+00
-2.504052072186871758e+00
-2.101307172584233385e+00
-1.793291496901715076e+00
-2.095992246036569195e+00
-2.183376381651639608e+00
-1.751521753617561572e+00
-1.522602480533956415e+00
-2.117601161273517274e+00
-1.882875906630386176e+00
-1.525753220357471740e+00
-2.084230979575661280e+00
-1.543476870807301893e+00
-1.796413420615371015e+00
-1.301761655478155255e+00
-1.490118451001636091e+00
-1.649479539802737982e+00
-1.538308163841677123e+00
-1.540455117873788859e+00
-9.337807121315703229e-01
-1.288414967726080329e+00
-1.695380548488027550e+00
-1.050109498548112086e+00
-1.393009679285044156e+00
-6.845902716880453154e-01
-1.476561660136736842e+00
-8.938698841882134483e-01
-5.525571447569650463e-01
-1.608535141205135854e+00
-6.954152824563679669e-01
-3.082665864167219438e-01
-9.082690122441664515e-01
-9.834422815513657046e-01
-3.356293366873761008e-01
-6.720952813429875716e-01
-6.761677566029516973e-01
-5.271859244551087009e-01
-6.492662288511968915e-01
-2.440720136729632728e-01
-5.808921280296414080e-01
-8.442884150386402442e-02
8.923502839625055069e-03
-7.121254655995661320e-01
5.139627168697920023e-01
-4.485373931210619447e-01
-3.193803454171748046e-01
2.480638318288761468e-01
-3.794091574303711800e-01
7.553973392454553792e-01
-6.409269787072119362e-02
-8.013468850301401492e-02
2.829652025320147923e-01
4.559043126888258635e-01
6.658317752183667837e-01
-5.427680534353379951e-03
4.666177370277742598e-01
6.095000821514645617e-01
6.386138152042747373e-01
3.048070782369624587e-01
7.072955398636775470e-01
8.861248116819590015e-01
5.680690706150176572e-01
6.368069697592898537e-01
1.017822384724669460e+00
1.076332511274396220e+00
3.642410738586284724e-01
1.131653380848528512e+00
9.284617810288157136e-01
1.176704951068029414e+00
7.089282267249967795e-01
1.606535129137469431e+00
1.081630392592180190e+00
1.032481644107296148e+00
1.401659309510359996e+00
9.861848216243798149e-01
1.670912254398414065e+00
1.361777686111425023e+00
1.481594526083428232e+00
1.311369512296571838e+00
1.517418599081581165e+00
1.655499006962489306e+00
1.424273226242998902e+00
1.548829363180097340e+00
1.198388935171822434e+00
2.194326651647314108e+00
2.146670792312064702e+00
1.753416237073394779e+00
1.343669042957489346e+00
2.025172987499155752e+00
1.979000839737341977e+00
1.542555740575267453e+00
2.256701883527027164e+00
1.751021073107495996e+00
1.875122947020592123e+00
2.299564747238828311e+00
1.771002569559849693e+00
2.364394635843326320e+00
2.305649853411054995e+00
1.474930988237850737e+00
2.169625292351094359e+00
2.135051166177248216e+00
2.419627832228116393e+00
2.076612292052516295e+00
2.672916363139754559e+00
2.108256976539240934e+00
2.214861856136196128e+00
2.904093224530773565e+00
2.159448892267450848e+00
1.839353951868463177e+00
2.383640135886557321e+00
2.466970491444926861e+00
2.533368518025048921e+00
2.392667217196424723e+00
2.674242953673261702e+00
1.979966773220945830e+00
3.131858055041623068e+00
2.222560877328362050e+00
2.783627981120960548e+00
2.439363884439678998e+00
2.152183092739361037e+00
2.659501375680759505e+00
2.514704224670142541e+00
2.816976341812934770e+00
2.394042029202035682e+00
2.907271007287299369e+00
2.515706530883287773e+00
2.426491020498910078e+00
3.097433858465130196e+00
2.159565902945645099e+00
2.849365659980203525e+00
2.792738499946961550e+00
2.221328027274894090e+00
2.578903610243022726e+00
3.232579365734541188e+00
2.526138895055178413e+00
2.676467767421971455e+00
2.476378043921867889e+00
2.753449134891399641e+00
2.241072650958147783e+00
3.004295157858377419e+00
2.201188916561977127e+00
3.064931533585871559e+00
2.586804284108035645e+00
2.697527126961352550e+00
1.736850946815250651e+00
3.567502862335602654e+00
2.706220033491478993e+00
2.254092775931453740e+00
2.392927357368843655e+00
2.505714216095248581e+00
2.622215997161057022e+00
2.682636091221845209e+00
2.065460392321258443e+00
3.189060196465594910e+00
2.258799199795127777e+00
2.434035554940050972e+00
2.769353564371623388e+00
1.999581164329985672e+00
2.690013348690593276e+00
2.309267983890838760e+00
2.707083933934921305e+00
2.579812288058545899e+00
2.136506815395253778e+00
2.183559672160320542e+00
2.339245313837890805e+00
2.723346850985797651e+00
2.522642203457291288e+00
1.807485725887284289e+00
2.081517597581114654e+00
2.619853695548566730e+00
2.247779700803793190e+00
2.152009139636141377e+00
2.253667464223048089e+00
1.452691900087431209e+00
2.554674815362316220e+00
1.750452030693570693e+00
2.458476497699875640e+00
1.898647947749197540e+00
1.649487432459643799e+00
2.433529389457350423e+00
1.414092274245634995e+00
1.960662171886898175e+00
1.814569114285546902e+00
2.040466184812149919e+00
2.069353555204425987e+00
1.704148727858224355e+00
1.423723098339814364e+00
1.980170769368031269e+00
1.373904978964861412e+00
1.654021348698737404e+00
1.756518566174133156e+00
1.501488538535681982e+00
1.042128002546442334e+00
1.882800668014922518e+00
1.960099409080908739e+00
9.404214762755493950e-01
1.890219377051485905e+00
1.201045479776623459e+00
1.044049953190438584e+00
1.194223335236907158e+00
1.188015745418899760e+00
1.169313144813687977e+00
1.612030479043469189e+00
1.834196234497587286e+00
1.778722726299199475e-01
1.450967823072639495e+00
7.870866076848149762e-01
8.234655106709365402e-01
1.313852103328772447e+00
6.144763500876427864e-01
1.070894514784211049e+00
1.107494427070519372e+00
4.275079762308868769e-01
4.711909360602423158e-01
1.317170106711679889e+00
4.929156442750052269e-01
5.808055712490463041e-01
8.208345413945242752e-01
3.851461862956353510e-01
4.032245006970850976e-01
2.915654498552343599e-01
6.184705590785574136e-01
4.380883891280867304e-01
3.255476978785334374e-01
3.019723595748035616e-01
1.227500415799527567e-01
-8.622937671110947333e-02
5.220444463557265546e-01
-1.670909737907417536e-01
5.715821616733756105e-01
6.365657459950914421e-02
1.018355143850177384e-02
-3.013989681122707376e-01
-5.146888605516687643e-02
5.477743149787986932e-01
-7.311249785320065309e-01
-1.270291780019612293e-01
2.527983747071799528e-02
-1.014447520371442729e-01
-8.068437038614914014e-01
-1.304054373590800842e-01
-6.715831207955794691e-01
2.056447387458419929e-01
-5.538384974656465065e-01
-5.498362874316647941e-01
-1.005180851758073590e+00
7.425295611236100435e-02
-6.730137071106003788e-01
-7.587975669862138117e-01
-4.922722392352312237e-01
-8.094616453753537000e-01
-8.624254839374047021e-01
-6.109242264814691570e-01
-5.471233876619627789e-01
-1.181086383718906951e+00
-8.819300639844996903e-01
-9.526180176853354942e-01
-7.880272772844372220e-01
-9.214627824456382843e-01
-7.955844916289143143e-01
-1.617993274024257522e+00
-8.067798732816002794e-01
-9.681219146359343330e-01
-1.674058281609748455e+00
-1.249591618874736243e+00
-7.995733837216433271e-01
-1.291747707223168229e+00
-1.474776224497641230e+00
-1.234722150773925886e+00
-1.056247527553642707e+00
-1.567186085526298678e+00
-1.808213437485473252e+00
-8.008457916693821899e-01
-1.473112121988253254e+00
-1.527798001548454465e+00
-1.468174690277395777e+00
-1.736064663619721005e+00
-1.387414754600369227e+00
-2.142633777527894079e+00
-1.284698579807406205e+00
-1.337724992009384550e+00
-1.476369041655879677e+00
-2.161695936224743875e+00
-1.279911643808482768e+00
-1.674000116173361530e+00
-2.106683387584236566e+00
-1.459679076613252136e+00
-1.996264693245970001e+00
-1.551991206054918582e+00
-2.061334394945565140e+00
-1.792293564488907975e+00
-1.658314831424606117e+00
-1.384840124918210735e+00
-2.418666592606660615e+00
-2.434530894814343149e+00
-1.474836871371131064e+00
-2.733478211515288248e+00
-1.265574607025449883e+00
-1.954651902477833492e+00
-2.151782024974639551e+00
-1.803494774733515493e+00
-1.728514521063369447e+00
-2.150173247035572999e+00
-1.688678682341458792e+00
-2.852323043517943191e+00
-1.462291096355672337e+00
-2.025511894996885331e+00
-2.122828634237556411e+00
-2.715919920736048265e+00
-1.193210412330905301e+00
-2.223834068511406858e+00
-1.989445920565654946e+00
-2.360476747405033660e+00
-1.749611433956742124e+00
-2.471168751372315509e+00
-1.744556832767607535e+00
-2.343204776111112331e+00
-2.592071543832398017e+00
-1.533350421858542312e+00
-2.707379967027210732e+00
-2.192080329245949866e+00
-1.718037442545478299e+00
-2.540591444121925058e+00
-1.670722392702798764e+00
-1.661259225942538720e+00
-2.378097402967298546e+00
-2.221479943813241320e+00
-2.206429288206646966e+00
-2.219120009618857470e+00
-1.894931566070677587e+00
-2.299611562336045800e+00
-1.876458463446639691e+00
-2.205151725003151153e+00
-1.909851152832777954e+00
-1.847981084791201045e+00
-2.086388923450086086e+00
-2.332804878558119466e+00
-2.371719360960746759e+00
-1.445755328343501178e+00
-2.424975406099267428e+00
-2.336474911043711522e+00
-1.346350695708530498e+00
-2.207865678613457394e+00
-2.234919521825140087e+00
-1.679707908234584934e+00
-1.715096817568923848e+00
-2.133611659823722917e+00
-1.470506873647819068e+00
-2.416629975094774618e+00
-1.581475337745650522e+00
-1.756174263133845059e+00
-1.771496680748088082e+00
-2.000742575630395592e+00
-2.016178607095742148e+00
-1.985376188615085802e+00
-1.479250917024197420e+00
-1.737904757045160897e+00
-1.625159725876955452e+00
-1.932890723574538949e+00
-1.387254546111528652e+00
-1.422014984697684170e+00
-2.201616185313739482e+00
-1.312766742771537487e+00
-1.574293023746849096e+00
-1.842427768880177341e+00
-1.875384787474508430e+00
-9.841366006090321861e-01
-2.215260467844934134e+00
-1.240395252216613953e+00
-1.296310371757914970e+00
-1.536281290095442786e+00
-1.057933416187420317e+00
-1.748479079626773292e+00
-1.223069022889221369e+00
-1.145621757187281320e+00
-1.118362179174865467e+00
-1.332714391177439950e+00
-1.646184970209478182e+00
-1.223103799088300692e+00
-1.183868538283525007e+00
-1.048348330439326848e+00
-1.644362652092169030e+00
-3.690378929352842174e-01
-1.144152892017567424e+00
-1.470855804735398342e+00
-9.258582935371870715e-01
-8.109213426917486478e-01
-7.335988410414165939e-01
-9.996707954845048816e-01
-1.141760562350741859e+00
-8.646429954941029505e-01
-8.287413017742186749e-01
-6.873150403326124813e-01
-4.038977954837375539e-01
-9.285187889829586982e-01
-1.280915352910363403e+00
-4.719432195019773041e-02
-7.230306345587486083e-01
-1.094036781099985367e+00
-2.172396104389396343e-01
-5.784072549801696494e-01
-5.409809298763154084e-01
-2.513048916970846425e-01
-1.363934152200552585e+00
1.444652189078859394e-01
-6.458366380927161865e-01
-1.755787535092449003e-01
-3.451372111952891175e-01
-3.708195509185553407e-01
9.082567172030321656e-02
-6.750935127795504309e-01
-4.196002926678311651e-01
3.137989146678381303e-02
-2.253421127482833630e-01
2.775233361126361875e-01
-6.174119810423414068e-01
3.920633276139873225e-01
1.406966836138295318e-01
-4.597194869288042107e-01
3.740188067193612742e-01
2.838878683873545805e-01
6.193883655832693041e-02
1.381396743749802869e-01
6.578109560497649722e-02
3.111899694529448035e-01
6.194095177835384075e-02
-2.984487433945969340e-02
1.044147130134277512e+00
-3.178659018052759078e-01
6.481422156738739782e-01
4.950321832524058330e-01
5.168136623084921277e-01
4.427609851686057918e-01
1.233249431743796282e-01
2.934425809083628378e-01
1.084973201595238024e+00
3.345425260794135935e-01
6.730702367170097178e-01
8.817652153840628282e-01
6.358288370899168873e-01
6.237059883508195846e-01
5.670035814955078912e-01
7.878496767460642092e-01
3.623788490714884847e-01
1.181729238822891048e+00
9.808384424066338703e-01
5.440328169136562364e-01
9.399209304027996703e-01
9.840276997189765229e-01
9.731068783102414521e-01
8.747267726992711268e-01
1.036137719056976270e+00
1.236665692264993677e+00
4.587972435554871220e-01
1.539209581402739335e+00
1.174335437432676432e+00
7.577906556261710946e-01
1.411094038006324602e+00
1.105015555882869593e+00
1.137176165741272005e+00
9.216203133288271010e-01
8.151154074299487018e-01
1.589039840691519379e+00
1.726716962456349647e+00
8.302016642765989163e-01
1.220534596425330687e+00
1.606994178011786900e+00
1.687058605191185556e+00
5.626654791492305963e-01
1.981835613070106028e+00
1.113290075192813422e+00
1.705692283285522359e+00
1.125388995696098959e+00
1.269892299576428796e+00
1.400508368193341457e+00
1.880605048433208193e+00
1.464806760864692414e+00
1.085632479487329549e+00
1.624144655737991050e+00
2.027841864501204405e+00
1.442390200558168356e+00
1.332366384825461214e+00
1.060768875709056314e+00
2.298764765468474636e+00
1.269604632456623472e+00
1.229916462095221874e+00
2.303616123330829879e+00
1.113383631178362476e+00
1.367417730174213419e+00
1.711151748126509053e+00
2.157607624723884232e+00
1.552319683025639163e+00
1.552244202003711049e+00
1.327233401781290123e+00
1.877772565262515680e+00
1.771706657076144387e+00
1.358756888675035857e+00
1.490877091004698007e+00
2.032116108791509390e+00
1.708437631714489591e+00
1.612041691767315710e+00
2.091171799752792992e+00
1.548980848533055399e+00
1.339214622586830439e+00
1.417964825326908374e+00
1.730174310639708279e+00
2.051779015976311182e+00
1.523890599447933480e+00
1.901041241225359446e+00
1.623898651512944991e+00
1.585866158024960670e+00
1.733332932625535783e+00
1.480661098368792228e+00
1.577575823528649224e+00
1.927438942677501377e+00
1.887195971381222304e+00
1.778777668436442916e+00
1.911260575403041173e+00
1.369229929903314380e+00
1.841826657224230557e+00
1.359963114075007473e+00
1.256357825558183761e+00
2.386354740325342227e+00
1.508846282595381671e+00
1.398599645345762976e+00
1.379005278952722957e+00
1.876591698242833894e+00
1.480382892146276719e+00
1.078374230902721331e+00
1.769053392669094560e+00
1.285553346735988312e+00
2.055055638497313097e+00
1.708113606236506987e+00
1.032302419781172986e+00
1.902562000634212769e+00
2.004799301286675384e+00
1.102186614586182056e+00
1.152723675365385780e+00
1.410220791298810505e+00
1.614704921074898047e+00
1.358461145370419398e+00
1.952946882302169396e+00
7.043786062393432301e-01
1.698881572531678374e+00
1.328274715047748078e+00
1.297005602655943557e+00
1.134861795929635653e+00
1.730438127175257801e+00
1.173712892150184928e+00
1.096415627763783984e+00
1.439376989464216994e+00
1.427253941753123145e+00
9.850260357410464129e-01
1.122365809571180373e+00
1.592323063105092196e+00
7.894202931602608553e-01
1.089533356545736131e+00
1.274401297508792830e+00
9.266085519013999017e-01
9.511683547096434488e-01
1.048373481519653261e+00
1.508229295624106125e+00
1.010923917912701420e+00
6.081026077868492141e-01
1.211796478268559518e+00
4.642203590996715201e-01
9.943529330716084358e-01
1.072504860715103092e+00
7.628486518344587131e-01
1.066014338982379517e+00
8.648469902668551867e-01
1.011021246013930064e+00
5.596878576111719017e-01
7.821566499364953629e-01
5.289057569861116415e-01
1.128531954265694859e+00
4.484969641370623039e-01
2.726666343101480372e-01
1.746914727668855916e+00
-5.926991245893301619e-01
9.157805451531395580e-01
5.919841694594533132e-01
7.759697367785584055e-01
3.686366800370464714e-01
9.296375587804686091e-01
2.106262798847777507e-01
3.913801925217605948e-01
5.965643643757899406e-02
7.732068568217944637e-01
3.603198825853234366e-01
5.286224259601789432e-01
4.129949540270887003e-03
2.527665384813999050e-01
5.444860245785805297e-01
9.417421568147159305e-02
1.475077242825668933e-01
-2.356456468186311770e-01
1.587048439179827852e-01
3.396612267919748573e-01
5.573191754259174679e-01
-4.486632671337970057e-01
5.168784565071614656e-01
-4.403822300364997888e-01
3.621803460038691691e-01
-1.069631765971808118e-01
-4.956549033586212238e-01
-2.033072850977696300e-02
2.165016414722264748e-01
1.643310909856209590e-01
-1.586058220473842983e-01
-6.065404420625435389e-01
-3.838798382902331580e-02
-3.601763011286409633e-01
-2.885854634587971534e-01
5.026242195634848114e-02
-9.157109928030935375e-01
3.575748988562543196e-01
-9.897910096402209312e-01
1.141689160792114105e-01
-5.440437647853862968e-01
-9.585266792833151417e-01
4.625438588391577177e-01
-1.214662314538084154e+00
-2.150849451600892748e-01
-2.905654250794594828e-01
-7.365371906736368768e-01
-5.672321659485810574e-01
-3.722653294294658299e-01
-8.163466145204081315e-01
-7.329597117949590013e-01
-4.075398915267218758e-01
-7.991501487389549574e-01
-4.508670474633236780e-01
-8.973194678204027275e-01
-7.040738837509930015e-01
-1.260523394243179274e+00
-2.114276869487798916e-01
-6.901708793725574997e-01
-8.841573404285550941e-01
-6.546939873022959988e-01
-1.129292950989969846e+00
-9.184422250549979516e-01
-8.003343109906017050e-01
-7.371554040865847535e-01
-1.280946711116638159e+00
-1.108957783088099225e+00
-3.928050365387241172e-01
-1.722806380760800726e+00
-6.164611127923024236e-01
-9.669444850718782458e-01
-9.797038438834351215e-01
-8.406878928353701541e-01
-1.318334712284608745e+00
-5.212318484699529630e-01
-1.524010435808051511e+00
-1.060166244201388386e+00
-9.715033893611344507e-01
-1.237217394202521081e+00
-1.136758652745585962e+00
-1.057805311420341399e+00
-1.459615227879396571e+00
-9.777397432083023698e-01
-1.151016181483863532e+00
-1.232230346591676629e+00
-9.177268677207306435e-01
-1.248610874864114706e+00
-1.406836623531327435e+00
-1.534353007062230434e+00
-1.164345878633497922e+00
-1.189590406386400234e+00
-1.279235770019040874e+00
-1.255005805829010557e+00
-1.360305588846179692e+00
-1.247939587431827535e+00
-9.602018786647911197e-01
-1.560577515796022885e+00
-1.693787454189730868e+00
-1.067035422808732870e+00
-1.356974988382096070e+00
-9.560095681374453092e-01
-1.504561303608336065e+00
-1.253075150298463170e+00
-1.260081152914522162e+00
-1.590697136792535993e+00
-1.469525853247130476e+00
-1.124944412861826226e+00
-1.321125280211615127e+00
-1.346126959086485941e+00
-1.231027517167997853e+00
-1.535373300629138349e+00
-1.755880612999216384e+00
-1.045297031464998527e+00
-1.322991143211593723e+00
-1.592656654189514853e+00
-8.094245526911298949e-01
-1.681513104717164975e+00
-1.450334343086809863e+00
-1.143435695434592780e+00
-1.053423535725031668e+00
-1.719266974006534721e+00
-1.348176550365580928e+00
-1.583748686681023310e+00
-7.895582075981601999e-01
-1.600727119037113511e+00
-1.624588191833891804e+00
-9.223197286642709214e-01
-1.187239167632538450e+00
-1.397163469187568285e+00
-1.906872844740628459e+00
-9.174668474037435129e-01
-1.299805984363127109e+00
-1.436888587113289706e+00
-9.430134979288299357e-01
-1.103965874984840001e+00
-1.518443039245302772e+00
-1.084771349904171345e+00
-1.328448037146580996e+00
-1.061792844436962646e+00
-1.467229211980366710e+00
-1.315909708092917407e+00
-1.242106454359324097e+00
-1.016336597154045451e+00
-1.242503234249299204e+00
-1.067520464275161896e+00
-1.505130478898738522e+00
-1.082135322528211541e+00
-1.281816346161426257e+00
-7.802914892499998034e-01
-1.310593561231919946e+00
-9.522572243476157272e-01
-8.727212313470728011e-01
-1.765070677951591227e+00
-7.900012634322712834e-01
-7.977012331172742554e-01
-1.064116229985464290e+00
-1.044931209717722354e+00
-1.191638487421305959e+00
-1.121931205003055210e+00
-6.222040984521772788e-01
-8.153571309123589517e-01
-1.055254681757320956e+00
-8.935411459983887417e-01
-6.633354079341564624e-01
-1.356498810605692107e+00
-2.376096101083647605e-01
-9.786440797725588503e-01
-1.137032880590145956e+00
-9.074138335860318927e-01
-8.701849098868897903e-01
-4.854196480752968057e-01
-9.550488031477577522e-01
-9.080207261354830139e-01
4.448225081893843191e-02
-1.299988193128210012e+00
-7.284239562754505348e-01
-6.298555771766304323e-01
-8.036755009901332958e-01
-7.486100828499384630e-01
-8.204434194885383835e-01
1.066934759169307911e-01
-9.852677998898581313e-01
-1.317571377140993871e-01
-1.215177403265289113e+00
-5.363478727456276740e-01
-2.364497628140043717e-01
-3.945707225764236159e-01
-8.628131372786208564e-01
1.642089210260554988e-01
-2.700632096319952602e-01
-1.139062989196190756e+00
1.339373426034332348e-01
-7.910651415822481658e-01
-1.238906846493384867e-01
-6.739305855662592881e-01
5.028577655704773441e-01
-4.801231767024034536e-01
-6.400066356268979684e-01
2.469603509432511945e-01
-7.807450910668366495e-01
-1.336732443149430127e-01
5.258917442495816136e-02
-3.934901519891096933e-01
3.277991039930344686e-01
-4.557329824615752867e-01
5.784484157984130792e-02
-5.241519640764410459e-01
6.598363431692294556e-01
-2.405631173669078859e-01
3.685068469608660663e-02
8.078015072871465307e-02
9.498642034589879421e-03
-2.608248368883971935e-01
3.385618885218778518e-01
4.480667125051682881e-02
7.853033714214950611e-02
-7.204265560362714538e-02
4.462166615434934314e-01
3.146284343435094000e-01
-5.650589246800685923e-03
5.319636574662266471e-01
-7.173769925170837836e-02
3.378760025054727278e-01
-5.298509133829538281e-02
4.606279495363197474e-01
8.128619574509006185e-01
-4.093337100729524392e-01
1.148670630713001684e+00
-1.088107741528832467e-01
2.242546703183048717e-01
3.664708014703427774e-01
6.775507790785142426e-01
2.712476834197232178e-01
5.832906469570663388e-01
5.845730290645096972e-01
3.597062832579996927e-01
4.364321447333435744e-01
7.022549506398103603e-01
2.506455386067499291e-01
4.365761472533905563e-01
1.025322614630344908e+00
2.805367217980321293e-01
5.296189654026385307e-01
1.005138988216691454e+00
1.750965276961514716e-01
7.150877760710809827e-01
1.042143047257153343e+00
6.675683252047287519e-01
7.586981944283558432e-01
5.932006408176746515e-01
6.505326792243145695e-01
1.238980610169212015e+00
2.218710906787922654e-01
1.022415511056551596e+00
7.594120864400835114e-01
8.865543795535395510e-01
-5.187445184321711616e-02
1.313683373246671726e+00
1.032740671525203213e+00
2.584523997366743320e-01
1.329655976098087278e+00
8.832676373635440781e-01
9.095715525973292470e-01
8.305006770074562228e-01
9.123703351474768963e-01
5.680249957203815647e-01
1.150744149931974825e+00
1.186637600676740734e+00
7.354465983666634843e-01
1.079135535722004269e+00
6.687624072580375945e-01
1.480544272389926919e+00
6.193977458912245382e-01
9.355781414078907510e-01
1.100286172104053994e+00
1.173473406677197461e+00
7.297591935616301040e-01
1.038187028505665799e+00
1.163341234491495513e+00
1.133527970910510385e+00
7.586020746201388443e-01
1.349482122290464492e+00
8.226214938995353165e-01
1.782623162494100244e+00
9.927656299119122507e-02
1.222634124459389460e+00
1.015042824013449252e+00
7.984427463453023233e-01
1.619392805118224254e+00
9.041637731713522141e-01
1.424874561061256761e+00
1.092257373981011304e+00
7.214592350267223786e-01
9.730227765442065468e-01
9.863238773219321631e-01
1.407026435850830204e+00
1.084478705253665742e+00
1.489419249465757433e+00
4.609971573183769822e-01
1.440951663598024846e+00
1.057773093484682736e+00
8.765704378280594344e-01
1.091790058270420749e+00
1.251469273209821820e+00
8.041406405580689976e-01
6.611488857985703405e-01
1.582297578536261184e+00
9.987979485189236728e-01
1.190310936570016853e+00
1.069441796947894430e+00
9.303884469992722561e-01
1.457447553901020321e+00
6.493565555089276797e-01
1.597270581222264285e+00
6.657380899887208048e-02
1.557000980872477403e+00
1.078768194272440084e+00
6.940381582238832614e-01
1.411114486860294281e+00
1.398926263613085696e+00
3.541647391540258538e-01
1.391419155227107352e+00
4.831585747737306979e-01
1.333187708027514740e+00
8.063159588088071317e-01
1.284053496932792360e+00
1.112562402991100985e+00
1.040258291308387539e+00
5.452228138746473274e-01
1.200719246597510059e+00
5.208397480220475773e-01
1.075440049241619178e+00
1.133706138889207349e+00
9.130179644809469641e-01
7.705816655095719669e-01
9.840908708006824712e-01
8.832701184727059784e-01
8.576727505866810208e-01
8.179371565974964398e-01
7.547045863613004446e-01
1.058262785893027136e+00
8.601542589968406149e-01
4.212775515522993452e-01
7.468616507325315235e-01
8.179750127291008921e-01
1.212268762559306046e+00
4.700009222117319529e-01
4.021930223328981091e-01
9.301082715138780932e-01
7.115680223739354604e-01
7.926885915217936063e-01
7.572838418300877894e-01
4.767740563451053903e-01
1.163256992311930027e+00
5.337828613590533261e-02
1.015561166344572497e+00
3.216308136476463408e-01
1.215257137973563273e+00
-1.278159840751096621e-01
1.057084832043967859e+00
3.217459305082111531e-01
5.923812962598351550e-01
1.125420849375161403e+00
5.298988466398524971e-02
1.311466552955253828e-01
8.038563860549854390e-01
6.110047617706775291e-01
8.342501526123379252e-01
-1.534286388724481476e-01
6.780544142870608137e-01
1.815075044332348231e-01
6.416871609345915495e-01
4.168851349692402342e-01
6.314144445843093700e-02
1.304107842041856424e-01
5.963236269230813846e-01
1.699986950542041464e-01
5.941826743452826021e-01
5.171239920646345523e-01
1.237591010514877132e-01
-9.625853387848859466e-02
3.983420034326222159e-01
3.669023216239230001e-01
-2.025009180746296655e-01
2.871383060927099051e-01
6.257247659145475094e-01
-6.744986471664945471e-01
5.078785387386112182e-01
2.344739796606065685e-01
3.199044246549934134e-01
-3.751026348597915616e-01
3.116074793221011441e-01
1.166280132758660548e-01
3.569245231088927217e-01
-1.023811587781394139e-01
-1.299139889686794502e-01
-1.751119823229423111e-01
3.301749686536991635e-01
-4.962007328029654496e-01
5.055638346775002123e-01
-4.337584443090256592e-01
2.972765392325688594e-01
-6.361363776912077883e-01
-2.634714320614763849e-01
3.551609656693130446e-02
-1.175760546142941565e-01
-1.942052646874975752e-01
-1.340091829633907605e-01
-5.166666373266363133e-01
-1.067457348713238136e-01
-3.098358809612214437e-02
3.970308539586346608e-02
-9.864365349538321004e-01
-1.564114996364418878e-02
-5.204526913705320723e-01
-2.063485628544891870e-01
-4.716851951414260391e-01
-5.540259244145222944e-02
-6.222720476344726359e-01
-1.237327398607710183e-01
-5.524743854014794175e-01
-8.648665206862757651e-03
-1.084561757223632350e+00
7.861281560183652414e-03
-3.243461630125702433e-01
-3.612854326825019613e-01
-8.820563724918959458e-01
-2.204635215103771528e-02
-8.892100659708528365e-01
-1.352103150213956051e-01
-2.672651012844535212e-01
-1.148499963294359771e+00
1.473569504443468792e-01
-1.032620456640649609e+00
-1.800013027597614501e-01
-8.813627373805074106e-01
-9.972067085069127312e-01
-2.650642912849444088e-01
-3.368061892086963161e-01
-1.153489447737342966e+00
-4.042618635447628450e-01
-6.013241953950861918e-01
-5.187951298486248586e-01
-8.541669590420682967e-01
-3.346860432258097484e-01
-5.524825575980703007e-01
-1.310616141715694294e+00
-5.166769770539814122e-01
-6.010683111799205447e-01
-9.646335830873022932e-01
-6.336879583746775069e-01
-1.062005416896784737e+00
6.160535009411970131e-02
-1.251289799061582553e+00
-1.435946540212356792e+00
-5.421178341899035580e-02
-1.046330684311953307e+00
-7.837999682958857184e-01
-1.746319061958745700e-01
-8.889666929460603439e-01
-8.116785087627012008e-01
-1.163193518469704202e+00
-5.827650886683050091e-01
-1.257228499931775323e+00
-5.304774740849736991e-01
-8.490546863080988826e-01
-5.431893903730613538e-01
-7.785576613778534272e-01
-9.311011122403455298e-01
-1.118622200990829541e+00
-7.350651846792000121e-01
-1.067045654292948287e+00
-6.327077051308790390e-01
-1.061722205345390080e+00
-7.719996239040318731e-01
-1.093798103456596449e+00
-6.748795738738968542e-01
-9.770113474390687003e-01
-5.429616862331204663e-01
-1.211749837558560472e+00
-3.226218171289103875e-02
-1.487028079392057389e+00
-1.034067261965298634e+00
-3.002122832800117602e-01
-1.304940675580769982e+00
-1.175495768539539077e+00
-3.516294632288334554e-02
-1.428735659706000583e+00
-5.193137998927201959e-01
-9.529800228408615848e-01
-7.253525833996423700e-01
-9.337497636815500490e-01
-1.066377614668200469e+00
-6.894926810204027312e-01
-1.082259249431961168e+00
-5.741459183698972568e-01
-6.462861718042894887e-01
-7.407594537174401195e-01
-1.093726311898348680e+00
-1.321971792314424743e+00
-9.564027317047766319e-01
-6.586468938130473072e-01
-5.030425443643831152e-01
-1.188507192003053214e+00
-4.296644928146348130e-01
-1.141274551843935336e+00
-7.908142453645020664e-01
-4.452388580853278155e-01
-7.413105242700740449e-01
-1.223946774699215867e+00
-6.897688081105796121e-01
-7.682633877266072941e-01
-8.996755090074706196e-01
-8.362822100714454310e-01
-5.312354776309426985e-01
-5.958528079310004832e-01
-1.063651411165512650e+00
-8.515838083287369242e-01
-4.654198004031654956e-01
-6.903305951426044196e-01
-6.044860493405197488e-01
-7.782706069150460149e-01
