0.000000000000000000e+00
-2.586000000000000104e-02
-3.855000000000000093e-02
-5.757999999999999924e-02
-8.344999999999999640e-02
-9.614000000000000323e-02
-1.180999999999999966e-01
-1.385899999999999910e-01
-1.566500000000000115e-01
-1.732400000000000051e-01
-1.932500000000000051e-01
-2.132600000000000051e-01
-2.332599999999999951e-01
-2.479000000000000092e-01
-2.679099999999999815e-01
-2.879200000000000093e-01
-3.025599999999999956e-01
-3.264699999999999824e-01
-3.391600000000000170e-01
-3.611199999999999966e-01
-3.811300000000000243e-01
-4.030900000000000039e-01
-4.269999999999999907e-01
-4.450600000000000112e-01
-4.723800000000000221e-01
-4.928799999999999848e-01
-4.982500000000000262e-01
-5.089799999999999880e-01
-5.348500000000000476e-01
-5.436299999999999466e-01
-5.641300000000000203e-01
-5.856000000000000094e-01
-6.041400000000000103e-01
-6.260999999999999899e-01
-6.441599999999999548e-01
-6.588000000000000522e-01
-6.773400000000000531e-01
-6.934500000000000108e-01
-7.154099999999999904e-01
-7.354199999999999626e-01
-7.559099999999999708e-01
-7.773799999999999599e-01
-7.993400000000000505e-01
-8.139800000000000368e-01
-8.378999999999999782e-01
-8.544899999999999718e-01
-8.759599999999999609e-01
-8.891400000000000414e-01
-9.111000000000000210e-01
-9.311000000000000387e-01
-9.530600000000000183e-01
-9.711199999999999832e-01
-9.950299999999999701e-01
-1.015039999999999942e+00
-1.029679999999999929e+00
-1.046270000000000033e+00
-1.069700000000000095e+00
-1.093609999999999971e+00
-1.111660000000000093e+00
-1.141920000000000046e+00
-1.165829999999999922e+00
-1.186330000000000107e+00
-1.213170000000000082e+00
-1.230739999999999945e+00
-1.247819999999999929e+00
-1.268310000000000048e+00
-1.288810000000000011e+00
-1.309299999999999908e+00
-1.327849999999999975e+00
-1.344929999999999959e+00
-1.360060000000000047e+00
-1.375180000000000069e+00
-1.396169999999999911e+00
-1.413249999999999895e+00
-1.433740000000000014e+00
-1.452290000000000081e+00
-1.465950000000000086e+00
-1.483519999999999950e+00
-1.499619999999999953e+00
-1.515730000000000022e+00
-1.529879999999999907e+00
-1.547449999999999992e+00
-1.567939999999999889e+00
-1.585020000000000095e+00
-1.606980000000000075e+00
-1.627480000000000038e+00
-1.636749999999999927e+00
-1.654809999999999892e+00
-1.670420000000000016e+00
-1.685060000000000002e+00
-1.698239999999999972e+00
-1.709459999999999980e+00
-1.725570000000000048e+00
-1.737770000000000037e+00
-1.752410000000000023e+00
-1.761190000000000033e+00
-1.774370000000000003e+00
-1.784129999999999994e+00
-1.794380000000000086e+00
-1.803649999999999975e+00
-1.808529999999999971e+00
-1.819260000000000099e+00
-1.825120000000000076e+00
-1.828049999999999953e+00
-1.832929999999999948e+00
-1.836829999999999963e+00
-1.839269999999999960e+00
-1.839760000000000062e+00
-1.839760000000000062e+00
-1.839269999999999960e+00
-1.835860000000000047e+00
-1.831949999999999967e+00
-1.826580000000000092e+00
-1.821220000000000061e+00
-1.817800000000000082e+00
-1.813900000000000068e+00
-1.808529999999999971e+00
-1.802669999999999995e+00
-1.797299999999999898e+00
-1.790470000000000006e+00
-1.784129999999999994e+00
-1.775339999999999918e+00
-1.768999999999999906e+00
-1.761190000000000033e+00
-1.753379999999999939e+00
-1.745579999999999909e+00
-1.737770000000000037e+00
-1.728979999999999961e+00
-1.720199999999999951e+00
-1.711419999999999941e+00
-1.703610000000000069e+00
-1.694819999999999993e+00
-1.686530000000000085e+00
-1.676279999999999992e+00
-1.668959999999999999e+00
-1.660660000000000025e+00
-1.652369999999999894e+00
-1.645540000000000003e+00
-1.636260000000000048e+00
-1.627969999999999917e+00
-1.619669999999999943e+00
-1.609909999999999952e+00
-1.600640000000000063e+00
-1.592829999999999968e+00
-1.587460000000000093e+00
-1.578680000000000083e+00
-1.570869999999999989e+00
-1.560619999999999896e+00
-1.553299999999999903e+00
-1.545009999999999994e+00
-1.536219999999999919e+00
-1.528899999999999926e+00
-1.522559999999999913e+00
-1.513779999999999903e+00
-1.506459999999999910e+00
-1.499619999999999953e+00
-1.490839999999999943e+00
-1.482539999999999969e+00
-1.473270000000000080e+00
-1.463510000000000089e+00
-1.455219999999999958e+00
-1.447899999999999965e+00
-1.440090000000000092e+00
-1.431789999999999896e+00
-1.424469999999999903e+00
-1.417640000000000011e+00
-1.410320000000000018e+00
-1.404460000000000042e+00
-1.396660000000000013e+00
-1.389820000000000055e+00
-1.382989999999999942e+00
-1.373229999999999951e+00
-1.360060000000000047e+00
-1.351269999999999971e+00
-1.342489999999999961e+00
-1.333700000000000108e+00
-1.327849999999999975e+00
-1.321020000000000083e+00
-1.313700000000000090e+00
-1.309299999999999908e+00
-1.304419999999999913e+00
-1.297590000000000021e+00
-1.291740000000000110e+00
-1.283930000000000016e+00
-1.279050000000000020e+00
-1.270750000000000046e+00
-1.261970000000000036e+00
-1.255619999999999958e+00
-1.248790000000000067e+00
-1.241470000000000073e+00
-1.234150000000000080e+00
-1.226339999999999986e+00
-1.220490000000000075e+00
-1.215610000000000079e+00
-1.210730000000000084e+00
-1.203410000000000091e+00
-1.196090000000000098e+00
-1.188280000000000003e+00
-1.180469999999999908e+00
-1.175589999999999913e+00
-1.171200000000000019e+00
-1.166809999999999903e+00
-1.159000000000000030e+00
-1.151680000000000037e+00
-1.143869999999999942e+00
-1.137040000000000051e+00
-1.133140000000000036e+00
-1.128740000000000077e+00
-1.120940000000000047e+00
-1.114589999999999970e+00
-1.107760000000000078e+00
-1.103860000000000063e+00
-1.099460000000000104e+00
-1.096049999999999969e+00
-1.091169999999999973e+00
-1.085800000000000098e+00
-1.078969999999999985e+00
-1.075059999999999905e+00
-1.068719999999999892e+00
-1.064329999999999998e+00
-1.060419999999999918e+00
-1.055060000000000109e+00
-1.048219999999999930e+00
-1.042370000000000019e+00
-1.036019999999999941e+00
-1.028219999999999912e+00
-1.021379999999999955e+00
-1.017479999999999940e+00
-1.013579999999999925e+00
-1.006739999999999968e+00
-1.002350000000000074e+00
-9.965000000000000524e-01
-9.911299999999999555e-01
-9.847799999999999887e-01
-9.803899999999999837e-01
-9.745399999999999618e-01
-9.686799999999999855e-01
-9.642899999999999805e-01
-9.574599999999999778e-01
-9.535500000000000087e-01
-9.496499999999999941e-01
-9.452599999999999891e-01
-9.369600000000000151e-01
-9.301300000000000123e-01
-9.228100000000000191e-01
-9.169500000000000428e-01
-9.115799999999999459e-01
-9.081700000000000328e-01
-9.062200000000000255e-01
-9.023099999999999454e-01
-8.984100000000000419e-01
-8.949899999999999523e-01
-8.910900000000000487e-01
-8.876699999999999591e-01
-8.857199999999999518e-01
-8.827899999999999636e-01
-8.788899999999999491e-01
-8.764499999999999513e-01
-8.715699999999999559e-01
-8.666899999999999604e-01
-8.608299999999999841e-01
-8.578999999999999959e-01
-8.510699999999999932e-01
-8.461899999999999977e-01
-8.427799999999999736e-01
-8.359400000000000164e-01
-8.320400000000000018e-01
-8.281399999999999872e-01
-8.217900000000000205e-01
-8.174000000000000155e-01
-8.130100000000000104e-01
-8.091000000000000414e-01
-8.037400000000000100e-01
-7.969000000000000528e-01
-7.910500000000000309e-01
-7.886100000000000332e-01
-7.851900000000000546e-01
-7.803099999999999481e-01
-7.769000000000000350e-01
-7.749399999999999622e-01
-7.705499999999999572e-01
-7.661599999999999522e-01
-7.632299999999999640e-01
-7.617699999999999472e-01
-7.617699999999999472e-01
-7.578599999999999781e-01
-7.534699999999999731e-01
-7.515199999999999658e-01
-7.476199999999999513e-01
-7.446899999999999631e-01
-7.427399999999999558e-01
-7.393199999999999772e-01
-7.363899999999999890e-01
-7.344399999999999817e-01
-7.310200000000000031e-01
-7.290699999999999958e-01
-7.266299999999999981e-01
-7.232199999999999740e-01
-7.207799999999999763e-01
-7.183399999999999785e-01
-7.149199999999999999e-01
-7.124800000000000022e-01
-7.110199999999999854e-01
-7.061399999999999899e-01
-7.041800000000000281e-01
-7.027200000000000113e-01
-7.007700000000000040e-01
-6.973500000000000254e-01
-6.954000000000000181e-01
-6.934500000000000108e-01
-6.905200000000000227e-01
-6.880800000000000249e-01
-6.856400000000000272e-01
-6.846600000000000463e-01
-6.827100000000000390e-01
-6.807600000000000318e-01
-6.802700000000000413e-01
-6.778300000000000436e-01
-6.763700000000000268e-01
-6.749000000000000554e-01
-6.734400000000000386e-01
-6.714900000000000313e-01
-6.685600000000000431e-01
-6.661200000000000454e-01
-6.646600000000000286e-01
-6.636800000000000477e-01
-6.617300000000000404e-01
-6.592900000000000427e-01
-6.588000000000000522e-01
-6.568500000000000449e-01
-6.553799999999999626e-01
-6.553799999999999626e-01
-6.529399999999999649e-01
-6.519700000000000495e-01
-6.509899999999999576e-01
-6.495300000000000518e-01
-6.495300000000000518e-01
-6.470900000000000540e-01
-6.456199999999999717e-01
-6.451400000000000468e-01
-6.436699999999999644e-01
-6.422099999999999476e-01
-6.412299999999999667e-01
-6.402600000000000513e-01
-6.397699999999999498e-01
-6.387899999999999689e-01
-6.373299999999999521e-01
-6.368399999999999617e-01
-6.353799999999999448e-01
-6.343999999999999639e-01
-6.334199999999999831e-01
-6.334199999999999831e-01
-6.343999999999999639e-01
-6.343999999999999639e-01
-6.339099999999999735e-01
-6.339099999999999735e-01
-6.334199999999999831e-01
-6.329399999999999471e-01
-6.319599999999999662e-01
-6.314699999999999758e-01
-6.319599999999999662e-01
-6.309799999999999853e-01
-6.314699999999999758e-01
-6.319599999999999662e-01
-6.319599999999999662e-01
-6.324499999999999567e-01
-6.319599999999999662e-01
-6.309799999999999853e-01
-6.304999999999999494e-01
-6.309799999999999853e-01
-6.319599999999999662e-01
-6.309799999999999853e-01
-6.309799999999999853e-01
-6.309799999999999853e-01
-6.309799999999999853e-01
-6.314699999999999758e-01
-6.353799999999999448e-01
-6.368399999999999617e-01
-6.348899999999999544e-01
-6.353799999999999448e-01
-6.363499999999999712e-01
-6.392799999999999594e-01
-6.392799999999999594e-01
-6.402600000000000513e-01
-6.407399999999999762e-01
-6.412299999999999667e-01
-6.427000000000000490e-01
-6.446499999999999453e-01
-6.446499999999999453e-01
-6.456199999999999717e-01
-6.465999999999999526e-01
-6.470900000000000540e-01
-6.470900000000000540e-01
-6.475800000000000445e-01
-6.514799999999999480e-01
-6.529399999999999649e-01
-6.549000000000000377e-01
-6.558699999999999530e-01
-6.568500000000000449e-01
-6.573400000000000354e-01
-6.573400000000000354e-01
-6.592900000000000427e-01
-6.612400000000000500e-01
-6.583099999999999508e-01
-6.602599999999999580e-01
-6.626999999999999558e-01
-6.651399999999999535e-01
-6.666100000000000358e-01
-6.685600000000000431e-01
-6.705100000000000504e-01
-6.724599999999999467e-01
-6.744200000000000195e-01
-6.758800000000000363e-01
-6.768600000000000172e-01
-6.812500000000000222e-01
-6.807600000000000318e-01
-6.827100000000000390e-01
-6.846600000000000463e-01
-6.861300000000000177e-01
-6.885700000000000154e-01
-6.905200000000000227e-01
-6.934500000000000108e-01
-6.949100000000000277e-01
-6.963799999999999990e-01
-6.993000000000000327e-01
-7.002800000000000136e-01
-7.032100000000000017e-01
-7.066200000000000259e-01
-7.095500000000000140e-01
-7.124800000000000022e-01
-7.158999999999999808e-01
-7.193100000000000049e-01
-7.232199999999999740e-01
-7.256599999999999717e-01
-7.276099999999999790e-01
-7.319999999999999840e-01
-7.363899999999999890e-01
-7.393199999999999772e-01
-7.422499999999999654e-01
-7.456599999999999895e-01
-7.500599999999999490e-01
-7.529799999999999827e-01
-7.563999999999999613e-01
-7.607899999999999663e-01
-7.632299999999999640e-01
-7.661599999999999522e-01
-7.690900000000000514e-01
-7.720200000000000395e-01
-7.749399999999999622e-01
-7.720200000000000395e-01
-7.749399999999999622e-01
-7.764100000000000446e-01
-7.749399999999999622e-01
-7.778699999999999504e-01
-7.851900000000000546e-01
-7.895799999999999486e-01
-7.944600000000000550e-01
-7.988600000000000145e-01
-8.003200000000000314e-01
-8.017800000000000482e-01
-8.037400000000000100e-01
-8.061800000000000077e-01
-8.091000000000000414e-01
-8.120300000000000296e-01
-8.144700000000000273e-01
-8.178900000000000059e-01
-8.203300000000000036e-01
-8.247200000000000086e-01
-8.281399999999999872e-01
-8.325299999999999923e-01
-8.354599999999999804e-01
-8.393599999999999950e-01
-8.437500000000000000e-01
-8.491199999999999859e-01
-8.535099999999999909e-01
-8.554599999999999982e-01
-8.593699999999999672e-01
-8.632699999999999818e-01
-8.661999999999999700e-01
-8.705899999999999750e-01
-8.749799999999999800e-01
-8.793800000000000505e-01
-8.837699999999999445e-01
-8.896199999999999664e-01
-8.944999999999999618e-01
-8.993799999999999573e-01
-9.042599999999999527e-01
-9.096300000000000496e-01
-9.159800000000000164e-01
-9.198800000000000310e-01
-9.237800000000000455e-01
-9.286600000000000410e-01
-9.354999999999999982e-01
-9.394000000000000128e-01
-9.437900000000000178e-01
-9.486700000000000133e-01
-9.545299999999999896e-01
-9.584300000000000042e-01
-9.637999999999999901e-01
-9.681899999999999951e-01
-9.735599999999999810e-01
-9.789299999999999669e-01
-9.857599999999999696e-01
-9.911299999999999555e-01
-9.974699999999999678e-01
-1.002839999999999954e+00
-1.007719999999999949e+00
-1.013090000000000046e+00
-1.017970000000000041e+00
-1.022850000000000037e+00
-1.027730000000000032e+00
-1.033579999999999943e+00
-1.039439999999999920e+00
-1.045299999999999896e+00
-1.051639999999999908e+00
-1.057010000000000005e+00
-1.061890000000000001e+00
-1.067260000000000097e+00
-1.073110000000000008e+00
-1.079939999999999900e+00
-1.085309999999999997e+00
-1.090189999999999992e+00
-1.096049999999999969e+00
-1.102880000000000082e+00
-1.109220000000000095e+00
-1.115569999999999951e+00
-1.120449999999999946e+00
-1.126300000000000079e+00
-1.130209999999999937e+00
-1.137040000000000051e+00
-1.143869999999999942e+00
-1.150700000000000056e+00
-1.159489999999999910e+00
-1.165829999999999922e+00
-1.172660000000000036e+00
-1.177540000000000031e+00
-1.184379999999999988e+00
-1.189740000000000020e+00
-1.197060000000000013e+00
-1.203899999999999970e+00
-1.210730000000000084e+00
-1.215610000000000079e+00
-1.222930000000000073e+00
-1.230250000000000066e+00
-1.235619999999999941e+00
-1.240979999999999972e+00
-1.246350000000000069e+00
-1.253179999999999961e+00
-1.261970000000000036e+00
-1.268310000000000048e+00
-1.275139999999999940e+00
-1.282459999999999933e+00
-1.291740000000000110e+00
-1.297590000000000021e+00
-1.303940000000000099e+00
-1.311739999999999906e+00
-1.321020000000000083e+00
-1.328819999999999890e+00
-1.336140000000000105e+00
-1.341509999999999980e+00
-1.349809999999999954e+00
-1.356640000000000068e+00
-1.363469999999999960e+00
-1.372260000000000035e+00
-1.381040000000000045e+00
-1.386900000000000022e+00
-1.393729999999999913e+00
-1.402020000000000044e+00
-1.409340000000000037e+00
-1.416660000000000030e+00
-1.421059999999999990e+00
-1.429840000000000000e+00
-1.436669999999999892e+00
-1.443990000000000107e+00
-1.451799999999999979e+00
-1.458139999999999992e+00
-1.467899999999999983e+00
-1.474739999999999940e+00
-1.483519999999999950e+00
-1.490350000000000064e+00
-1.498159999999999936e+00
-1.505970000000000031e+00
-1.514259999999999939e+00
-1.520610000000000017e+00
-1.526459999999999928e+00
-1.535740000000000105e+00
-1.544030000000000014e+00
-1.553299999999999903e+00
-1.561109999999999998e+00
-1.566480000000000095e+00
-1.572820000000000107e+00
-1.581120000000000081e+00
-1.589900000000000091e+00
-1.597220000000000084e+00
-1.603569999999999940e+00
-1.611860000000000070e+00
-1.618700000000000028e+00
-1.626989999999999936e+00
-1.632360000000000033e+00
-1.640169999999999906e+00
-1.646020000000000039e+00
-1.654320000000000013e+00
-1.660660000000000025e+00
-1.669450000000000101e+00
-1.674819999999999975e+00
-1.682139999999999969e+00
-1.688970000000000082e+00
-1.696290000000000076e+00
-1.701659999999999950e+00
-1.708490000000000064e+00
-1.714339999999999975e+00
-1.720199999999999951e+00
-1.725570000000000048e+00
-1.730939999999999923e+00
-1.736299999999999955e+00
-1.741179999999999950e+00
-1.747530000000000028e+00
-1.750939999999999941e+00
-1.754359999999999919e+00
-1.759239999999999915e+00
-1.764119999999999910e+00
-1.769490000000000007e+00
-1.771930000000000005e+00
-1.774370000000000003e+00
-1.776810000000000000e+00
-1.778270000000000017e+00
-1.778759999999999897e+00
-1.778270000000000017e+00
-1.780710000000000015e+00
-1.782180000000000097e+00
-1.780710000000000015e+00
-1.780710000000000015e+00
-1.780219999999999914e+00
-1.779740000000000100e+00
-1.776810000000000000e+00
-1.774860000000000104e+00
-1.774370000000000003e+00
-1.771439999999999904e+00
-1.768999999999999906e+00
-1.766559999999999908e+00
-1.764610000000000012e+00
-1.760699999999999932e+00
-1.757290000000000019e+00
-1.753870000000000040e+00
-1.749970000000000026e+00
-1.745579999999999909e+00
-1.743139999999999912e+00
-1.737279999999999935e+00
-1.732399999999999940e+00
-1.728979999999999961e+00
-1.724590000000000067e+00
-1.719219999999999970e+00
-1.715319999999999956e+00
-1.711419999999999941e+00
-1.706050000000000066e+00
-1.700679999999999970e+00
-1.694819999999999993e+00
-1.689939999999999998e+00
-1.684090000000000087e+00
-1.679210000000000091e+00
-1.675789999999999891e+00
-1.669939999999999980e+00
-1.665059999999999985e+00
-1.658220000000000027e+00
-1.654320000000000013e+00
-1.647980000000000000e+00
-1.642609999999999904e+00
-1.636749999999999927e+00
-1.631869999999999932e+00
-1.627969999999999917e+00
-1.623580000000000023e+00
-1.618700000000000028e+00
-1.614300000000000068e+00
-1.610400000000000054e+00
-1.604540000000000077e+00
-1.599660000000000082e+00
-1.593809999999999949e+00
-1.588440000000000074e+00
-1.584540000000000060e+00
-1.580140000000000100e+00
-1.574289999999999967e+00
-1.569409999999999972e+00
-1.563059999999999894e+00
-1.557209999999999983e+00
-1.552820000000000089e+00
-1.548910000000000009e+00
-1.543060000000000098e+00
-1.538659999999999917e+00
-1.534759999999999902e+00
-1.529879999999999907e+00
-1.525490000000000013e+00
-1.520610000000000017e+00
-1.515239999999999920e+00
-1.511819999999999942e+00
-1.506939999999999946e+00
-1.501090000000000035e+00
-1.496699999999999919e+00
-1.492790000000000061e+00
-1.486939999999999928e+00
-1.483030000000000070e+00
-1.478150000000000075e+00
-1.473759999999999959e+00
-1.469859999999999944e+00
-1.465459999999999985e+00
-1.461070000000000091e+00
-1.456190000000000095e+00
-1.451310000000000100e+00
-1.446919999999999984e+00
-1.443500000000000005e+00
-1.439599999999999991e+00
-1.437159999999999993e+00
-1.432279999999999998e+00
-1.429349999999999898e+00
-1.423980000000000024e+00
-1.419100000000000028e+00
-1.415200000000000014e+00
-1.412760000000000016e+00
-1.407880000000000020e+00
-1.404460000000000042e+00
-1.401540000000000008e+00
-1.397629999999999928e+00
-1.393729999999999913e+00
-1.390309999999999935e+00
-1.387869999999999937e+00
-1.385920000000000041e+00
-1.381040000000000045e+00
-1.377140000000000031e+00
-1.374209999999999932e+00
-1.370789999999999953e+00
-1.369329999999999936e+00
-1.365909999999999958e+00
-1.362980000000000080e+00
-1.360540000000000083e+00
-1.357620000000000049e+00
-1.355180000000000051e+00
-1.353220000000000089e+00
-1.350300000000000056e+00
-1.347369999999999957e+00
-1.345900000000000096e+00
-1.343460000000000099e+00
-1.340540000000000065e+00
-1.337609999999999966e+00
-1.333220000000000072e+00
-1.330780000000000074e+00
-1.329309999999999992e+00
-1.327360000000000095e+00
-1.324920000000000098e+00
-1.323460000000000081e+00
-1.321499999999999897e+00
-1.317600000000000104e+00
-1.315649999999999986e+00
-1.313209999999999988e+00
-1.311739999999999906e+00
-1.308329999999999993e+00
-1.304419999999999913e+00
-1.303940000000000099e+00
-1.302470000000000017e+00
-1.299060000000000104e+00
-1.296620000000000106e+00
-1.294180000000000108e+00
-1.292219999999999924e+00
-1.288319999999999910e+00
-1.285879999999999912e+00
-1.283930000000000016e+00
-1.281490000000000018e+00
-1.278559999999999919e+00
-1.277099999999999902e+00
-1.276119999999999921e+00
-1.273190000000000044e+00
-1.271730000000000027e+00
-1.271239999999999926e+00
-1.268799999999999928e+00
-1.267819999999999947e+00
-1.265870000000000051e+00
-1.262459999999999916e+00
-1.260499999999999954e+00
-1.259039999999999937e+00
-1.260019999999999918e+00
-1.258059999999999956e+00
-1.256110000000000060e+00
-1.255139999999999922e+00
-1.254650000000000043e+00
-1.253670000000000062e+00
-1.253179999999999961e+00
-1.252210000000000045e+00
-1.249770000000000048e+00
-1.246839999999999948e+00
-1.244890000000000052e+00
-1.242939999999999934e+00
-1.241959999999999953e+00
-1.241959999999999953e+00
-1.242450000000000054e+00
-1.241470000000000073e+00
-1.240499999999999936e+00
-1.240499999999999936e+00
-1.240979999999999972e+00
-1.239030000000000076e+00
-1.238539999999999974e+00
-1.235130000000000061e+00
-1.232690000000000063e+00
-1.231710000000000083e+00
-1.229759999999999964e+00
-1.230250000000000066e+00
-1.229270000000000085e+00
-1.229270000000000085e+00
-1.228299999999999947e+00
-1.227810000000000068e+00
-1.227319999999999967e+00
-1.227319999999999967e+00
-1.228299999999999947e+00
-1.228299999999999947e+00
-1.228299999999999947e+00
-1.228299999999999947e+00
-1.228299999999999947e+00
-1.228299999999999947e+00
-1.228779999999999983e+00
-1.228299999999999947e+00
-1.228299999999999947e+00
-1.228299999999999947e+00
-1.228779999999999983e+00
-1.229270000000000085e+00
-1.229270000000000085e+00
-1.228779999999999983e+00
-1.228299999999999947e+00
-1.228299999999999947e+00
-1.229270000000000085e+00
-1.230739999999999945e+00
-1.230250000000000066e+00
-1.232199999999999962e+00
-1.235130000000000061e+00
-1.236590000000000078e+00
-1.237570000000000059e+00
-1.240010000000000057e+00
-1.241959999999999953e+00
-1.242450000000000054e+00
-1.242939999999999934e+00
-1.244399999999999951e+00
-1.245859999999999967e+00
-1.246350000000000069e+00
-1.247819999999999929e+00
-1.248790000000000067e+00
-1.248790000000000067e+00
-1.248790000000000067e+00
-1.250259999999999927e+00
-1.251719999999999944e+00
-1.254159999999999942e+00
-1.255619999999999958e+00
-1.256110000000000060e+00
-1.256110000000000060e+00
-1.259039999999999937e+00
-1.259530000000000038e+00
-1.260990000000000055e+00
-1.261479999999999935e+00
-1.263430000000000053e+00
-1.264899999999999913e+00
-1.265870000000000051e+00
-1.267339999999999911e+00
-1.268310000000000048e+00
-1.270259999999999945e+00
-1.271730000000000027e+00
-1.271730000000000027e+00
-1.273679999999999923e+00
-1.274659999999999904e+00
-1.276610000000000023e+00
-1.279050000000000020e+00
-1.281490000000000018e+00
-1.282459999999999933e+00
-1.284899999999999931e+00
-1.286370000000000013e+00
-1.287339999999999929e+00
-1.288810000000000011e+00
-1.290270000000000028e+00
-1.290759999999999907e+00
-1.293690000000000007e+00
-1.295639999999999903e+00
-1.298079999999999901e+00
-1.300519999999999898e+00
-1.302959999999999896e+00
-1.304419999999999913e+00
-1.307350000000000012e+00
-1.309790000000000010e+00
-1.312720000000000109e+00
-1.315649999999999986e+00
-1.319550000000000001e+00
-1.321499999999999897e+00
-1.325409999999999977e+00
-1.329800000000000093e+00
-1.332729999999999970e+00
-1.337120000000000086e+00
-1.340540000000000065e+00
-1.344929999999999959e+00
-1.349809999999999954e+00
-1.352249999999999952e+00
-1.354689999999999950e+00
-1.357129999999999947e+00
-1.359080000000000066e+00
-1.362500000000000044e+00
-1.366400000000000059e+00
-1.370300000000000074e+00
-1.372260000000000035e+00
-1.374700000000000033e+00
-1.377620000000000067e+00
-1.380549999999999944e+00
-1.382500000000000062e+00
-1.385429999999999939e+00
-1.387869999999999937e+00
-1.391780000000000017e+00
-1.394220000000000015e+00
-1.395680000000000032e+00
-1.396660000000000013e+00
-1.398120000000000029e+00
-1.400560000000000027e+00
-1.403980000000000006e+00
-1.408369999999999900e+00
-1.412269999999999914e+00
-1.415689999999999893e+00
-1.418129999999999891e+00
-1.423499999999999988e+00
-1.426909999999999901e+00
-1.428860000000000019e+00
-1.432770000000000099e+00
-1.436180000000000012e+00
-1.440090000000000092e+00
-1.444479999999999986e+00
-1.447899999999999965e+00
-1.451799999999999979e+00
-1.455699999999999994e+00
-1.458139999999999992e+00
-1.462539999999999951e+00
-1.467419999999999947e+00
-1.471810000000000063e+00
-1.476690000000000058e+00
-1.480099999999999971e+00
-1.484979999999999967e+00
-1.489859999999999962e+00
-1.494259999999999922e+00
-1.499139999999999917e+00
-1.504499999999999948e+00
-1.508899999999999908e+00
-1.512310000000000043e+00
-1.515730000000000022e+00
-1.520610000000000017e+00
-1.525490000000000013e+00
-1.529879999999999907e+00
-1.534759999999999902e+00
-1.538180000000000103e+00
-1.542569999999999997e+00
-1.545979999999999910e+00
-1.549889999999999990e+00
-1.553790000000000004e+00
-1.558670000000000000e+00
-1.564529999999999976e+00
-1.568429999999999991e+00
-1.573800000000000088e+00
-1.577700000000000102e+00
-1.581609999999999960e+00
-1.586980000000000057e+00
-1.589900000000000091e+00
-1.594300000000000050e+00
-1.598689999999999944e+00
-1.602589999999999959e+00
-1.606009999999999938e+00
-1.610400000000000054e+00
-1.613820000000000032e+00
-1.618700000000000028e+00
-1.622600000000000042e+00
-1.627480000000000038e+00
-1.630900000000000016e+00
-1.636749999999999927e+00
-1.641629999999999923e+00
-1.645540000000000003e+00
-1.650900000000000034e+00
-1.653829999999999911e+00
-1.657739999999999991e+00
-1.661640000000000006e+00
-1.666520000000000001e+00
-1.668469999999999898e+00
-1.671890000000000098e+00
-1.675300000000000011e+00
-1.678230000000000111e+00
-1.680670000000000108e+00
-1.682620000000000005e+00
-1.686039999999999983e+00
-1.689459999999999962e+00
-1.693850000000000078e+00
-1.697259999999999991e+00
-1.701170000000000071e+00
-1.704579999999999984e+00
-1.707510000000000083e+00
-1.709950000000000081e+00
-1.711899999999999977e+00
-1.714830000000000076e+00
-1.715810000000000057e+00
-1.715810000000000057e+00
-1.716299999999999937e+00
-1.719219999999999970e+00
-1.719710000000000072e+00
-1.718739999999999934e+00
-1.719710000000000072e+00
-1.721179999999999932e+00
-1.722639999999999949e+00
-1.721659999999999968e+00
-1.721179999999999932e+00
-1.720690000000000053e+00
-1.719710000000000072e+00
-1.716779999999999973e+00
-1.713370000000000060e+00
-1.709950000000000081e+00
-1.707019999999999982e+00
-1.706539999999999946e+00
-1.706539999999999946e+00
-1.702630000000000088e+00
-1.698730000000000073e+00
-1.696779999999999955e+00
-1.693850000000000078e+00
-1.691410000000000080e+00
-1.688970000000000082e+00
-1.687500000000000000e+00
-1.686039999999999983e+00
-1.682620000000000005e+00
-1.680180000000000007e+00
-1.677740000000000009e+00
-1.676770000000000094e+00
-1.673839999999999995e+00
-1.671890000000000098e+00
-1.667980000000000018e+00
-1.667010000000000103e+00
-1.663100000000000023e+00
-1.660660000000000025e+00
-1.658220000000000027e+00
-1.656269999999999909e+00
-1.653829999999999911e+00
-1.648949999999999916e+00
-1.645540000000000003e+00
-1.643100000000000005e+00
-1.638700000000000045e+00
-1.635780000000000012e+00
-1.634309999999999929e+00
-1.632360000000000033e+00
-1.629429999999999934e+00
-1.625529999999999919e+00
-1.623580000000000023e+00
-1.619669999999999943e+00
-1.615280000000000049e+00
-1.612840000000000051e+00
-1.608449999999999935e+00
-1.604540000000000077e+00
-1.603569999999999940e+00
-1.600149999999999961e+00
-1.598689999999999944e+00
-1.595760000000000067e+00
-1.590880000000000072e+00
-1.588929999999999954e+00
-1.585509999999999975e+00
-1.581609999999999960e+00
-1.579660000000000064e+00
-1.575260000000000105e+00
-1.573800000000000088e+00
-1.571360000000000090e+00
-1.569409999999999972e+00
-1.565989999999999993e+00
-1.561600000000000099e+00
-1.558179999999999898e+00
-1.555260000000000087e+00
-1.553299999999999903e+00
-1.549889999999999990e+00
-1.547449999999999992e+00
-1.545500000000000096e+00
-1.542569999999999997e+00
-1.540620000000000100e+00
-1.538180000000000103e+00
-1.535740000000000105e+00
-1.532810000000000006e+00
-1.530860000000000110e+00
-1.528419999999999890e+00
-1.525979999999999892e+00
-1.523539999999999894e+00
-1.520119999999999916e+00
-1.517190000000000039e+00
-1.515730000000000022e+00
-1.513779999999999903e+00
-1.511339999999999906e+00
-1.508410000000000029e+00
-1.505970000000000031e+00
-1.503530000000000033e+00
-1.502059999999999951e+00
-1.500599999999999934e+00
-1.498159999999999936e+00
-1.496210000000000040e+00
-1.493770000000000042e+00
-1.491819999999999924e+00
-1.489379999999999926e+00
-1.487419999999999964e+00
-1.484979999999999967e+00
-1.482539999999999969e+00
-1.482059999999999933e+00
-1.480099999999999971e+00
-1.478150000000000075e+00
-1.476690000000000058e+00
-1.474250000000000060e+00
-1.472299999999999942e+00
-1.471319999999999961e+00
-1.469859999999999944e+00
-1.467899999999999983e+00
-1.467419999999999947e+00
-1.465950000000000086e+00
-1.464490000000000069e+00
-1.463510000000000089e+00
-1.462050000000000072e+00
-1.459119999999999973e+00
-1.458139999999999992e+00
-1.457170000000000076e+00
-1.456190000000000095e+00
-1.454239999999999977e+00
-1.453259999999999996e+00
-1.452779999999999960e+00
-1.451799999999999979e+00
-1.451310000000000100e+00
-1.449850000000000083e+00
-1.448380000000000001e+00
-1.446919999999999984e+00
-1.446430000000000105e+00
-1.444970000000000088e+00
-1.443990000000000107e+00
-1.443019999999999969e+00
-1.442530000000000090e+00
-1.442039999999999988e+00
-1.442039999999999988e+00
-1.442530000000000090e+00
-1.441550000000000109e+00
-1.441550000000000109e+00
-1.441550000000000109e+00
-1.442039999999999988e+00
-1.441060000000000008e+00
-1.441550000000000109e+00
-1.443019999999999969e+00
-1.441060000000000008e+00
-1.441060000000000008e+00
-1.440090000000000092e+00
-1.441060000000000008e+00
-1.441550000000000109e+00
-1.441550000000000109e+00
-1.440579999999999972e+00
-1.440579999999999972e+00
-1.440090000000000092e+00
-1.440579999999999972e+00
-1.439599999999999991e+00
-1.440090000000000092e+00
-1.440090000000000092e+00
-1.440090000000000092e+00
-1.439599999999999991e+00
-1.440090000000000092e+00
-1.440090000000000092e+00
-1.440090000000000092e+00
-1.440090000000000092e+00
-1.440090000000000092e+00
-1.439599999999999991e+00
-1.440090000000000092e+00
-1.440579999999999972e+00
-1.441550000000000109e+00
-1.441060000000000008e+00
-1.442039999999999988e+00
-1.442039999999999988e+00
-1.442530000000000090e+00
-1.442530000000000090e+00
-1.442530000000000090e+00
-1.442530000000000090e+00
-1.442530000000000090e+00
-1.444479999999999986e+00
-1.445940000000000003e+00
-1.446430000000000105e+00
-1.447410000000000085e+00
-1.447899999999999965e+00
-1.448870000000000102e+00
-1.449359999999999982e+00
-1.449850000000000083e+00
-1.451310000000000100e+00
-1.451799999999999979e+00
-1.452779999999999960e+00
-1.452779999999999960e+00
-1.453750000000000098e+00
-1.455219999999999958e+00
-1.455699999999999994e+00
-1.456190000000000095e+00
-1.457170000000000076e+00
-1.459610000000000074e+00
-1.460579999999999989e+00
-1.463510000000000089e+00
-1.465459999999999985e+00
-1.467419999999999947e+00
-1.469370000000000065e+00
-1.470830000000000082e+00
-1.472299999999999942e+00
-1.474250000000000060e+00
-1.476199999999999957e+00
-1.477179999999999938e+00
-1.479619999999999935e+00
-1.481079999999999952e+00
-1.483519999999999950e+00
-1.484979999999999967e+00
-1.485959999999999948e+00
-1.487419999999999964e+00
-1.489379999999999926e+00
-1.491330000000000044e+00
-1.493279999999999941e+00
-1.496699999999999919e+00
-1.499139999999999917e+00
-1.502059999999999951e+00
-1.504019999999999913e+00
-1.505479999999999929e+00
-1.507919999999999927e+00
-1.510359999999999925e+00
-1.514259999999999939e+00
-1.516219999999999901e+00
-1.518170000000000019e+00
-1.519139999999999935e+00
-1.520119999999999916e+00
-1.523050000000000015e+00
-1.524999999999999911e+00
-1.527439999999999909e+00
-1.530370000000000008e+00
-1.531830000000000025e+00
-1.534759999999999902e+00
-1.535740000000000105e+00
-1.537199999999999900e+00
-1.540129999999999999e+00
-1.542079999999999895e+00
-1.545009999999999994e+00
-1.547940000000000094e+00
-1.550380000000000091e+00
-1.552329999999999988e+00
-1.555260000000000087e+00
-1.557700000000000085e+00
-1.559649999999999981e+00
-1.562580000000000080e+00
-1.565020000000000078e+00
-1.567460000000000075e+00
-1.569409999999999972e+00
-1.571360000000000090e+00
-1.574289999999999967e+00
-1.576729999999999965e+00
-1.580140000000000100e+00
-1.583069999999999977e+00
-1.586000000000000076e+00
-1.588929999999999954e+00
-1.590880000000000072e+00
-1.593320000000000070e+00
-1.594780000000000086e+00
-1.596740000000000048e+00
-1.598689999999999944e+00
-1.601129999999999942e+00
-1.603569999999999940e+00
-1.606980000000000075e+00
-1.610400000000000054e+00
-1.612840000000000051e+00
-1.616740000000000066e+00
-1.619180000000000064e+00
-1.621140000000000025e+00
-1.623580000000000023e+00
-1.626020000000000021e+00
-1.628460000000000019e+00
-1.630900000000000016e+00
-1.632360000000000033e+00
-1.634800000000000031e+00
-1.637729999999999908e+00
-1.638700000000000045e+00
-1.640660000000000007e+00
-1.643100000000000005e+00
-1.646020000000000039e+00
-1.647980000000000000e+00
-1.650419999999999998e+00
-1.652859999999999996e+00
-1.654809999999999892e+00
-1.655780000000000030e+00
-1.657249999999999890e+00
-1.658220000000000027e+00
-1.660660000000000025e+00
-1.662130000000000107e+00
-1.664570000000000105e+00
-1.665540000000000020e+00
-1.667010000000000103e+00
-1.667499999999999982e+00
-1.667980000000000018e+00
-1.668959999999999999e+00
-1.669450000000000101e+00
-1.670420000000000016e+00
-1.671399999999999997e+00
-1.671890000000000098e+00
-1.672379999999999978e+00
-1.672860000000000014e+00
-1.673349999999999893e+00
-1.673839999999999995e+00
-1.672860000000000014e+00
-1.673349999999999893e+00
-1.672860000000000014e+00
-1.672860000000000014e+00
-1.672379999999999978e+00
-1.672379999999999978e+00
-1.672379999999999978e+00
-1.672379999999999978e+00
-1.672379999999999978e+00
-1.671890000000000098e+00
-1.671399999999999997e+00
-1.671890000000000098e+00
-1.671890000000000098e+00
-1.668959999999999999e+00
-1.667980000000000018e+00
-1.666029999999999900e+00
-1.665059999999999985e+00
-1.664080000000000004e+00
-1.663589999999999902e+00
-1.661640000000000006e+00
-1.659690000000000110e+00
-1.657739999999999991e+00
-1.656760000000000010e+00
-1.655780000000000030e+00
-1.653829999999999911e+00
-1.652859999999999996e+00
-1.651880000000000015e+00
-1.649713650233023410e+00
-1.648673800933086131e+00
-1.647896567551397906e+00
-1.645475717448828368e+00
-1.642747308194248079e+00
-1.641398306593670364e+00
-1.639369648469491070e+00
-1.637127272727701754e+00
-1.634978270251041144e+00
-1.634029282029613173e+00
-1.632439243269694584e+00
-1.630624655143015689e+00
-1.628951322426371195e+00
-1.627662152953720520e+00
-1.625372999336334834e+00
-1.623808896326666806e+00
-1.622853701885819566e+00
-1.620659398182510369e+00
-1.619048765720305427e+00
-1.617694084927648435e+00
-1.614456649251862164e+00
-1.611781609942502191e+00
-1.610236142908198387e+00
-1.609304674683585068e+00
-1.607755009433887938e+00
-1.607133026932505704e+00
-1.606197605919014615e+00
-1.604439126325810649e+00
-1.602475145313943417e+00
-1.601956824762589271e+00
-1.601947769738171656e+00
-1.599649977604187256e+00
-1.597427281154871537e+00
-1.595470110706310063e+00
-1.593631588821543321e+00
-1.591719507508999598e+00
-1.589562292533483356e+00
-1.587753227817665591e+00
-1.585542533214567174e+00
-1.583993074144811386e+00
-1.581875064361351280e+00
-1.580360285124672970e+00
-1.578825993529786587e+00
-1.576273454450620504e+00
-1.574242945931911608e+00
-1.572028435074457775e+00
-1.569819381325455510e+00
-1.568139928976587605e+00
-1.567029254009008277e+00
-1.565989796403430834e+00
-1.565065355972388828e+00
-1.563656623024409775e+00
-1.562456851788013301e+00
-1.561180610325012985e+00
-1.560429233031378926e+00
-1.561556890738353243e+00
-1.563746901025312219e+00
-1.561384243971402741e+00
-1.559179081325127836e+00
-1.557199652538094892e+00
-1.555688563146459202e+00
-1.554602725546163855e+00
-1.553321197584972113e+00
-1.551766343837072126e+00
-1.550606759072611585e+00
-1.550179700471500333e+00
-1.549907495613611852e+00
-1.548680952457921034e+00
-1.547064977476117598e+00
-1.546100126197301527e+00
-1.545172392143656648e+00
-1.544315246175806067e+00
-1.543007375883565402e+00
-1.541856048773171395e+00
-1.541539678046998540e+00
-1.539722888973661163e+00
-1.538708903309899290e+00
-1.537867007178299605e+00
-1.537193133149982627e+00
-1.536696304421307557e+00
-1.536152933821474553e+00
-1.535456415137928854e+00
-1.535362168221980683e+00
-1.535315606785677467e+00
-1.535337066596383249e+00
-1.534431999146099068e+00
-1.533802676565687140e+00
-1.533327307204378043e+00
-1.532755497814697110e+00
-1.531869867059495016e+00
-1.530846846742442757e+00
-1.530558433575714083e+00
-1.530371611148000355e+00
-1.530051832148259905e+00
-1.529768847717366764e+00
-1.529810506236705780e+00
-1.530069540896858538e+00
-1.530112891879504833e+00
-1.529872813830650546e+00
-1.529877478933423296e+00
-1.529362093269530654e+00
-1.530424132304285312e+00
-1.531130184714571962e+00
-1.530966856171131152e+00
-1.530732569099460427e+00
-1.530461203897744538e+00
-1.529846864548940699e+00
-1.529977351161640575e+00
-1.529810160228130211e+00
-1.530441793677575379e+00
-1.531133667385055741e+00
-1.532415546176475241e+00
-1.533505160684419888e+00
-1.532995128272614638e+00
-1.532877996691875078e+00
-1.533279847760980807e+00
-1.533628191835828103e+00
-1.534271293104291223e+00
-1.534717814421001414e+00
-1.534956775895153447e+00
-1.534989185973669734e+00
-1.535759027245062303e+00
-1.536608953024070079e+00
-1.537877491932761798e+00
-1.538586512285229801e+00
-1.539777841532668390e+00
-1.540711138973705152e+00
-1.540623769221057815e+00
-1.540176495341618823e+00
-1.541221257779590070e+00
-1.542651714303475474e+00
-1.543639533221439875e+00
-1.544377240024414899e+00
-1.545273567353986577e+00
-1.545825106627420009e+00
-1.547260076114039373e+00
-1.548508209784910994e+00
-1.549238160223400662e+00
-1.549791988988029612e+00
-1.550837729231180129e+00
-1.551875506999315091e+00
-1.552970437123230907e+00
-1.553723650934596190e+00
-1.553827665641379641e+00
-1.554271885844118462e+00
-1.554684152180022094e+00
-1.555632533031799714e+00
-1.556585126282883813e+00
-1.557534613898418963e+00
-1.558410520415387301e+00
-1.559710824585129441e+00
-1.561870081928370402e+00
-1.563688110285934796e+00
-1.564460179732067857e+00
-1.565186988604330809e+00
-1.566835871920996270e+00
-1.567896995573973440e+00
-1.570756370541354086e+00
-1.573222906983987368e+00
-1.573918631665267798e+00
-1.575020278363177484e+00
-1.576052696160490374e+00
-1.577663694832661445e+00
-1.578770310070733762e+00
-1.580087342334330236e+00
-1.581879785618095724e+00
-1.583093155224240656e+00
-1.584347244210825956e+00
-1.585420260942166593e+00
-1.587611143611725062e+00
-1.589472357397201829e+00
-1.590774849875261188e+00
-1.591895550982047824e+00
-1.592855402363211104e+00
-1.594044800452163457e+00
-1.594962154332604687e+00
-1.595613407119236049e+00
-1.596627024155863994e+00
-1.597806818032181608e+00
-1.598764610167829225e+00
-1.599778074753106072e+00
-1.600450755701119165e+00
-1.602741578220308494e+00
-1.603540752306454431e+00
-1.604536605975928509e+00
-1.606348262376113389e+00
-1.608221134103088090e+00
-1.609399241980533413e+00
-1.610837098328427697e+00
-1.612827889060165054e+00
-1.614773047146421225e+00
-1.616327671731980997e+00
-1.618707579810185315e+00
-1.620147371888219334e+00
-1.621557924728821876e+00
-1.622457554422370496e+00
-1.623146846349858174e+00
-1.624315297731556251e+00
-1.625977425801857557e+00
-1.626842953321802954e+00
-1.627667633237189326e+00
-1.629308082639847166e+00
-1.631131055724434731e+00
-1.632211705875213692e+00
-1.633507698201507097e+00
-1.634423752608167968e+00
-1.635603331945875150e+00
-1.636915826029466281e+00
-1.637849100290477367e+00
-1.638011440071577507e+00
-1.638189793655533855e+00
-1.639241785791365702e+00
-1.639997818265702012e+00
-1.640611319172216920e+00
-1.640556334102053260e+00
-1.640746523904236254e+00
-1.641053803205039463e+00
-1.641506490888472669e+00
-1.642410326501691831e+00
-1.642956309098048129e+00
-1.642975120130226729e+00
-1.643425702939686373e+00
-1.643826086236671591e+00
-1.644958118815346815e+00
-1.645481123823070657e+00
-1.645950818009340066e+00
-1.646725113786394523e+00
-1.646990650959089475e+00
-1.647221449682948036e+00
-1.647615366809130455e+00
-1.647457960175885860e+00
-1.647639991662907644e+00
-1.647986517461551115e+00
-1.649296854348519803e+00
-1.650986247304112586e+00
-1.649844205438655065e+00
-1.649207526048287908e+00
-1.648660692710285591e+00
-1.648584130118651236e+00
-1.647376446466923383e+00
-1.646610533274650567e+00
-1.645601012193237400e+00
-1.645223711069558226e+00
-1.644057107743864599e+00
-1.643759309356824128e+00
-1.643275798531917520e+00
-1.643270330757089503e+00
-1.642296656477924000e+00
-1.641673315888508622e+00
-1.640952520412453319e+00
-1.640837285088103226e+00
-1.639662325407224452e+00
-1.638654562474909593e+00
-1.638813449096243158e+00
-1.638653197303864717e+00
-1.636493518605652397e+00
-1.635528987798001710e+00
-1.634080055224217398e+00
-1.633218897251914381e+00
-1.631311091277739322e+00
-1.630263484504655302e+00
-1.629520011718948114e+00
-1.629024677785793962e+00
-1.627575834483565131e+00
-1.626457020154117750e+00
-1.625964463126906789e+00
-1.624973111872747733e+00
-1.624465886335434206e+00
-1.623446719874408917e+00
-1.623037943242268799e+00
-1.622055445350531366e+00
-1.621259018170701838e+00
-1.621023606329484945e+00
-1.619807964592520300e+00
-1.619281475004298088e+00
-1.618315321093314330e+00
-1.617581849435088870e+00
-1.616437406398431254e+00
-1.615346110393045098e+00
-1.614589516307716410e+00
-1.613971765647504997e+00
-1.612485002552713986e+00
-1.611432495071956295e+00
-1.610609723433981344e+00
-1.610085295206090894e+00
-1.609230735300030801e+00
-1.608321015228094231e+00
-1.607128578490807369e+00
-1.605409107411817748e+00
-1.604404463049349916e+00
-1.603210734270305915e+00
-1.601430411535661236e+00
-1.600074067568882485e+00
-1.599070974927240929e+00
-1.598376402069309421e+00
-1.597692524916714207e+00
-1.596752590193422527e+00
-1.596103076712392044e+00
-1.594800255314629212e+00
-1.594095311368254109e+00
-1.593479168409261293e+00
-1.592533304963036134e+00
-1.591293077638928244e+00
-1.590312661647575121e+00
-1.589433571686235336e+00
-1.588807005075018264e+00
-1.588012887502349590e+00
-1.587264281837100111e+00
-1.586549035285342191e+00
-1.585512964526287316e+00
-1.584686434363310914e+00
-1.584126983912461650e+00
-1.583427851784926288e+00
-1.582340079890043549e+00
-1.581561829519536388e+00
-1.580631124978735036e+00
-1.579454784023863745e+00
-1.579147061681008157e+00
-1.578734113420783070e+00
-1.578068795918660117e+00
-1.576602867025200361e+00
-1.575561104421621339e+00
-1.574932654924585007e+00
-1.573838891991121702e+00
-1.572959063023342097e+00
-1.572169219741729851e+00
-1.571240566626602941e+00
-1.570865429353773601e+00
-1.570584773178046900e+00
-1.570676441792935973e+00
-1.570995119766164905e+00
-1.570130095073072996e+00
-1.569233126128323663e+00
-1.569321442699034286e+00
-1.568994660318090428e+00
-1.568091903378206142e+00
-1.567399503099859537e+00
-1.567181804879717477e+00
-1.567260175813413925e+00
-1.566721151698939218e+00
-1.566516809317671788e+00
-1.566353109542387712e+00
-1.566645288400142055e+00
-1.566060460204706795e+00
-1.565580600355854557e+00
-1.564899980621042852e+00
-1.564215615180638119e+00
-1.564083192598413330e+00
-1.563369807404587197e+00
-1.563296848498951341e+00
-1.562998979134246902e+00
-1.563050126633373393e+00
-1.562901166608544168e+00
-1.562399017587768224e+00
-1.561884070201635666e+00
-1.562644498135513427e+00
-1.563161683785821321e+00
-1.563382016320814971e+00
-1.563865490256728163e+00
-1.563759532336822744e+00
-1.564125802806550114e+00
-1.564425122318010342e+00
-1.564909345821549280e+00
-1.565997618556733473e+00
-1.566858984616378070e+00
-1.566889649673155693e+00
-1.567092687863874456e+00
-1.567943751733509306e+00
-1.568674716339336861e+00
-1.567763700275777161e+00
-1.566712027913215843e+00
-1.567137334587934916e+00
-1.567370514721194263e+00
-1.568259801952078591e+00
-1.568935159070348639e+00
-1.569208130678886315e+00
-1.569563720839409982e+00
-1.570100040558523924e+00
-1.570592885120785320e+00
-1.571101116824335397e+00
-1.571091767066205680e+00
-1.571731559503411813e+00
-1.572707654412522027e+00
-1.573796127233380915e+00
-1.574210554197682521e+00
-1.574317995373863743e+00
-1.573887439679946931e+00
-1.574160632410048333e+00
-1.575529015572620928e+00
-1.575676703649766308e+00
-1.576096688688460201e+00
-1.576600816606699818e+00
-1.576555000478297330e+00
-1.577703086004939914e+00
-1.578293694018412685e+00
-1.579325910424780099e+00
-1.580017533588372602e+00
-1.581395471433153510e+00
-1.582547567700097302e+00
-1.583749551169212566e+00
-1.585409298276404533e+00
-1.585719665339756501e+00
-1.586099922880969793e+00
-1.586296316312660881e+00
-1.586967311041813433e+00
-1.588255200522917132e+00
-1.588611583841313513e+00
-1.590073903832372793e+00
-1.591887739953231629e+00
-1.592359354371855051e+00
-1.592926697133441705e+00
-1.593935564023397200e+00
-1.593982989029198549e+00
-1.595467858371952374e+00
-1.595956441946668081e+00
-1.597503803370062148e+00
-1.598345947292977076e+00
-1.599088401551741923e+00
-1.599611854045430714e+00
-1.600025588573189328e+00
-1.601127181228226837e+00
-1.601940464724437074e+00
-1.603308871336413866e+00
-1.604141155654142059e+00
-1.605723152160017042e+00
-1.606562819807968667e+00
-1.607401359705488808e+00
-1.607930430106158992e+00
-1.608558509836598871e+00
-1.609510918240611765e+00
-1.610459128245092852e+00
-1.611477193049823953e+00
-1.612535187515848012e+00
-1.612971778039368198e+00
-1.613239533623480160e+00
-1.614035095029475064e+00
-1.615388184162952045e+00
-1.615854300625779949e+00
-1.616888256406906255e+00
-1.617713468746540872e+00
-1.618062053018067381e+00
-1.618681699071219837e+00
-1.620221381471242950e+00
-1.620518498514624373e+00
-1.621137850498704180e+00
-1.621498463786450683e+00
-1.622309197510140910e+00
-1.622707902485453157e+00
-1.623188140028801518e+00
-1.623497755175631330e+00
-1.624424946071794329e+00
-1.625525901187849565e+00
-1.626234703927958547e+00
-1.626776761639207036e+00
-1.627378207574695645e+00
-1.627514935815299602e+00
-1.627864752307818907e+00
-1.628116826680300333e+00
-1.628308247255038976e+00
-1.628480978036201732e+00
-1.628618943891790183e+00
-1.629098704208971515e+00
-1.629692963433430952e+00
-1.630522952352472243e+00
-1.631408839460409599e+00
-1.630975530864559486e+00
-1.631186747432504580e+00
-1.631288112496456444e+00
-1.631752933802141037e+00
-1.631534644092529351e+00
-1.631270731390650264e+00
-1.631267237463831288e+00
-1.630681196623587903e+00
-1.630399826487924697e+00
-1.629874220055662404e+00
-1.629523688192389130e+00
-1.629670225050320331e+00
-1.629260010893982535e+00
-1.629279950976352254e+00
-1.628778165486961305e+00
-1.628917795527600187e+00
-1.628951602068069215e+00
-1.628846568261540062e+00
-1.628314027954810284e+00
-1.628019057660200719e+00
-1.627062609127432946e+00
-1.626580381061033087e+00
-1.625927418896790266e+00
-1.625513756102072938e+00
-1.625008121695865837e+00
-1.624359831199596815e+00
-1.624255104370386116e+00
-1.623914365484035338e+00
-1.623648595464746824e+00
-1.623208914644522771e+00
-1.622650534412449552e+00
-1.622179636207860653e+00
-1.621684180482709792e+00
-1.621073114422044714e+00
-1.620607517046246393e+00
-1.620228305754792819e+00
-1.619713228152445117e+00
-1.618977837960154931e+00
-1.618607183350377898e+00
-1.617611955219513176e+00
-1.616966715810398192e+00
-1.616490499440156992e+00
-1.615855387494935513e+00
-1.615324731127633084e+00
-1.614669282564309860e+00
-1.614509477043061692e+00
-1.613494821885631536e+00
-1.612551018917646628e+00
-1.612155198696618941e+00
-1.611390946249761313e+00
-1.610668994233858120e+00
-1.609889140498509175e+00
-1.608983113824466571e+00
-1.608644947342381171e+00
-1.607468953261503630e+00
-1.607004757661741889e+00
-1.606173092762618104e+00
-1.605618106594564942e+00
-1.604662867113284097e+00
-1.604082058187878301e+00
-1.602511902080705708e+00
-1.601995242132387087e+00
-1.601378052567618004e+00
-1.601316686947667600e+00
-1.600871458281877935e+00
-1.600442396897803210e+00
-1.600501338321385081e+00
-1.600137916554774442e+00
-1.599447429371095408e+00
-1.598572006388095934e+00
-1.598125999927187735e+00
-1.597737343041996105e+00
-1.597119884279663893e+00
-1.596390323434874192e+00
-1.596068503121781834e+00
-1.595733840957308303e+00
-1.595548357839483566e+00
-1.594798288482092152e+00
-1.594419288429197001e+00
-1.593760199498264862e+00
-1.593229951487932228e+00
-1.592399215924076961e+00
-1.591963043665655775e+00
-1.591291184379830304e+00
-1.590811068897959091e+00
-1.590596457633024041e+00
-1.589609669079533383e+00
-1.589172571235597520e+00
-1.588945752209454332e+00
-1.588382747781760695e+00
-1.588189278898701540e+00
-1.587490978376222772e+00
-1.586717116340421674e+00
-1.586252555956420229e+00
-1.585945490232222532e+00
-1.586069700813090844e+00
-1.585982759726536351e+00
-1.585762930264914994e+00
-1.584687887929059347e+00
-1.584851066237895623e+00
-1.584043968149219328e+00
-1.583609191547586725e+00
-1.583258682091501557e+00
-1.582638098970382767e+00
-1.582071563372381418e+00
-1.581490651089454635e+00
-1.581706598723599644e+00
-1.581554910575330597e+00
-1.580852723942051119e+00
-1.580741762307434461e+00
-1.580392224867135820e+00
-1.580157008845241462e+00
-1.579952089377350877e+00
-1.579708800277468850e+00
-1.579736474223694565e+00
-1.579710140886869896e+00
-1.579706812747258216e+00
-1.579625325658046364e+00
-1.579386506626349496e+00
-1.579074068706586953e+00
-1.578782004014529061e+00
-1.578545402715243684e+00
-1.578843597038031232e+00
-1.579191280317977508e+00
-1.579088023428296683e+00
-1.579223935812997359e+00
-1.579896513938855218e+00
-1.580073027746544234e+00
-1.580606591261146443e+00
-1.581043611080706901e+00
-1.581395546360434556e+00
-1.581471364507327948e+00
-1.581263725007176157e+00
-1.581551805301610658e+00
-1.581605977626511894e+00
-1.582390762242030791e+00
-1.582156560285894020e+00
-1.582860148138231393e+00
-1.582988878761822704e+00
-1.583066237364600282e+00
-1.583447132073461772e+00
-1.583760795202964866e+00
-1.583960390533477813e+00
-1.584108484019775442e+00
-1.584320670915593032e+00
-1.584322449076531747e+00
-1.584808182900402818e+00
-1.585090635892052680e+00
-1.585044251853804154e+00
-1.585547733717131758e+00
-1.586212083514126236e+00
-1.586679251327494100e+00
-1.586834530277724475e+00
-1.587328958009196711e+00
-1.588399984115982377e+00
-1.589404380200488909e+00
-1.590064471344995622e+00
-1.591381005060846343e+00
-1.591851956476007857e+00
-1.592658251694017757e+00
-1.593274065840907694e+00
-1.593819234350701386e+00
-1.594414106062308933e+00
-1.594736424753000703e+00
-1.595423633271427333e+00
-1.595795562908063125e+00
-1.596082980062350165e+00
-1.596746851364091002e+00
-1.597363530576106694e+00
-1.598275075893275110e+00
-1.598760679064524570e+00
-1.599962059745784426e+00
-1.600521572662783942e+00
-1.601747350435025252e+00
-1.602587742560970918e+00
-1.603692828307522023e+00
-1.604497807714945434e+00
-1.606036178966129935e+00
-1.606899018770471699e+00
-1.607605507651447274e+00
-1.607978292669605125e+00
-1.608685509850327655e+00
-1.608794255597714384e+00
-1.609761408123383752e+00
-1.609866465146365444e+00
-1.610188711465056599e+00
-1.611023654545007400e+00
-1.612002091460851050e+00
-1.612381017270298589e+00
-1.612301137126244788e+00
-1.612668385811378391e+00
-1.613101916672252889e+00
-1.613250762108683567e+00
-1.613952190130012010e+00
-1.614077992819343166e+00
-1.614356757229556072e+00
-1.614879593076450348e+00
-1.615103723747461695e+00
-1.615728389066424464e+00
-1.615622522693869856e+00
-1.615965082349499760e+00
-1.616142833884431029e+00
-1.616585630899155746e+00
-1.616647884336932295e+00
-1.617142622721623235e+00
-1.617731328429961923e+00
-1.617925721163265385e+00
-1.618060624164220584e+00
-1.618268424005573358e+00
-1.618724924917010588e+00
-1.619151820844869416e+00
-1.619627833414430285e+00
-1.620176183405983350e+00
-1.620606999120255187e+00
-1.621373985942774931e+00
-1.621832945268671278e+00
-1.621874982848801272e+00
-1.622670861223571181e+00
-1.622909451941811909e+00
-1.623059497828793107e+00
-1.622697419359111048e+00
-1.622545549956768030e+00
-1.622771268679958023e+00
-1.623126576836785073e+00
-1.622710619942836274e+00
-1.623044032794232150e+00
-1.623458384299257595e+00
-1.623657588704378707e+00
-1.623366015627275560e+00
-1.623092074800094542e+00
-1.623204613789521744e+00
-1.622941564594241992e+00
-1.622881684435004468e+00
-1.622547599396962248e+00
-1.622792893880450338e+00
-1.622873102825795666e+00
-1.622893765118052833e+00
-1.622460714319625907e+00
-1.621280324377427196e+00
-1.620733383550403417e+00
-1.620606067729982058e+00
-1.620426868862652414e+00
-1.619749492682613479e+00
-1.619486772813778508e+00
-1.619341806048383292e+00
-1.618745425440914820e+00
-1.618290351075538425e+00
-1.617557655341811618e+00
-1.617684059905515559e+00
-1.617087153334917815e+00
-1.616610787543706795e+00
-1.616387139252626559e+00
-1.615808522121655155e+00
-1.615879011969076240e+00
-1.615454357472147606e+00
-1.615235017194016409e+00
-1.614969039695415276e+00
-1.614264097189986868e+00
-1.614013079860765698e+00
-1.613793354272757385e+00
-1.613524674419813509e+00
-1.613360182873087689e+00
-1.613659154531122963e+00
-1.613253620575465730e+00
-1.612632613861203046e+00
-1.611829879795889209e+00
-1.611070822336947428e+00
-1.610529475796018017e+00
-1.609779421347737216e+00
-1.609040527875365667e+00
-1.608078801384243306e+00
-1.607442181866030717e+00
-1.606549138101751817e+00
-1.605336306659529422e+00
-1.604863582690041479e+00
-1.604088563956785674e+00
-1.603282578109522793e+00
-1.602595702211380146e+00
-1.602119681703725762e+00
-1.601190707621578779e+00
-1.600677057730348851e+00
-1.600116063316585180e+00
-1.599650917397997141e+00
-1.598934148475286365e+00
-1.598840943593680120e+00
-1.598191524204917169e+00
-1.597886638792302971e+00
-1.597708836395753451e+00
-1.597393700304763575e+00
-1.597173009910359376e+00
-1.597320064850596522e+00
-1.596757233727397640e+00
-1.596375987288687792e+00
-1.596327590130363294e+00
-1.595639704350551469e+00
-1.595171361113322472e+00
-1.595117391083178626e+00
-1.594621158791199589e+00
-1.594429681501755125e+00
-1.594335553587203913e+00
-1.593768882437530232e+00
-1.593364292818000072e+00
-1.593160317032715323e+00
-1.592926856458884322e+00
-1.592684489637242962e+00
-1.592292669903710989e+00
-1.592212019539062107e+00
-1.592313006454141977e+00
-1.591843951420339298e+00
-1.591564529891590363e+00
-1.591560723571474378e+00
-1.591043479454049336e+00
-1.590201501733501610e+00
-1.590082095547528773e+00
-1.589957075753797522e+00
-1.589689041266784342e+00
-1.588946454837736111e+00
-1.588896333505287695e+00
-1.588765782818956751e+00
-1.588423953847458936e+00
-1.588191257927623390e+00
-1.588366249703069277e+00
-1.588138674679587137e+00
-1.587996208408829490e+00
-1.587677319838677104e+00
-1.587441964153871066e+00
-1.587414214670945789e+00
-1.586891494509272915e+00
-1.586874384749415556e+00
-1.587409393460671669e+00
-1.587488756562396741e+00
-1.587446291019984912e+00
-1.587351098472488786e+00
-1.587455981981011677e+00
-1.587495997995031161e+00
-1.587489822312087240e+00
-1.587454719894209720e+00
-1.587686961409141340e+00
-1.587538135030660547e+00
-1.588009654959158246e+00
-1.588288490843374756e+00
-1.588157194664364225e+00
-1.588581774109854461e+00
-1.588983180145509877e+00
-1.589238806663967107e+00
-1.589647929910820823e+00
-1.589590662767439655e+00
-1.590087568435211596e+00
-1.590059923056533986e+00
-1.590432923348146455e+00
-1.591331873218060355e+00
-1.591488550808190405e+00
-1.591470682964741368e+00
-1.591847856915177939e+00
-1.592176966482633738e+00
-1.592491542974288743e+00
-1.592808642018341381e+00
-1.592970294876258297e+00
-1.593859822808426863e+00
-1.594090954441989672e+00
-1.594895590706777222e+00
-1.595098480109383043e+00
-1.595477688790775783e+00
-1.596410674609701985e+00
-1.596789617003634865e+00
-1.597357701130858398e+00
-1.597863151494679279e+00
-1.598329574460303659e+00
-1.598759327969666355e+00
-1.598933505175354375e+00
-1.599445116102625741e+00
-1.599649007104642306e+00
-1.600129253591877632e+00
-1.601050003359252738e+00
-1.601350215890005035e+00
-1.601926538423380508e+00
-1.602565444868825795e+00
-1.602664070380210859e+00
-1.603046503680175761e+00
-1.603468991827383228e+00
-1.603754204205783962e+00
-1.603976030023301913e+00
-1.604831070495972511e+00
-1.605098080742395794e+00
-1.604699910476277136e+00
-1.605255384296457644e+00
-1.605259698204232421e+00
-1.605408116337770030e+00
-1.605540413355696527e+00
-1.605906603346851869e+00
-1.606146689693973117e+00
-1.606485275441517313e+00
-1.606909638687920694e+00
-1.606799873349500141e+00
-1.607360115735071648e+00
-1.607141051889802164e+00
-1.607764942772661243e+00
-1.607935441627117656e+00
-1.608158342156601917e+00
-1.608644866031244680e+00
-1.608666846278673956e+00
-1.609397166481402186e+00
-1.610017620671494010e+00
-1.610505510388675399e+00
-1.610797645232870945e+00
-1.611261491591838624e+00
-1.611492672894734302e+00
-1.611714227593260995e+00
-1.612121892434328796e+00
-1.612487648949790575e+00
-1.612891566603190663e+00
-1.613535758017615951e+00
-1.613488314464826212e+00
-1.614010387537013980e+00
-1.614516775890050493e+00
-1.614500557361881139e+00
-1.615165804884896916e+00
-1.615664714800973734e+00
-1.615439423529003271e+00
-1.615616653099911648e+00
-1.615768736368034197e+00
-1.615894005582465098e+00
-1.615925848739900195e+00
-1.615814177093435555e+00
-1.615803903275320197e+00
-1.615670099081111477e+00
-1.615636310994587488e+00
-1.615846415528103597e+00
-1.615803595076660715e+00
-1.616075787962310661e+00
-1.615538602513622690e+00
-1.616050016196908024e+00
-1.615541948113957016e+00
-1.615985392774258234e+00
-1.615826057767375978e+00
-1.615831501677075455e+00
-1.615632016802647675e+00
-1.615990777122911837e+00
-1.615875914412894465e+00
-1.615854740739166129e+00
-1.615829493602890521e+00
-1.615714754087991034e+00
-1.615883679115137861e+00
-1.615831853423684406e+00
-1.616095629417177104e+00
-1.615863827313038792e+00
-1.615750975141258206e+00
-1.615845864866096271e+00
-1.615924482184294630e+00
-1.615608296038373748e+00
-1.615482182975394476e+00
-1.615094561095802739e+00
-1.615172858348826734e+00
-1.614681223680106914e+00
-1.614481403246691649e+00
-1.614305706190473533e+00
-1.613687378365640912e+00
-1.612793533458584339e+00
-1.611719351540896961e+00
-1.610788090128031813e+00
-1.610817201674935140e+00
-1.610468658560695543e+00
-1.610445820884608858e+00
-1.610066325697909306e+00
-1.609529812630529966e+00
-1.609202705333931949e+00
-1.608818671974002745e+00
-1.608510276632575620e+00
-1.608098864244424497e+00
-1.607056459946374360e+00
-1.606105940415061717e+00
-1.606017724806710900e+00
-1.605491456563278518e+00
-1.605549447903150462e+00
-1.605390284207307339e+00
-1.605016266063055363e+00
-1.604464422709809490e+00
-1.604687467166401982e+00
-1.603908040175827887e+00
-1.603411185568883290e+00
-1.602845402562270261e+00
-1.602928309079747704e+00
-1.602625241452398486e+00
-1.602786433259950849e+00
-1.602665389107853722e+00
-1.602409477568366158e+00
-1.601998743900952649e+00
-1.601580206670821571e+00
-1.601333887018589808e+00
-1.601406899921649529e+00
-1.600994368436571946e+00
-1.600512850519417496e+00
-1.600389443805984024e+00
-1.599981183207287216e+00
-1.600242031865839465e+00
-1.599623154131080582e+00
-1.599683425369465395e+00
-1.599171217121449606e+00
-1.599031596838443647e+00
-1.599159746742638388e+00
-1.598790907048895926e+00
-1.598702898252750693e+00
-1.598594992827011563e+00
-1.598105723829025715e+00
-1.597864925338258857e+00
-1.597953210080168107e+00
-1.597969219972646071e+00
-1.598067347565030882e+00
-1.597806924569693088e+00
-1.597445840728999533e+00
-1.597472624406943043e+00
-1.597115611480627306e+00
-1.596917622076610144e+00
-1.596762340518070866e+00
-1.597097778405951907e+00
-1.596923144932259397e+00
-1.596571179770424509e+00
-1.596346332919482913e+00
-1.596491330915424056e+00
-1.596187515342566199e+00
-1.596487524664046864e+00
-1.596503871679195719e+00
-1.596470512386005014e+00
-1.596425625909652757e+00
-1.596668444908213802e+00
-1.596419053963869628e+00
-1.596625295849388948e+00
-1.596934280667193784e+00
-1.596607571992318286e+00
-1.596940526293125551e+00
-1.596748187745463010e+00
-1.596719414405203930e+00
-1.596677159809334334e+00
-1.596732467095371533e+00
-1.596952423444834457e+00
-1.596907740661630770e+00
-1.596501131215805724e+00
-1.596392615045097774e+00
-1.596607716752508788e+00
-1.596949753156222007e+00
-1.596807134929812522e+00
-1.596885956839438681e+00
-1.596786656843560248e+00
-1.596887053149237623e+00
-1.596452046095345745e+00
-1.596921844256542489e+00
-1.597018018818293195e+00
-1.596697588218519037e+00
-1.596706307725704432e+00
-1.596781560753658402e+00
-1.596612348486800448e+00
-1.596651565376855153e+00
-1.596954733040154784e+00
-1.597641540051115250e+00
-1.597875183552306178e+00
-1.597853333862844005e+00
-1.598146824040050040e+00
-1.598748085472903924e+00
-1.598603662107565215e+00
-1.598969314611023096e+00
-1.599525832763171396e+00
-1.599762962376885422e+00
-1.599959663624354933e+00
-1.600592315381856645e+00
-1.600864598055097510e+00
-1.601498071923984190e+00
-1.601442643099316721e+00
-1.602142581351333694e+00
-1.602191142685632341e+00
-1.602170152723429997e+00
-1.602533675511228939e+00
-1.602338858840906433e+00
-1.602773166181004294e+00
-1.602711580322958795e+00
-1.602947326936303707e+00
-1.603208204363150369e+00
-1.603425089654495705e+00
-1.603733090333406386e+00
-1.603807827240134154e+00
-1.604274245172654156e+00
-1.604647362786912224e+00
-1.604874552731186288e+00
-1.605426095950643450e+00
-1.605426048381940030e+00
-1.605727616254701839e+00
-1.606198312972956010e+00
-1.606562480665372217e+00
-1.606389276475611361e+00
-1.607167779441729838e+00
-1.607431695501955193e+00
-1.607602944136063972e+00
-1.607975562441345430e+00
-1.608066722380321334e+00
-1.608450353532021149e+00
-1.608528654750396747e+00
-1.608619084908094798e+00
-1.608517701802139266e+00
-1.609011289453193383e+00
-1.609404902139916160e+00
-1.609090847136989133e+00
-1.609536753401569653e+00
-1.609845513993725330e+00
-1.610120338833151088e+00
-1.610198026063180521e+00
-1.610675375302912382e+00
-1.610409127074757585e+00
-1.610592889571068831e+00
-1.611019682147093457e+00
-1.611222656152692778e+00
-1.611428710167635447e+00
-1.611552063159217285e+00
-1.612131275881095949e+00
-1.612119916599566993e+00
-1.612198254172022338e+00
-1.612907566371150958e+00
-1.612834304828062448e+00
-1.612944553190864161e+00
-1.612811774088458217e+00
-1.613038899313120611e+00
-1.613115433718556924e+00
-1.612832272612456208e+00
-1.613000225515014430e+00
-1.613141133982463948e+00
-1.613311454926500188e+00
-1.613294695222713404e+00
-1.613251746977912626e+00
-1.613317323470131237e+00
-1.613272753127239945e+00
-1.613378346529418472e+00
-1.613237961253797037e+00
-1.613309925955638713e+00
-1.613462348083183118e+00
-1.613146839309144598e+00
-1.612849252464001459e+00
-1.612590777675269260e+00
-1.612353969449338953e+00
-1.612195097367697949e+00
-1.611250313987256266e+00
-1.611573553338709441e+00
-1.610844170252809127e+00
-1.610738037166004055e+00
-1.610214012568810471e+00
-1.610396454489893436e+00
-1.610002596882887715e+00
-1.609341628421662618e+00
-1.609662588698579810e+00
-1.609377335213143745e+00
-1.608619117205457361e+00
-1.608863791912436669e+00
-1.608489820910276036e+00
-1.608600318286227626e+00
-1.607918776163637320e+00
-1.608127103618129716e+00
-1.607763404852767586e+00
-1.607520661686896002e+00
-1.607690892046961695e+00
-1.607507850024707086e+00
-1.607449352411952415e+00
-1.606914752157529769e+00
-1.606794373407739007e+00
-1.606516430729659550e+00
-1.606659425254811424e+00
-1.605988592692896511e+00
-1.605987720550276832e+00
-1.605445180793866555e+00
-1.605595241709149024e+00
-1.605277014559254756e+00
-1.605169273229285043e+00
-1.605057727206756546e+00
-1.604893250638047775e+00
-1.604846131239697771e+00
-1.604701538560757479e+00
-1.604108335930408025e+00
-1.604023680812089792e+00
-1.603943688631152664e+00
-1.603725003625307455e+00
-1.603397839567382244e+00
-1.603250501921764215e+00
-1.602564412889481593e+00
-1.602399481752908361e+00
-1.602278705860101793e+00
-1.601956163789232779e+00
-1.602129438716160870e+00
-1.601684803684600755e+00
-1.601615920202515309e+00
-1.601389480619874295e+00
-1.601440445459025863e+00
-1.601098181286704891e+00
-1.601047744417772645e+00
-1.601003038192460703e+00
-1.600991129017441894e+00
-1.601057136375532375e+00
-1.601162335252319213e+00
-1.601026167628796459e+00
-1.601178319419891860e+00
-1.601138471838950528e+00
-1.601189562842705527e+00
-1.601211160965793967e+00
-1.601063022034593164e+00
-1.601172737879535068e+00
-1.601196605210394974e+00
-1.601211351304175246e+00
-1.601301524687279931e+00
-1.601177400041341903e+00
-1.601182093754443203e+00
-1.601239231963638154e+00
-1.601139176892527605e+00
-1.601167532645158875e+00
-1.601189042462045409e+00
-1.601008281164641556e+00
-1.600920994467137870e+00
-1.601020863675385097e+00
-1.601170615431321220e+00
-1.601096810108927571e+00
-1.601465964343306458e+00
-1.601264810134971350e+00
-1.600855176375025613e+00
-1.601340232828172505e+00
-1.601256926308486594e+00
-1.601369980638050361e+00
-1.601223856051352090e+00
-1.601136109829721432e+00
-1.601066430548836683e+00
-1.600902662670753429e+00
-1.601066926146494929e+00
-1.600954072614660717e+00
-1.601075055952691395e+00
-1.601117253978004973e+00
-1.601200557949039149e+00
-1.601000074235557236e+00
-1.601065141131347680e+00
-1.601230379033019569e+00
-1.601211406199644305e+00
-1.601133591366055375e+00
-1.601159493360829078e+00
-1.601257561783742345e+00
-1.605037245145541913e+00
-1.604701000440900138e+00
-1.604092813971163212e+00
-1.603431055650543557e+00
-1.602535294837587942e+00
-1.602181106507430064e+00
-1.602668165249643506e+00
-1.601681359311502684e+00
-1.604771500879018431e+00
-1.604380400486229652e+00
-1.604213631422474640e+00
-1.603893158371672456e+00
-1.603711005292087322e+00
-1.603227025389061700e+00
-1.603574170533636600e+00
-1.603060871004556187e+00
-1.603991741015031725e+00
-1.603977364022679319e+00
-1.603885530333412301e+00
-1.603555749157887567e+00
-1.603588694251717683e+00
-1.603650147827455186e+00
-1.603742546352667109e+00
-1.603425886627891872e+00
-1.604119277308682312e+00
-1.604261840444499487e+00
-1.604504963016487595e+00
-1.604680742977541819e+00
-1.604781410637821093e+00
-1.605304489161954118e+00
-1.605331655817018532e+00
-1.605401272919197986e+00
-1.605447578803990805e+00
-1.605815749222893274e+00
-1.606035249329720971e+00
-1.605702198365347888e+00
-1.606116571713778862e+00
-1.606157991278625463e+00
-1.606097002125990159e+00
-1.606713350161401710e+00
-1.606959830715873006e+00
-1.606753849742408535e+00
-1.607061625356235091e+00
-1.607092956972806741e+00
-1.607596022340721742e+00
-1.607861124412814480e+00
-1.608034276523217176e+00
-1.608016264392180705e+00
-1.608150331315838510e+00
-1.608062280457738913e+00
-1.608170086012081779e+00
-1.608576098768524698e+00
-1.608287470876500924e+00
-1.608371150513437708e+00
-1.608309952225266626e+00
-1.608688778800119179e+00
-1.608234193016188307e+00
-1.608309796417790594e+00
-1.608613277884554105e+00
-1.608169663294664264e+00
-1.608577159503772780e+00
-1.608625707099998747e+00
-1.608318414840073984e+00
-1.608568542740525187e+00
-1.608390904159511914e+00
-1.608485799294745000e+00
-1.608529868943203489e+00
-1.608521004788852959e+00
-1.608731014283013794e+00
-1.608411581509133104e+00
-1.608372494375667427e+00
-1.608258550339241255e+00
-1.608656313486930278e+00
-1.608319328808673676e+00
-1.608582003369159352e+00
-1.608433004175235492e+00
-1.608618515519563807e+00
-1.608593933064244474e+00
-1.608402843329687082e+00
-1.608468870338742196e+00
-1.608333609081173510e+00
-1.608111911782173165e+00
-1.608808875322309984e+00
-1.608566784721584986e+00
-1.608535566946259543e+00
-1.608211294210662334e+00
-1.608559885934903289e+00
-1.608390062253717057e+00
-1.608388715138446390e+00
-1.608480142872180885e+00
-1.608735826979238670e+00
-1.608379055182830308e+00
-1.608680083209952594e+00
-1.608550200935894292e+00
-1.608420771696605911e+00
-1.608291370291898614e+00
-1.608544778700967237e+00
-1.608510576080762533e+00
-1.608533796800653892e+00
-1.608592457152050459e+00
-1.608558770220225309e+00
-1.608337284001912559e+00
-1.608517665528369722e+00
-1.608140361519768025e+00
-1.608467489488113911e+00
-1.608650732288048557e+00
-1.608694051383049217e+00
-1.608750949086177995e+00
-1.608474990290707174e+00
-1.608264346625430274e+00
-1.608263100227793618e+00
-1.608631784366192363e+00
-1.608441249574101395e+00
-1.608653323218537601e+00
-1.608576455586934850e+00
-1.608565951401198735e+00
-1.608378635976526860e+00
-1.608218961595096363e+00
-1.608290297291187665e+00
-1.608285533784334476e+00
-1.608491110306135008e+00
-1.608474646201986547e+00
-1.608608648456846257e+00
-1.608446653717737318e+00
-1.608434909393555490e+00
-1.608539247598087307e+00
-1.608371952617775769e+00
-1.608394815763699581e+00
-1.608180732949051395e+00
-1.608034727060371649e+00
-1.607493444508083513e+00
-1.607340173639433267e+00
-1.606880706523354352e+00
-1.606794921035370249e+00
-1.606873788811878478e+00
-1.606301406262857778e+00
-1.606178873193019330e+00
-1.606009880255722777e+00
-1.605911077010011345e+00
-1.605329883896484899e+00
-1.605264781383937356e+00
-1.604950283622736285e+00
-1.604256985663571555e+00
-1.604517659890053682e+00
-1.604554305985985474e+00
-1.604618369748372242e+00
-1.604318131346265774e+00
-1.604233750027327599e+00
-1.604219766729684693e+00
-1.604112670907065885e+00
-1.604143305152158749e+00
-1.604118012964463880e+00
-1.604128650091158903e+00
-1.603948502770438544e+00
-1.604389963700494359e+00
-1.604178883987558368e+00
-1.603903137415451319e+00
-1.603901942733465535e+00
-1.604217416103724370e+00
-1.604291405068260401e+00
-1.604117339160252120e+00
-1.604082468015539220e+00
-1.604138583158797537e+00
-1.604019688251953957e+00
-1.603876331322088067e+00
-1.603963942116279018e+00
-1.604005558795470909e+00
-1.604093995106509185e+00
-1.604259310592982990e+00
-1.604119483345326280e+00
-1.603928039343042178e+00
-1.604127737682659260e+00
-1.603937776311781915e+00
-1.603850844537278109e+00
-1.604130198007216457e+00
-1.604018393159074130e+00
-1.603906467610403785e+00
-1.604026307835584975e+00
-1.604034796473852165e+00
-1.603499995705233605e+00
-1.604094466066791957e+00
-1.604249958879598648e+00
-1.604117472995762572e+00
-1.604077171827348769e+00
-1.604164333628355532e+00
-1.603883333720578452e+00
-1.604204557486537119e+00
-1.603812166136546535e+00
-1.604134333672714519e+00
-1.604025838558179817e+00
-1.604112645749462329e+00
-1.603948511139317246e+00
-1.604193721065555245e+00
-1.603967260269915540e+00
-1.604048642981414696e+00
-1.603863694292789743e+00
-1.603869507603195466e+00
-1.604402356219420955e+00
-1.604156214031733807e+00
