0.000000000000000000e+00
2.000000000000000042e-03
4.000000000000000083e-03
6.000000000000000125e-03
8.000000000000000167e-03
1.000000000000000021e-02
1.200000000000000025e-02
1.400000000000000029e-02
1.600000000000000033e-02
1.799999999999999864e-02
2.000000000000000042e-02
2.199999999999999872e-02
2.400000000000000050e-02
2.599999999999999881e-02
2.800000000000000058e-02
2.999999999999999889e-02
3.200000000000000067e-02
3.400000000000000244e-02
3.599999999999999728e-02
3.799999999999999906e-02
4.000000000000000083e-02
4.200000000000000261e-02
4.399999999999999745e-02
4.599999999999999922e-02
4.800000000000000100e-02
5.000000000000000278e-02
5.199999999999999761e-02
5.399999999999999939e-02
5.600000000000000117e-02
5.800000000000000294e-02
5.999999999999999778e-02
6.199999999999999956e-02
6.400000000000000133e-02
6.600000000000000311e-02
6.800000000000000488e-02
7.000000000000000666e-02
7.199999999999999456e-02
7.399999999999999634e-02
7.599999999999999811e-02
7.799999999999999989e-02
8.000000000000000167e-02
8.200000000000000344e-02
8.400000000000000522e-02
8.599999999999999312e-02
8.799999999999999489e-02
8.999999999999999667e-02
9.199999999999999845e-02
9.400000000000000022e-02
9.600000000000000200e-02
9.800000000000000377e-02
1.000000000000000056e-01
1.019999999999999934e-01
1.039999999999999952e-01
1.059999999999999970e-01
1.079999999999999988e-01
1.100000000000000006e-01
1.120000000000000023e-01
1.140000000000000041e-01
1.160000000000000059e-01
1.179999999999999938e-01
1.199999999999999956e-01
1.219999999999999973e-01
1.239999999999999991e-01
1.260000000000000009e-01
1.280000000000000027e-01
1.300000000000000044e-01
1.320000000000000062e-01
1.340000000000000080e-01
1.360000000000000098e-01
1.380000000000000115e-01
1.400000000000000133e-01
1.419999999999999873e-01
1.439999999999999891e-01
1.459999999999999909e-01
1.479999999999999927e-01
1.499999999999999944e-01
1.519999999999999962e-01
1.539999999999999980e-01
1.559999999999999998e-01
1.580000000000000016e-01
1.600000000000000033e-01
1.620000000000000051e-01
1.640000000000000069e-01
1.660000000000000087e-01
1.680000000000000104e-01
1.700000000000000122e-01
1.719999999999999862e-01
1.739999999999999880e-01
1.759999999999999898e-01
1.779999999999999916e-01
1.799999999999999933e-01
1.819999999999999951e-01
1.839999999999999969e-01
1.859999999999999987e-01
1.880000000000000004e-01
1.900000000000000022e-01
1.920000000000000040e-01
1.940000000000000058e-01
1.960000000000000075e-01
1.980000000000000093e-01
2.000000000000000111e-01
2.020000000000000129e-01
2.039999999999999869e-01
2.059999999999999887e-01
2.079999999999999905e-01
2.099999999999999922e-01
2.119999999999999940e-01
2.139999999999999958e-01
2.159999999999999976e-01
2.179999999999999993e-01
2.200000000000000011e-01
2.220000000000000029e-01
2.240000000000000047e-01
2.260000000000000064e-01
2.280000000000000082e-01
2.300000000000000100e-01
2.320000000000000118e-01
2.340000000000000135e-01
2.359999999999999876e-01
2.379999999999999893e-01
2.399999999999999911e-01
2.419999999999999929e-01
2.439999999999999947e-01
2.459999999999999964e-01
2.479999999999999982e-01
2.500000000000000000e-01
2.520000000000000018e-01
2.540000000000000036e-01
2.560000000000000053e-01
2.580000000000000071e-01
2.600000000000000089e-01
2.620000000000000107e-01
2.640000000000000124e-01
2.660000000000000142e-01
2.680000000000000160e-01
2.700000000000000178e-01
2.720000000000000195e-01
2.740000000000000213e-01
2.760000000000000231e-01
2.780000000000000249e-01
2.800000000000000266e-01
2.819999999999999729e-01
2.839999999999999747e-01
2.859999999999999765e-01
2.879999999999999782e-01
2.899999999999999800e-01
2.919999999999999818e-01
2.939999999999999836e-01
2.959999999999999853e-01
2.979999999999999871e-01
2.999999999999999889e-01
3.019999999999999907e-01
3.039999999999999925e-01
3.059999999999999942e-01
3.079999999999999960e-01
3.099999999999999978e-01
3.119999999999999996e-01
3.140000000000000013e-01
3.160000000000000031e-01
3.180000000000000049e-01
3.200000000000000067e-01
3.220000000000000084e-01
3.240000000000000102e-01
3.260000000000000120e-01
3.280000000000000138e-01
3.300000000000000155e-01
3.320000000000000173e-01
3.340000000000000191e-01
3.360000000000000209e-01
3.380000000000000226e-01
3.400000000000000244e-01
3.420000000000000262e-01
3.439999999999999725e-01
3.459999999999999742e-01
3.479999999999999760e-01
3.499999999999999778e-01
3.519999999999999796e-01
3.539999999999999813e-01
3.559999999999999831e-01
3.579999999999999849e-01
3.599999999999999867e-01
3.619999999999999885e-01
3.639999999999999902e-01
3.659999999999999920e-01
3.679999999999999938e-01
3.699999999999999956e-01
3.719999999999999973e-01
3.739999999999999991e-01
3.760000000000000009e-01
3.780000000000000027e-01
3.800000000000000044e-01
3.820000000000000062e-01
3.840000000000000080e-01
3.860000000000000098e-01
3.880000000000000115e-01
3.900000000000000133e-01
3.920000000000000151e-01
3.940000000000000169e-01
3.960000000000000187e-01
3.980000000000000204e-01
4.000000000000000222e-01
4.020000000000000240e-01
4.040000000000000258e-01
4.060000000000000275e-01
4.079999999999999738e-01
4.099999999999999756e-01
4.119999999999999774e-01
4.139999999999999791e-01
4.159999999999999809e-01
4.179999999999999827e-01
4.199999999999999845e-01
4.219999999999999862e-01
4.239999999999999880e-01
4.259999999999999898e-01
4.279999999999999916e-01
4.299999999999999933e-01
4.319999999999999951e-01
4.339999999999999969e-01
4.359999999999999987e-01
4.380000000000000004e-01
4.400000000000000022e-01
4.420000000000000040e-01
4.440000000000000058e-01
4.460000000000000075e-01
4.480000000000000093e-01
4.500000000000000111e-01
4.520000000000000129e-01
4.540000000000000147e-01
4.560000000000000164e-01
4.580000000000000182e-01
4.600000000000000200e-01
4.620000000000000218e-01
4.640000000000000235e-01
4.660000000000000253e-01
4.680000000000000271e-01
4.699999999999999734e-01
4.719999999999999751e-01
4.739999999999999769e-01
4.759999999999999787e-01
4.779999999999999805e-01
4.799999999999999822e-01
4.819999999999999840e-01
4.839999999999999858e-01
4.859999999999999876e-01
4.879999999999999893e-01
4.899999999999999911e-01
4.919999999999999929e-01
4.939999999999999947e-01
4.959999999999999964e-01
4.979999999999999982e-01
5.000000000000000000e-01
5.020000000000000018e-01
5.040000000000000036e-01
5.060000000000000053e-01
5.080000000000000071e-01
5.100000000000000089e-01
5.120000000000000107e-01
5.140000000000000124e-01
5.160000000000000142e-01
5.180000000000000160e-01
5.200000000000000178e-01
5.220000000000000195e-01
5.240000000000000213e-01
5.260000000000000231e-01
5.280000000000000249e-01
5.300000000000000266e-01
5.320000000000000284e-01
5.340000000000000302e-01
5.360000000000000320e-01
5.380000000000000338e-01
5.400000000000000355e-01
5.420000000000000373e-01
5.440000000000000391e-01
5.460000000000000409e-01
5.480000000000000426e-01
5.500000000000000444e-01
5.520000000000000462e-01
5.540000000000000480e-01
5.560000000000000497e-01
5.580000000000000515e-01
5.600000000000000533e-01
5.620000000000000551e-01
5.639999999999999458e-01
5.659999999999999476e-01
5.679999999999999494e-01
5.699999999999999512e-01
5.719999999999999529e-01
5.739999999999999547e-01
5.759999999999999565e-01
5.779999999999999583e-01
5.799999999999999600e-01
5.819999999999999618e-01
5.839999999999999636e-01
5.859999999999999654e-01
5.879999999999999671e-01
5.899999999999999689e-01
5.919999999999999707e-01
5.939999999999999725e-01
5.959999999999999742e-01
5.979999999999999760e-01
5.999999999999999778e-01
6.019999999999999796e-01
6.039999999999999813e-01
6.059999999999999831e-01
6.079999999999999849e-01
6.099999999999999867e-01
6.119999999999999885e-01
6.139999999999999902e-01
6.159999999999999920e-01
6.179999999999999938e-01
6.199999999999999956e-01
6.219999999999999973e-01
6.239999999999999991e-01
6.260000000000000009e-01
6.280000000000000027e-01
6.300000000000000044e-01
6.320000000000000062e-01
6.340000000000000080e-01
6.360000000000000098e-01
6.380000000000000115e-01
6.400000000000000133e-01
6.420000000000000151e-01
6.440000000000000169e-01
6.460000000000000187e-01
6.480000000000000204e-01
6.500000000000000222e-01
6.520000000000000240e-01
6.540000000000000258e-01
6.560000000000000275e-01
6.580000000000000293e-01
6.600000000000000311e-01
6.620000000000000329e-01
6.640000000000000346e-01
6.660000000000000364e-01
6.680000000000000382e-01
6.700000000000000400e-01
6.720000000000000417e-01
6.740000000000000435e-01
6.760000000000000453e-01
6.780000000000000471e-01
6.800000000000000488e-01
6.820000000000000506e-01
6.840000000000000524e-01
6.860000000000000542e-01
6.879999999999999449e-01
6.899999999999999467e-01
6.919999999999999485e-01
6.939999999999999503e-01
6.959999999999999520e-01
6.979999999999999538e-01
6.999999999999999556e-01
7.019999999999999574e-01
7.039999999999999591e-01
7.059999999999999609e-01
7.079999999999999627e-01
7.099999999999999645e-01
7.119999999999999662e-01
7.139999999999999680e-01
7.159999999999999698e-01
7.179999999999999716e-01
7.199999999999999734e-01
7.219999999999999751e-01
7.239999999999999769e-01
7.259999999999999787e-01
7.279999999999999805e-01
7.299999999999999822e-01
7.319999999999999840e-01
7.339999999999999858e-01
7.359999999999999876e-01
7.379999999999999893e-01
7.399999999999999911e-01
7.419999999999999929e-01
7.439999999999999947e-01
7.459999999999999964e-01
7.479999999999999982e-01
7.500000000000000000e-01
7.520000000000000018e-01
7.540000000000000036e-01
7.560000000000000053e-01
7.580000000000000071e-01
7.600000000000000089e-01
7.620000000000000107e-01
7.640000000000000124e-01
7.660000000000000142e-01
7.680000000000000160e-01
7.700000000000000178e-01
7.720000000000000195e-01
7.740000000000000213e-01
7.760000000000000231e-01
7.780000000000000249e-01
7.800000000000000266e-01
7.820000000000000284e-01
7.840000000000000302e-01
7.860000000000000320e-01
7.880000000000000338e-01
7.900000000000000355e-01
7.920000000000000373e-01
7.940000000000000391e-01
7.960000000000000409e-01
7.980000000000000426e-01
8.000000000000000444e-01
8.020000000000000462e-01
8.040000000000000480e-01
8.060000000000000497e-01
8.080000000000000515e-01
8.100000000000000533e-01
8.120000000000000551e-01
8.139999999999999458e-01
8.159999999999999476e-01
8.179999999999999494e-01
8.199999999999999512e-01
8.219999999999999529e-01
8.239999999999999547e-01
8.259999999999999565e-01
8.279999999999999583e-01
8.299999999999999600e-01
8.319999999999999618e-01
8.339999999999999636e-01
8.359999999999999654e-01
8.379999999999999671e-01
8.399999999999999689e-01
8.419999999999999707e-01
8.439999999999999725e-01
8.459999999999999742e-01
8.479999999999999760e-01
8.499999999999999778e-01
8.519999999999999796e-01
8.539999999999999813e-01
8.559999999999999831e-01
8.579999999999999849e-01
8.599999999999999867e-01
8.619999999999999885e-01
8.639999999999999902e-01
8.659999999999999920e-01
8.679999999999999938e-01
8.699999999999999956e-01
8.719999999999999973e-01
8.739999999999999991e-01
8.760000000000000009e-01
8.780000000000000027e-01
8.800000000000000044e-01
8.820000000000000062e-01
8.840000000000000080e-01
8.860000000000000098e-01
8.880000000000000115e-01
8.900000000000000133e-01
8.920000000000000151e-01
8.940000000000000169e-01
8.960000000000000187e-01
8.980000000000000204e-01
9.000000000000000222e-01
9.020000000000000240e-01
9.040000000000000258e-01
9.060000000000000275e-01
9.080000000000000293e-01
9.100000000000000311e-01
9.120000000000000329e-01
9.140000000000000346e-01
9.160000000000000364e-01
9.180000000000000382e-01
9.200000000000000400e-01
9.220000000000000417e-01
9.240000000000000435e-01
9.260000000000000453e-01
9.280000000000000471e-01
9.300000000000000488e-01
9.320000000000000506e-01
9.340000000000000524e-01
9.360000000000000542e-01
9.379999999999999449e-01
9.399999999999999467e-01
9.419999999999999485e-01
9.439999999999999503e-01
9.459999999999999520e-01
9.479999999999999538e-01
9.499999999999999556e-01
9.519999999999999574e-01
9.539999999999999591e-01
9.559999999999999609e-01
9.579999999999999627e-01
9.599999999999999645e-01
9.619999999999999662e-01
9.639999999999999680e-01
9.659999999999999698e-01
9.679999999999999716e-01
9.699999999999999734e-01
9.719999999999999751e-01
9.739999999999999769e-01
9.759999999999999787e-01
9.779999999999999805e-01
9.799999999999999822e-01
9.819999999999999840e-01
9.839999999999999858e-01
9.859999999999999876e-01
9.879999999999999893e-01
9.899999999999999911e-01
9.919999999999999929e-01
9.939999999999999947e-01
9.959999999999999964e-01
9.979999999999999982e-01
1.000000000000000000e+00
1.002000000000000002e+00
1.004000000000000004e+00
1.006000000000000005e+00
1.008000000000000007e+00
1.010000000000000009e+00
1.012000000000000011e+00
1.014000000000000012e+00
1.016000000000000014e+00
1.018000000000000016e+00
1.020000000000000018e+00
1.022000000000000020e+00
1.024000000000000021e+00
1.026000000000000023e+00
1.028000000000000025e+00
1.030000000000000027e+00
1.032000000000000028e+00
1.034000000000000030e+00
1.036000000000000032e+00
1.038000000000000034e+00
1.040000000000000036e+00
1.042000000000000037e+00
1.044000000000000039e+00
1.046000000000000041e+00
1.048000000000000043e+00
1.050000000000000044e+00
1.052000000000000046e+00
1.054000000000000048e+00
1.056000000000000050e+00
1.058000000000000052e+00
1.060000000000000053e+00
1.062000000000000055e+00
1.064000000000000057e+00
1.066000000000000059e+00
1.068000000000000060e+00
1.070000000000000062e+00
1.072000000000000064e+00
1.074000000000000066e+00
1.076000000000000068e+00
1.078000000000000069e+00
1.080000000000000071e+00
1.082000000000000073e+00
1.084000000000000075e+00
1.086000000000000076e+00
1.088000000000000078e+00
1.090000000000000080e+00
1.092000000000000082e+00
1.094000000000000083e+00
1.096000000000000085e+00
1.098000000000000087e+00
1.100000000000000089e+00
1.102000000000000091e+00
1.104000000000000092e+00
1.106000000000000094e+00
1.108000000000000096e+00
1.110000000000000098e+00
1.112000000000000099e+00
1.114000000000000101e+00
1.116000000000000103e+00
1.118000000000000105e+00
1.120000000000000107e+00
1.122000000000000108e+00
1.124000000000000110e+00
1.125999999999999890e+00
1.127999999999999892e+00
1.129999999999999893e+00
1.131999999999999895e+00
1.133999999999999897e+00
1.135999999999999899e+00
1.137999999999999901e+00
1.139999999999999902e+00
1.141999999999999904e+00
1.143999999999999906e+00
1.145999999999999908e+00
1.147999999999999909e+00
1.149999999999999911e+00
1.151999999999999913e+00
1.153999999999999915e+00
1.155999999999999917e+00
1.157999999999999918e+00
1.159999999999999920e+00
1.161999999999999922e+00
1.163999999999999924e+00
1.165999999999999925e+00
1.167999999999999927e+00
1.169999999999999929e+00
1.171999999999999931e+00
1.173999999999999932e+00
1.175999999999999934e+00
1.177999999999999936e+00
1.179999999999999938e+00
1.181999999999999940e+00
1.183999999999999941e+00
1.185999999999999943e+00
1.187999999999999945e+00
1.189999999999999947e+00
1.191999999999999948e+00
1.193999999999999950e+00
1.195999999999999952e+00
1.197999999999999954e+00
1.199999999999999956e+00
1.201999999999999957e+00
1.203999999999999959e+00
1.205999999999999961e+00
1.207999999999999963e+00
1.209999999999999964e+00
1.211999999999999966e+00
1.213999999999999968e+00
1.215999999999999970e+00
1.217999999999999972e+00
1.219999999999999973e+00
1.221999999999999975e+00
1.223999999999999977e+00
1.225999999999999979e+00
1.227999999999999980e+00
1.229999999999999982e+00
1.231999999999999984e+00
1.233999999999999986e+00
1.235999999999999988e+00
1.237999999999999989e+00
1.239999999999999991e+00
1.241999999999999993e+00
1.243999999999999995e+00
1.245999999999999996e+00
1.247999999999999998e+00
1.250000000000000000e+00
1.252000000000000002e+00
1.254000000000000004e+00
1.256000000000000005e+00
1.258000000000000007e+00
1.260000000000000009e+00
1.262000000000000011e+00
1.264000000000000012e+00
1.266000000000000014e+00
1.268000000000000016e+00
1.270000000000000018e+00
1.272000000000000020e+00
1.274000000000000021e+00
1.276000000000000023e+00
1.278000000000000025e+00
1.280000000000000027e+00
1.282000000000000028e+00
1.284000000000000030e+00
1.286000000000000032e+00
1.288000000000000034e+00
1.290000000000000036e+00
1.292000000000000037e+00
1.294000000000000039e+00
1.296000000000000041e+00
1.298000000000000043e+00
1.300000000000000044e+00
1.302000000000000046e+00
1.304000000000000048e+00
1.306000000000000050e+00
1.308000000000000052e+00
1.310000000000000053e+00
1.312000000000000055e+00
1.314000000000000057e+00
1.316000000000000059e+00
1.318000000000000060e+00
1.320000000000000062e+00
1.322000000000000064e+00
1.324000000000000066e+00
1.326000000000000068e+00
1.328000000000000069e+00
1.330000000000000071e+00
1.332000000000000073e+00
1.334000000000000075e+00
1.336000000000000076e+00
1.338000000000000078e+00
1.340000000000000080e+00
1.342000000000000082e+00
1.344000000000000083e+00
1.346000000000000085e+00
1.348000000000000087e+00
1.350000000000000089e+00
1.352000000000000091e+00
1.354000000000000092e+00
1.356000000000000094e+00
1.358000000000000096e+00
1.360000000000000098e+00
1.362000000000000099e+00
1.364000000000000101e+00
1.366000000000000103e+00
1.368000000000000105e+00
1.370000000000000107e+00
1.372000000000000108e+00
1.374000000000000110e+00
1.375999999999999890e+00
1.377999999999999892e+00
1.379999999999999893e+00
1.381999999999999895e+00
1.383999999999999897e+00
1.385999999999999899e+00
1.387999999999999901e+00
1.389999999999999902e+00
1.391999999999999904e+00
1.393999999999999906e+00
1.395999999999999908e+00
1.397999999999999909e+00
1.399999999999999911e+00
1.401999999999999913e+00
1.403999999999999915e+00
1.405999999999999917e+00
1.407999999999999918e+00
1.409999999999999920e+00
1.411999999999999922e+00
1.413999999999999924e+00
1.415999999999999925e+00
1.417999999999999927e+00
1.419999999999999929e+00
1.421999999999999931e+00
1.423999999999999932e+00
1.425999999999999934e+00
1.427999999999999936e+00
1.429999999999999938e+00
1.431999999999999940e+00
1.433999999999999941e+00
1.435999999999999943e+00
1.437999999999999945e+00
1.439999999999999947e+00
1.441999999999999948e+00
1.443999999999999950e+00
1.445999999999999952e+00
1.447999999999999954e+00
1.449999999999999956e+00
1.451999999999999957e+00
1.453999999999999959e+00
1.455999999999999961e+00
1.457999999999999963e+00
1.459999999999999964e+00
1.461999999999999966e+00
1.463999999999999968e+00
1.465999999999999970e+00
1.467999999999999972e+00
1.469999999999999973e+00
1.471999999999999975e+00
1.473999999999999977e+00
1.475999999999999979e+00
1.477999999999999980e+00
1.479999999999999982e+00
1.481999999999999984e+00
1.483999999999999986e+00
1.485999999999999988e+00
1.487999999999999989e+00
1.489999999999999991e+00
1.491999999999999993e+00
1.493999999999999995e+00
1.495999999999999996e+00
1.497999999999999998e+00
1.500000000000000000e+00
1.502000000000000002e+00
1.504000000000000004e+00
1.506000000000000005e+00
1.508000000000000007e+00
1.510000000000000009e+00
1.512000000000000011e+00
1.514000000000000012e+00
1.516000000000000014e+00
1.518000000000000016e+00
1.520000000000000018e+00
1.522000000000000020e+00
1.524000000000000021e+00
1.526000000000000023e+00
1.528000000000000025e+00
1.530000000000000027e+00
1.532000000000000028e+00
1.534000000000000030e+00
1.536000000000000032e+00
1.538000000000000034e+00
1.540000000000000036e+00
1.542000000000000037e+00
1.544000000000000039e+00
1.546000000000000041e+00
1.548000000000000043e+00
1.550000000000000044e+00
1.552000000000000046e+00
1.554000000000000048e+00
1.556000000000000050e+00
1.558000000000000052e+00
1.560000000000000053e+00
1.562000000000000055e+00
1.564000000000000057e+00
1.566000000000000059e+00
1.568000000000000060e+00
1.570000000000000062e+00
1.572000000000000064e+00
1.574000000000000066e+00
1.576000000000000068e+00
1.578000000000000069e+00
1.580000000000000071e+00
1.582000000000000073e+00
1.584000000000000075e+00
1.586000000000000076e+00
1.588000000000000078e+00
1.590000000000000080e+00
1.592000000000000082e+00
1.594000000000000083e+00
1.596000000000000085e+00
1.598000000000000087e+00
1.600000000000000089e+00
1.602000000000000091e+00
1.604000000000000092e+00
1.606000000000000094e+00
1.608000000000000096e+00
1.610000000000000098e+00
1.612000000000000099e+00
1.614000000000000101e+00
1.616000000000000103e+00
1.618000000000000105e+00
1.620000000000000107e+00
1.622000000000000108e+00
1.624000000000000110e+00
1.625999999999999890e+00
1.627999999999999892e+00
1.629999999999999893e+00
1.631999999999999895e+00
1.633999999999999897e+00
1.635999999999999899e+00
1.637999999999999901e+00
1.639999999999999902e+00
1.641999999999999904e+00
1.643999999999999906e+00
1.645999999999999908e+00
1.647999999999999909e+00
1.649999999999999911e+00
1.651999999999999913e+00
1.653999999999999915e+00
1.655999999999999917e+00
1.657999999999999918e+00
1.659999999999999920e+00
1.661999999999999922e+00
1.663999999999999924e+00
1.665999999999999925e+00
1.667999999999999927e+00
1.669999999999999929e+00
1.671999999999999931e+00
1.673999999999999932e+00
1.675999999999999934e+00
1.677999999999999936e+00
1.679999999999999938e+00
1.681999999999999940e+00
1.683999999999999941e+00
1.685999999999999943e+00
1.687999999999999945e+00
1.689999999999999947e+00
1.691999999999999948e+00
1.693999999999999950e+00
1.695999999999999952e+00
1.697999999999999954e+00
1.699999999999999956e+00
1.701999999999999957e+00
1.703999999999999959e+00
1.705999999999999961e+00
1.707999999999999963e+00
1.709999999999999964e+00
1.711999999999999966e+00
1.713999999999999968e+00
1.715999999999999970e+00
1.717999999999999972e+00
1.719999999999999973e+00
1.721999999999999975e+00
1.723999999999999977e+00
1.725999999999999979e+00
1.727999999999999980e+00
1.729999999999999982e+00
1.731999999999999984e+00
1.733999999999999986e+00
1.735999999999999988e+00
1.737999999999999989e+00
1.739999999999999991e+00
1.741999999999999993e+00
1.743999999999999995e+00
1.745999999999999996e+00
1.747999999999999998e+00
1.750000000000000000e+00
1.752000000000000002e+00
1.754000000000000004e+00
1.756000000000000005e+00
1.758000000000000007e+00
1.760000000000000009e+00
1.762000000000000011e+00
1.764000000000000012e+00
1.766000000000000014e+00
1.768000000000000016e+00
1.770000000000000018e+00
1.772000000000000020e+00
1.774000000000000021e+00
1.776000000000000023e+00
1.778000000000000025e+00
1.780000000000000027e+00
1.782000000000000028e+00
1.784000000000000030e+00
1.786000000000000032e+00
1.788000000000000034e+00
1.790000000000000036e+00
1.792000000000000037e+00
1.794000000000000039e+00
1.796000000000000041e+00
1.798000000000000043e+00
1.800000000000000044e+00
1.802000000000000046e+00
1.804000000000000048e+00
1.806000000000000050e+00
1.808000000000000052e+00
1.810000000000000053e+00
1.812000000000000055e+00
1.814000000000000057e+00
1.816000000000000059e+00
1.818000000000000060e+00
1.820000000000000062e+00
1.822000000000000064e+00
1.824000000000000066e+00
1.826000000000000068e+00
1.828000000000000069e+00
1.830000000000000071e+00
1.832000000000000073e+00
1.834000000000000075e+00
1.836000000000000076e+00
1.838000000000000078e+00
1.840000000000000080e+00
1.842000000000000082e+00
1.844000000000000083e+00
1.846000000000000085e+00
1.848000000000000087e+00
1.850000000000000089e+00
1.852000000000000091e+00
1.854000000000000092e+00
1.856000000000000094e+00
1.858000000000000096e+00
1.860000000000000098e+00
1.862000000000000099e+00
1.864000000000000101e+00
1.866000000000000103e+00
1.868000000000000105e+00
1.870000000000000107e+00
1.872000000000000108e+00
1.874000000000000110e+00
1.875999999999999890e+00
1.877999999999999892e+00
1.879999999999999893e+00
1.881999999999999895e+00
1.883999999999999897e+00
1.885999999999999899e+00
1.887999999999999901e+00
1.889999999999999902e+00
1.891999999999999904e+00
1.893999999999999906e+00
1.895999999999999908e+00
1.897999999999999909e+00
1.899999999999999911e+00
1.901999999999999913e+00
1.903999999999999915e+00
1.905999999999999917e+00
1.907999999999999918e+00
1.909999999999999920e+00
1.911999999999999922e+00
1.913999999999999924e+00
1.915999999999999925e+00
1.917999999999999927e+00
1.919999999999999929e+00
1.921999999999999931e+00
1.923999999999999932e+00
1.925999999999999934e+00
1.927999999999999936e+00
1.929999999999999938e+00
1.931999999999999940e+00
1.933999999999999941e+00
1.935999999999999943e+00
1.937999999999999945e+00
1.939999999999999947e+00
1.941999999999999948e+00
1.943999999999999950e+00
1.945999999999999952e+00
1.947999999999999954e+00
1.949999999999999956e+00
1.951999999999999957e+00
1.953999999999999959e+00
1.955999999999999961e+00
1.957999999999999963e+00
1.959999999999999964e+00
1.961999999999999966e+00
1.963999999999999968e+00
1.965999999999999970e+00
1.967999999999999972e+00
1.969999999999999973e+00
1.971999999999999975e+00
1.973999999999999977e+00
1.975999999999999979e+00
1.977999999999999980e+00
1.979999999999999982e+00
1.981999999999999984e+00
1.983999999999999986e+00
1.985999999999999988e+00
1.987999999999999989e+00
1.989999999999999991e+00
1.991999999999999993e+00
1.993999999999999995e+00
1.995999999999999996e+00
1.997999999999999998e+00
2.000000000000000000e+00
2.001999999999999780e+00
2.004000000000000004e+00
2.005999999999999783e+00
2.008000000000000007e+00
2.009999999999999787e+00
2.012000000000000011e+00
2.013999999999999790e+00
2.016000000000000014e+00
2.017999999999999794e+00
2.020000000000000018e+00
2.021999999999999797e+00
2.024000000000000021e+00
2.025999999999999801e+00
2.028000000000000025e+00
2.029999999999999805e+00
2.032000000000000028e+00
2.033999999999999808e+00
2.036000000000000032e+00
2.037999999999999812e+00
2.040000000000000036e+00
2.041999999999999815e+00
2.044000000000000039e+00
2.045999999999999819e+00
2.048000000000000043e+00
2.049999999999999822e+00
2.052000000000000046e+00
2.053999999999999826e+00
2.056000000000000050e+00
2.057999999999999829e+00
2.060000000000000053e+00
2.061999999999999833e+00
2.064000000000000057e+00
2.065999999999999837e+00
2.068000000000000060e+00
2.069999999999999840e+00
2.072000000000000064e+00
2.073999999999999844e+00
2.076000000000000068e+00
2.077999999999999847e+00
2.080000000000000071e+00
2.081999999999999851e+00
2.084000000000000075e+00
2.085999999999999854e+00
2.088000000000000078e+00
2.089999999999999858e+00
2.092000000000000082e+00
2.093999999999999861e+00
2.096000000000000085e+00
2.097999999999999865e+00
2.100000000000000089e+00
2.101999999999999869e+00
2.104000000000000092e+00
2.105999999999999872e+00
2.108000000000000096e+00
2.109999999999999876e+00
2.112000000000000099e+00
2.113999999999999879e+00
2.116000000000000103e+00
2.117999999999999883e+00
2.120000000000000107e+00
2.121999999999999886e+00
2.124000000000000110e+00
2.125999999999999890e+00
2.128000000000000114e+00
2.129999999999999893e+00
2.132000000000000117e+00
2.133999999999999897e+00
2.136000000000000121e+00
2.137999999999999901e+00
2.140000000000000124e+00
2.141999999999999904e+00
2.144000000000000128e+00
2.145999999999999908e+00
2.148000000000000131e+00
2.149999999999999911e+00
2.152000000000000135e+00
2.153999999999999915e+00
2.156000000000000139e+00
2.157999999999999918e+00
2.160000000000000142e+00
2.161999999999999922e+00
2.164000000000000146e+00
2.165999999999999925e+00
2.168000000000000149e+00
2.169999999999999929e+00
2.172000000000000153e+00
2.173999999999999932e+00
2.176000000000000156e+00
2.177999999999999936e+00
2.180000000000000160e+00
2.181999999999999940e+00
2.184000000000000163e+00
2.185999999999999943e+00
2.188000000000000167e+00
2.189999999999999947e+00
2.192000000000000171e+00
2.193999999999999950e+00
2.196000000000000174e+00
2.197999999999999954e+00
2.200000000000000178e+00
2.201999999999999957e+00
2.204000000000000181e+00
2.205999999999999961e+00
2.208000000000000185e+00
2.209999999999999964e+00
2.212000000000000188e+00
2.213999999999999968e+00
2.216000000000000192e+00
2.217999999999999972e+00
2.220000000000000195e+00
2.221999999999999975e+00
2.224000000000000199e+00
2.225999999999999979e+00
2.228000000000000203e+00
2.229999999999999982e+00
2.232000000000000206e+00
2.233999999999999986e+00
2.236000000000000210e+00
2.237999999999999989e+00
2.240000000000000213e+00
2.241999999999999993e+00
2.244000000000000217e+00
2.245999999999999996e+00
2.248000000000000220e+00
2.250000000000000000e+00
2.251999999999999780e+00
2.254000000000000004e+00
2.255999999999999783e+00
2.258000000000000007e+00
2.259999999999999787e+00
2.262000000000000011e+00
2.263999999999999790e+00
2.266000000000000014e+00
2.267999999999999794e+00
2.270000000000000018e+00
2.271999999999999797e+00
2.274000000000000021e+00
2.275999999999999801e+00
2.278000000000000025e+00
2.279999999999999805e+00
2.282000000000000028e+00
2.283999999999999808e+00
2.286000000000000032e+00
2.287999999999999812e+00
2.290000000000000036e+00
2.291999999999999815e+00
2.294000000000000039e+00
2.295999999999999819e+00
2.298000000000000043e+00
2.299999999999999822e+00
2.302000000000000046e+00
2.303999999999999826e+00
2.306000000000000050e+00
2.307999999999999829e+00
2.310000000000000053e+00
2.311999999999999833e+00
2.314000000000000057e+00
2.315999999999999837e+00
2.318000000000000060e+00
2.319999999999999840e+00
2.322000000000000064e+00
2.323999999999999844e+00
2.326000000000000068e+00
2.327999999999999847e+00
2.330000000000000071e+00
2.331999999999999851e+00
2.334000000000000075e+00
2.335999999999999854e+00
2.338000000000000078e+00
2.339999999999999858e+00
2.342000000000000082e+00
2.343999999999999861e+00
2.346000000000000085e+00
2.347999999999999865e+00
2.350000000000000089e+00
2.351999999999999869e+00
2.354000000000000092e+00
2.355999999999999872e+00
2.358000000000000096e+00
2.359999999999999876e+00
2.362000000000000099e+00
2.363999999999999879e+00
2.366000000000000103e+00
2.367999999999999883e+00
2.370000000000000107e+00
2.371999999999999886e+00
2.374000000000000110e+00
2.375999999999999890e+00
2.378000000000000114e+00
2.379999999999999893e+00
2.382000000000000117e+00
2.383999999999999897e+00
2.386000000000000121e+00
2.387999999999999901e+00
2.390000000000000124e+00
2.391999999999999904e+00
2.394000000000000128e+00
2.395999999999999908e+00
2.398000000000000131e+00
2.399999999999999911e+00
2.402000000000000135e+00
2.403999999999999915e+00
2.406000000000000139e+00
2.407999999999999918e+00
2.410000000000000142e+00
2.411999999999999922e+00
2.414000000000000146e+00
2.415999999999999925e+00
2.418000000000000149e+00
2.419999999999999929e+00
2.422000000000000153e+00
2.423999999999999932e+00
2.426000000000000156e+00
2.427999999999999936e+00
2.430000000000000160e+00
2.431999999999999940e+00
2.434000000000000163e+00
2.435999999999999943e+00
2.438000000000000167e+00
2.439999999999999947e+00
2.442000000000000171e+00
2.443999999999999950e+00
2.446000000000000174e+00
2.447999999999999954e+00
2.450000000000000178e+00
2.451999999999999957e+00
2.454000000000000181e+00
2.455999999999999961e+00
2.458000000000000185e+00
2.459999999999999964e+00
2.462000000000000188e+00
2.463999999999999968e+00
2.466000000000000192e+00
2.467999999999999972e+00
2.470000000000000195e+00
2.471999999999999975e+00
2.474000000000000199e+00
2.475999999999999979e+00
2.478000000000000203e+00
2.479999999999999982e+00
2.482000000000000206e+00
2.483999999999999986e+00
2.486000000000000210e+00
2.487999999999999989e+00
2.490000000000000213e+00
2.491999999999999993e+00
2.494000000000000217e+00
2.495999999999999996e+00
2.498000000000000220e+00
2.500000000000000000e+00
2.501999999999999780e+00
2.504000000000000004e+00
2.505999999999999783e+00
2.508000000000000007e+00
2.509999999999999787e+00
2.512000000000000011e+00
2.513999999999999790e+00
2.516000000000000014e+00
2.517999999999999794e+00
2.520000000000000018e+00
2.521999999999999797e+00
2.524000000000000021e+00
2.525999999999999801e+00
2.528000000000000025e+00
2.529999999999999805e+00
2.532000000000000028e+00
2.533999999999999808e+00
2.536000000000000032e+00
2.537999999999999812e+00
2.540000000000000036e+00
2.541999999999999815e+00
2.544000000000000039e+00
2.545999999999999819e+00
2.548000000000000043e+00
2.549999999999999822e+00
2.552000000000000046e+00
2.553999999999999826e+00
2.556000000000000050e+00
2.557999999999999829e+00
2.560000000000000053e+00
2.561999999999999833e+00
2.564000000000000057e+00
2.565999999999999837e+00
2.568000000000000060e+00
2.569999999999999840e+00
2.572000000000000064e+00
2.573999999999999844e+00
2.576000000000000068e+00
2.577999999999999847e+00
2.580000000000000071e+00
2.581999999999999851e+00
2.584000000000000075e+00
2.585999999999999854e+00
2.588000000000000078e+00
2.589999999999999858e+00
2.592000000000000082e+00
2.593999999999999861e+00
2.596000000000000085e+00
2.597999999999999865e+00
2.600000000000000089e+00
2.601999999999999869e+00
2.604000000000000092e+00
2.605999999999999872e+00
2.608000000000000096e+00
2.609999999999999876e+00
2.612000000000000099e+00
2.613999999999999879e+00
2.616000000000000103e+00
2.617999999999999883e+00
2.620000000000000107e+00
2.621999999999999886e+00
2.624000000000000110e+00
2.625999999999999890e+00
2.628000000000000114e+00
2.629999999999999893e+00
2.632000000000000117e+00
2.633999999999999897e+00
2.636000000000000121e+00
2.637999999999999901e+00
2.639999999999999680e+00
2.641999999999999460e+00
2.643999999999999240e+00
2.645999999999999019e+00
2.647999999999998799e+00
2.649999999999998579e+00
2.651999999999998359e+00
2.653999999999998138e+00
2.655999999999997918e+00
2.657999999999997698e+00
2.659999999999997478e+00
2.661999999999997257e+00
2.663999999999997037e+00
2.665999999999996817e+00
2.667999999999996597e+00
2.669999999999996376e+00
2.671999999999996156e+00
2.673999999999995936e+00
2.675999999999995715e+00
2.677999999999995495e+00
2.679999999999995275e+00
2.681999999999995055e+00
2.683999999999994834e+00
2.685999999999994614e+00
2.687999999999994394e+00
2.689999999999994174e+00
2.691999999999993953e+00
2.693999999999993733e+00
2.695999999999993513e+00
2.697999999999993292e+00
2.699999999999993072e+00
2.701999999999992852e+00
2.703999999999992632e+00
2.705999999999992411e+00
2.707999999999992191e+00
2.709999999999991971e+00
2.711999999999991751e+00
2.713999999999991530e+00
2.715999999999991310e+00
2.717999999999991090e+00
2.719999999999990870e+00
2.721999999999990649e+00
2.723999999999990429e+00
2.725999999999990209e+00
2.727999999999989988e+00
2.729999999999989768e+00
2.731999999999989548e+00
2.733999999999989328e+00
2.735999999999989107e+00
2.737999999999988887e+00
2.739999999999988667e+00
2.741999999999988447e+00
2.743999999999988226e+00
2.745999999999988006e+00
2.747999999999987786e+00
2.749999999999987566e+00
2.751999999999987345e+00
2.753999999999987125e+00
2.755999999999986905e+00
2.757999999999986684e+00
2.759999999999986464e+00
2.761999999999986244e+00
2.763999999999986024e+00
2.765999999999985803e+00
2.767999999999985583e+00
2.769999999999985363e+00
2.771999999999985143e+00
2.773999999999984922e+00
2.775999999999984702e+00
2.777999999999984482e+00
2.779999999999984261e+00
2.781999999999984041e+00
2.783999999999983821e+00
2.785999999999983601e+00
2.787999999999983380e+00
2.789999999999983160e+00
2.791999999999982940e+00
2.793999999999982720e+00
2.795999999999982499e+00
2.797999999999982279e+00
2.799999999999982059e+00
2.801999999999981839e+00
2.803999999999981618e+00
2.805999999999981398e+00
2.807999999999981178e+00
2.809999999999980957e+00
2.811999999999980737e+00
2.813999999999980517e+00
2.815999999999980297e+00
2.817999999999980076e+00
2.819999999999979856e+00
2.821999999999979636e+00
2.823999999999979416e+00
2.825999999999979195e+00
2.827999999999978975e+00
2.829999999999978755e+00
2.831999999999978535e+00
2.833999999999978314e+00
2.835999999999978094e+00
2.837999999999977874e+00
2.839999999999977653e+00
2.841999999999977433e+00
2.843999999999977213e+00
2.845999999999976993e+00
2.847999999999976772e+00
2.849999999999976552e+00
2.851999999999976332e+00
2.853999999999976112e+00
2.855999999999975891e+00
2.857999999999975671e+00
2.859999999999975451e+00
2.861999999999975230e+00
2.863999999999975010e+00
2.865999999999974790e+00
2.867999999999974570e+00
2.869999999999974349e+00
2.871999999999974129e+00
2.873999999999973909e+00
2.875999999999973689e+00
2.877999999999973468e+00
2.879999999999973248e+00
2.881999999999973028e+00
2.883999999999972808e+00
2.885999999999972587e+00
2.887999999999972367e+00
2.889999999999972147e+00
2.891999999999971926e+00
2.893999999999971706e+00
2.895999999999971486e+00
2.897999999999971266e+00
2.899999999999971045e+00
2.901999999999970825e+00
2.903999999999970605e+00
2.905999999999970385e+00
2.907999999999970164e+00
2.909999999999969944e+00
2.911999999999969724e+00
2.913999999999969504e+00
2.915999999999969283e+00
2.917999999999969063e+00
2.919999999999968843e+00
2.921999999999968622e+00
2.923999999999968402e+00
2.925999999999968182e+00
2.927999999999967962e+00
2.929999999999967741e+00
2.931999999999967521e+00
2.933999999999967301e+00
2.935999999999967081e+00
2.937999999999966860e+00
2.939999999999966640e+00
2.941999999999966420e+00
2.943999999999966199e+00
2.945999999999965979e+00
2.947999999999965759e+00
2.949999999999965539e+00
2.951999999999965318e+00
2.953999999999965098e+00
2.955999999999964878e+00
2.957999999999964658e+00
2.959999999999964437e+00
2.961999999999964217e+00
2.963999999999963997e+00
2.965999999999963777e+00
2.967999999999963556e+00
2.969999999999963336e+00
2.971999999999963116e+00
2.973999999999962895e+00
2.975999999999962675e+00
2.977999999999962455e+00
2.979999999999962235e+00
2.981999999999962014e+00
2.983999999999961794e+00
2.985999999999961574e+00
2.987999999999961354e+00
2.989999999999961133e+00
2.991999999999960913e+00
2.993999999999960693e+00
2.995999999999960473e+00
2.997999999999960252e+00
2.999999999999960032e+00
3.001999999999959812e+00
3.003999999999959591e+00
3.005999999999959371e+00
3.007999999999959151e+00
3.009999999999958931e+00
3.011999999999958710e+00
3.013999999999958490e+00
3.015999999999958270e+00
3.017999999999958050e+00
3.019999999999957829e+00
3.021999999999957609e+00
3.023999999999957389e+00
3.025999999999957168e+00
3.027999999999956948e+00
3.029999999999956728e+00
3.031999999999956508e+00
3.033999999999956287e+00
3.035999999999956067e+00
3.037999999999955847e+00
3.039999999999955627e+00
3.041999999999955406e+00
3.043999999999955186e+00
3.045999999999954966e+00
3.047999999999954746e+00
3.049999999999954525e+00
3.051999999999954305e+00
3.053999999999954085e+00
3.055999999999953864e+00
3.057999999999953644e+00
3.059999999999953424e+00
3.061999999999953204e+00
3.063999999999952983e+00
3.065999999999952763e+00
3.067999999999952543e+00
3.069999999999952323e+00
3.071999999999952102e+00
3.073999999999951882e+00
3.075999999999951662e+00
3.077999999999951442e+00
3.079999999999951221e+00
3.081999999999951001e+00
3.083999999999950781e+00
3.085999999999950560e+00
3.087999999999950340e+00
3.089999999999950120e+00
3.091999999999949900e+00
3.093999999999949679e+00
3.095999999999949459e+00
3.097999999999949239e+00
3.099999999999949019e+00
3.101999999999948798e+00
3.103999999999948578e+00
3.105999999999948358e+00
3.107999999999948137e+00
3.109999999999947917e+00
3.111999999999947697e+00
3.113999999999947477e+00
3.115999999999947256e+00
3.117999999999947036e+00
3.119999999999946816e+00
3.121999999999946596e+00
3.123999999999946375e+00
3.125999999999946155e+00
3.127999999999945935e+00
3.129999999999945715e+00
3.131999999999945494e+00
3.133999999999945274e+00
3.135999999999945054e+00
3.137999999999944833e+00
3.139999999999944613e+00
3.141999999999944393e+00
3.143999999999944173e+00
3.145999999999943952e+00
3.147999999999943732e+00
3.149999999999943512e+00
3.151999999999943292e+00
3.153999999999943071e+00
3.155999999999942851e+00
3.157999999999942631e+00
3.159999999999942411e+00
3.161999999999942190e+00
3.163999999999941970e+00
3.165999999999941750e+00
3.167999999999941529e+00
3.169999999999941309e+00
3.171999999999941089e+00
3.173999999999940869e+00
3.175999999999940648e+00
3.177999999999940428e+00
3.179999999999940208e+00
3.181999999999939988e+00
3.183999999999939767e+00
3.185999999999939547e+00
3.187999999999939327e+00
3.189999999999939106e+00
3.191999999999938886e+00
3.193999999999938666e+00
3.195999999999938446e+00
3.197999999999938225e+00
3.199999999999938005e+00
3.201999999999937785e+00
3.203999999999937565e+00
3.205999999999937344e+00
3.207999999999937124e+00
3.209999999999936904e+00
3.211999999999936684e+00
3.213999999999936463e+00
3.215999999999936243e+00
3.217999999999936023e+00
3.219999999999935802e+00
3.221999999999935582e+00
3.223999999999935362e+00
3.225999999999935142e+00
3.227999999999934921e+00
3.229999999999934701e+00
3.231999999999934481e+00
3.233999999999934261e+00
3.235999999999934040e+00
3.237999999999933820e+00
3.239999999999933600e+00
3.241999999999933380e+00
3.243999999999933159e+00
3.245999999999932939e+00
3.247999999999932719e+00
3.249999999999932498e+00
3.251999999999932278e+00
3.253999999999932058e+00
3.255999999999931838e+00
3.257999999999931617e+00
3.259999999999931397e+00
3.261999999999931177e+00
3.263999999999930957e+00
3.265999999999930736e+00
3.267999999999930516e+00
3.269999999999930296e+00
3.271999999999930075e+00
3.273999999999929855e+00
3.275999999999929635e+00
3.277999999999929415e+00
3.279999999999929194e+00
3.281999999999928974e+00
3.283999999999928754e+00
3.285999999999928534e+00
3.287999999999928313e+00
3.289999999999928093e+00
3.291999999999927873e+00
3.293999999999927653e+00
3.295999999999927432e+00
3.297999999999927212e+00
3.299999999999926992e+00
3.301999999999926771e+00
3.303999999999926551e+00
3.305999999999926331e+00
3.307999999999926111e+00
3.309999999999925890e+00
3.311999999999925670e+00
3.313999999999925450e+00
3.315999999999925230e+00
3.317999999999925009e+00
3.319999999999924789e+00
3.321999999999924569e+00
3.323999999999924349e+00
3.325999999999924128e+00
3.327999999999923908e+00
3.329999999999923688e+00
3.331999999999923467e+00
3.333999999999923247e+00
3.335999999999923027e+00
3.337999999999922807e+00
3.339999999999922586e+00
3.341999999999922366e+00
3.343999999999922146e+00
3.345999999999921926e+00
3.347999999999921705e+00
3.349999999999921485e+00
3.351999999999921265e+00
3.353999999999921044e+00
3.355999999999920824e+00
3.357999999999920604e+00
3.359999999999920384e+00
3.361999999999920163e+00
3.363999999999919943e+00
3.365999999999919723e+00
3.367999999999919503e+00
3.369999999999919282e+00
3.371999999999919062e+00
3.373999999999918842e+00
3.375999999999918622e+00
3.377999999999918401e+00
3.379999999999918181e+00
3.381999999999917961e+00
3.383999999999917740e+00
3.385999999999917520e+00
3.387999999999917300e+00
3.389999999999917080e+00
3.391999999999916859e+00
3.393999999999916639e+00
3.395999999999916419e+00
3.397999999999916199e+00
3.399999999999915978e+00
3.401999999999915758e+00
3.403999999999915538e+00
3.405999999999915318e+00
3.407999999999915097e+00
3.409999999999914877e+00
3.411999999999914657e+00
3.413999999999914436e+00
3.415999999999914216e+00
3.417999999999913996e+00
3.419999999999913776e+00
3.421999999999913555e+00
3.423999999999913335e+00
3.425999999999913115e+00
3.427999999999912895e+00
3.429999999999912674e+00
3.431999999999912454e+00
3.433999999999912234e+00
3.435999999999912013e+00
3.437999999999911793e+00
3.439999999999911573e+00
3.441999999999911353e+00
3.443999999999911132e+00
3.445999999999910912e+00
3.447999999999910692e+00
3.449999999999910472e+00
3.451999999999910251e+00
3.453999999999910031e+00
3.455999999999909811e+00
3.457999999999909591e+00
3.459999999999909370e+00
3.461999999999909150e+00
3.463999999999908930e+00
3.465999999999908709e+00
3.467999999999908489e+00
3.469999999999908269e+00
3.471999999999908049e+00
3.473999999999907828e+00
3.475999999999907608e+00
3.477999999999907388e+00
3.479999999999907168e+00
3.481999999999906947e+00
3.483999999999906727e+00
3.485999999999906507e+00
3.487999999999906287e+00
3.489999999999906066e+00
3.491999999999905846e+00
3.493999999999905626e+00
3.495999999999905405e+00
3.497999999999905185e+00
3.499999999999904965e+00
3.501999999999904745e+00
3.503999999999904524e+00
3.505999999999904304e+00
3.507999999999904084e+00
3.509999999999903864e+00
3.511999999999903643e+00
3.513999999999903423e+00
3.515999999999903203e+00
3.517999999999902982e+00
3.519999999999902762e+00
3.521999999999902542e+00
3.523999999999902322e+00
3.525999999999902101e+00
3.527999999999901881e+00
3.529999999999901661e+00
3.531999999999901441e+00
3.533999999999901220e+00
3.535999999999901000e+00
3.537999999999900780e+00
3.539999999999900560e+00
3.541999999999900339e+00
3.543999999999900119e+00
3.545999999999899899e+00
3.547999999999899678e+00
3.549999999999899458e+00
3.551999999999899238e+00
3.553999999999899018e+00
3.555999999999898797e+00
3.557999999999898577e+00
3.559999999999898357e+00
3.561999999999898137e+00
3.563999999999897916e+00
3.565999999999897696e+00
3.567999999999897476e+00
3.569999999999897256e+00
3.571999999999897035e+00
3.573999999999896815e+00
3.575999999999896595e+00
3.577999999999896374e+00
3.579999999999896154e+00
3.581999999999895934e+00
3.583999999999895714e+00
3.585999999999895493e+00
3.587999999999895273e+00
3.589999999999895053e+00
3.591999999999894833e+00
3.593999999999894612e+00
3.595999999999894392e+00
3.597999999999894172e+00
3.599999999999893951e+00
3.601999999999893731e+00
3.603999999999893511e+00
3.605999999999893291e+00
3.607999999999893070e+00
3.609999999999892850e+00
3.611999999999892630e+00
3.613999999999892410e+00
3.615999999999892189e+00
3.617999999999891969e+00
3.619999999999891749e+00
3.621999999999891529e+00
3.623999999999891308e+00
3.625999999999891088e+00
3.627999999999890868e+00
3.629999999999890647e+00
3.631999999999890427e+00
3.633999999999890207e+00
3.635999999999889987e+00
3.637999999999889766e+00
3.639999999999889546e+00
3.641999999999889326e+00
3.643999999999889106e+00
3.645999999999888885e+00
3.647999999999888665e+00
3.649999999999888445e+00
3.651999999999888225e+00
3.653999999999888004e+00
3.655999999999887784e+00
3.657999999999887564e+00
3.659999999999887343e+00
3.661999999999887123e+00
3.663999999999886903e+00
3.665999999999886683e+00
3.667999999999886462e+00
3.669999999999886242e+00
3.671999999999886022e+00
3.673999999999885802e+00
3.675999999999885581e+00
3.677999999999885361e+00
3.679999999999885141e+00
3.681999999999884920e+00
3.683999999999884700e+00
3.685999999999884480e+00
3.687999999999884260e+00
3.689999999999884039e+00
3.691999999999883819e+00
3.693999999999883599e+00
3.695999999999883379e+00
3.697999999999883158e+00
3.699999999999882938e+00
3.701999999999882718e+00
3.703999999999882498e+00
3.705999999999882277e+00
3.707999999999882057e+00
3.709999999999881837e+00
3.711999999999881616e+00
3.713999999999881396e+00
3.715999999999881176e+00
3.717999999999880956e+00
3.719999999999880735e+00
3.721999999999880515e+00
3.723999999999880295e+00
3.725999999999880075e+00
3.727999999999879854e+00
3.729999999999879634e+00
3.731999999999879414e+00
3.733999999999879194e+00
3.735999999999878973e+00
3.737999999999878753e+00
3.739999999999878533e+00
3.741999999999878312e+00
3.743999999999878092e+00
3.745999999999877872e+00
3.747999999999877652e+00
3.749999999999877431e+00
3.751999999999877211e+00
3.753999999999876991e+00
3.755999999999876771e+00
3.757999999999876550e+00
3.759999999999876330e+00
3.761999999999876110e+00
3.763999999999875890e+00
3.765999999999875669e+00
3.767999999999875449e+00
3.769999999999875229e+00
3.771999999999875008e+00
3.773999999999874788e+00
3.775999999999874568e+00
3.777999999999874348e+00
3.779999999999874127e+00
3.781999999999873907e+00
3.783999999999873687e+00
3.785999999999873467e+00
3.787999999999873246e+00
3.789999999999873026e+00
3.791999999999872806e+00
3.793999999999872585e+00
3.795999999999872365e+00
3.797999999999872145e+00
3.799999999999871925e+00
3.801999999999871704e+00
3.803999999999871484e+00
3.805999999999871264e+00
3.807999999999871044e+00
3.809999999999870823e+00
3.811999999999870603e+00
3.813999999999870383e+00
3.815999999999870163e+00
3.817999999999869942e+00
3.819999999999869722e+00
3.821999999999869502e+00
3.823999999999869281e+00
3.825999999999869061e+00
3.827999999999868841e+00
3.829999999999868621e+00
3.831999999999868400e+00
3.833999999999868180e+00
3.835999999999867960e+00
3.837999999999867740e+00
3.839999999999867519e+00
3.841999999999867299e+00
3.843999999999867079e+00
3.845999999999866859e+00
3.847999999999866638e+00
3.849999999999866418e+00
3.851999999999866198e+00
3.853999999999865977e+00
3.855999999999865757e+00
3.857999999999865537e+00
3.859999999999865317e+00
3.861999999999865096e+00
3.863999999999864876e+00
3.865999999999864656e+00
3.867999999999864436e+00
3.869999999999864215e+00
3.871999999999863995e+00
3.873999999999863775e+00
3.875999999999863554e+00
3.877999999999863334e+00
3.879999999999863114e+00
3.881999999999862894e+00
3.883999999999862673e+00
3.885999999999862453e+00
3.887999999999862233e+00
3.889999999999862013e+00
3.891999999999861792e+00
3.893999999999861572e+00
3.895999999999861352e+00
3.897999999999861132e+00
3.899999999999860911e+00
3.901999999999860691e+00
3.903999999999860471e+00
3.905999999999860250e+00
3.907999999999860030e+00
3.909999999999859810e+00
3.911999999999859590e+00
3.913999999999859369e+00
3.915999999999859149e+00
3.917999999999858929e+00
3.919999999999858709e+00
3.921999999999858488e+00
3.923999999999858268e+00
3.925999999999858048e+00
3.927999999999857828e+00
3.929999999999857607e+00
3.931999999999857387e+00
3.933999999999857167e+00
3.935999999999856946e+00
3.937999999999856726e+00
3.939999999999856506e+00
3.941999999999856286e+00
3.943999999999856065e+00
3.945999999999855845e+00
3.947999999999855625e+00
3.949999999999855405e+00
3.951999999999855184e+00
3.953999999999854964e+00
3.955999999999854744e+00
3.957999999999854523e+00
3.959999999999854303e+00
3.961999999999854083e+00
3.963999999999853863e+00
3.965999999999853642e+00
3.967999999999853422e+00
3.969999999999853202e+00
3.971999999999852982e+00
3.973999999999852761e+00
3.975999999999852541e+00
3.977999999999852321e+00
3.979999999999852101e+00
3.981999999999851880e+00
3.983999999999851660e+00
3.985999999999851440e+00
3.987999999999851219e+00
3.989999999999850999e+00
3.991999999999850779e+00
3.993999999999850559e+00
3.995999999999850338e+00
3.997999999999850118e+00
3.999999999999849898e+00
4.001999999999849678e+00
4.003999999999849457e+00
4.005999999999849237e+00
4.007999999999849017e+00
4.009999999999848797e+00
4.011999999999848576e+00
4.013999999999848356e+00
4.015999999999848136e+00
4.017999999999847915e+00
4.019999999999847695e+00
4.021999999999847475e+00
4.023999999999847255e+00
4.025999999999847034e+00
4.027999999999846814e+00
4.029999999999846594e+00
4.031999999999846374e+00
4.033999999999846153e+00
4.035999999999845933e+00
4.037999999999845713e+00
4.039999999999845492e+00
4.041999999999845272e+00
4.043999999999845052e+00
4.045999999999844832e+00
4.047999999999844611e+00
4.049999999999844391e+00
4.051999999999844171e+00
4.053999999999843951e+00
4.055999999999843730e+00
4.057999999999843510e+00
4.059999999999843290e+00
4.061999999999843070e+00
4.063999999999842849e+00
4.065999999999842629e+00
4.067999999999842409e+00
4.069999999999842188e+00
4.071999999999841968e+00
4.073999999999841748e+00
4.075999999999841528e+00
4.077999999999841307e+00
4.079999999999841087e+00
4.081999999999840867e+00
4.083999999999840647e+00
4.085999999999840426e+00
4.087999999999840206e+00
4.089999999999839986e+00
4.091999999999839766e+00
4.093999999999839545e+00
4.095999999999839325e+00
4.097999999999839105e+00
4.099999999999838884e+00
4.101999999999838664e+00
4.103999999999838444e+00
4.105999999999838224e+00
4.107999999999838003e+00
4.109999999999837783e+00
4.111999999999837563e+00
4.113999999999837343e+00
4.115999999999837122e+00
4.117999999999836902e+00
4.119999999999836682e+00
4.121999999999836461e+00
4.123999999999836241e+00
4.125999999999836021e+00
4.127999999999835801e+00
4.129999999999835580e+00
4.131999999999835360e+00
4.133999999999835140e+00
4.135999999999834920e+00
4.137999999999834699e+00
4.139999999999834479e+00
4.141999999999834259e+00
4.143999999999834039e+00
4.145999999999833818e+00
4.147999999999833598e+00
4.149999999999833378e+00
4.151999999999833157e+00
4.153999999999832937e+00
4.155999999999832717e+00
4.157999999999832497e+00
4.159999999999832276e+00
4.161999999999832056e+00
4.163999999999831836e+00
4.165999999999831616e+00
4.167999999999831395e+00
4.169999999999831175e+00
4.171999999999830955e+00
4.173999999999830735e+00
4.175999999999830514e+00
4.177999999999830294e+00
4.179999999999830074e+00
4.181999999999829853e+00
4.183999999999829633e+00
4.185999999999829413e+00
4.187999999999829193e+00
4.189999999999828972e+00
4.191999999999828752e+00
4.193999999999828532e+00
4.195999999999828312e+00
4.197999999999828091e+00
4.199999999999827871e+00
4.201999999999827651e+00
4.203999999999827430e+00
4.205999999999827210e+00
4.207999999999826990e+00
4.209999999999826770e+00
4.211999999999826549e+00
4.213999999999826329e+00
4.215999999999826109e+00
4.217999999999825889e+00
4.219999999999825668e+00
4.221999999999825448e+00
4.223999999999825228e+00
4.225999999999825008e+00
4.227999999999824787e+00
4.229999999999824567e+00
4.231999999999824347e+00
4.233999999999824126e+00
4.235999999999823906e+00
4.237999999999823686e+00
4.239999999999823466e+00
4.241999999999823245e+00
4.243999999999823025e+00
4.245999999999822805e+00
4.247999999999822585e+00
4.249999999999822364e+00
4.251999999999822144e+00
4.253999999999821924e+00
4.255999999999821704e+00
4.257999999999821483e+00
4.259999999999821263e+00
4.261999999999821043e+00
4.263999999999820822e+00
4.265999999999820602e+00
4.267999999999820382e+00
4.269999999999820162e+00
4.271999999999819941e+00
4.273999999999819721e+00
4.275999999999819501e+00
4.277999999999819281e+00
4.279999999999819060e+00
4.281999999999818840e+00
4.283999999999818620e+00
4.285999999999818399e+00
4.287999999999818179e+00
4.289999999999817959e+00
4.291999999999817739e+00
4.293999999999817518e+00
4.295999999999817298e+00
4.297999999999817078e+00
4.299999999999816858e+00
4.301999999999816637e+00
4.303999999999816417e+00
4.305999999999816197e+00
4.307999999999815977e+00
4.309999999999815756e+00
4.311999999999815536e+00
4.313999999999815316e+00
4.315999999999815095e+00
4.317999999999814875e+00
4.319999999999814655e+00
4.321999999999814435e+00
4.323999999999814214e+00
4.325999999999813994e+00
4.327999999999813774e+00
4.329999999999813554e+00
4.331999999999813333e+00
4.333999999999813113e+00
4.335999999999812893e+00
4.337999999999812673e+00
4.339999999999812452e+00
4.341999999999812232e+00
4.343999999999812012e+00
4.345999999999811791e+00
4.347999999999811571e+00
4.349999999999811351e+00
4.351999999999811131e+00
4.353999999999810910e+00
4.355999999999810690e+00
4.357999999999810470e+00
4.359999999999810250e+00
4.361999999999810029e+00
4.363999999999809809e+00
4.365999999999809589e+00
4.367999999999809368e+00
4.369999999999809148e+00
4.371999999999808928e+00
4.373999999999808708e+00
4.375999999999808487e+00
4.377999999999808267e+00
4.379999999999808047e+00
4.381999999999807827e+00
4.383999999999807606e+00
4.385999999999807386e+00
4.387999999999807166e+00
4.389999999999806946e+00
4.391999999999806725e+00
4.393999999999806505e+00
4.395999999999806285e+00
4.397999999999806064e+00
4.399999999999805844e+00
4.401999999999805624e+00
4.403999999999805404e+00
4.405999999999805183e+00
4.407999999999804963e+00
4.409999999999804743e+00
4.411999999999804523e+00
4.413999999999804302e+00
4.415999999999804082e+00
4.417999999999803862e+00
4.419999999999803642e+00
4.421999999999803421e+00
4.423999999999803201e+00
4.425999999999802981e+00
4.427999999999802760e+00
4.429999999999802540e+00
4.431999999999802320e+00
4.433999999999802100e+00
4.435999999999801879e+00
4.437999999999801659e+00
4.439999999999801439e+00
4.441999999999801219e+00
4.443999999999800998e+00
4.445999999999800778e+00
4.447999999999800558e+00
4.449999999999800337e+00
4.451999999999800117e+00
4.453999999999799897e+00
4.455999999999799677e+00
4.457999999999799456e+00
4.459999999999799236e+00
4.461999999999799016e+00
4.463999999999798796e+00
4.465999999999798575e+00
4.467999999999798355e+00
4.469999999999798135e+00
4.471999999999797915e+00
4.473999999999797694e+00
4.475999999999797474e+00
4.477999999999797254e+00
4.479999999999797033e+00
4.481999999999796813e+00
4.483999999999796593e+00
4.485999999999796373e+00
4.487999999999796152e+00
4.489999999999795932e+00
4.491999999999795712e+00
4.493999999999795492e+00
4.495999999999795271e+00
4.497999999999795051e+00
4.499999999999794831e+00
4.501999999999794611e+00
4.503999999999794390e+00
4.505999999999794170e+00
4.507999999999793950e+00
4.509999999999793729e+00
4.511999999999793509e+00
4.513999999999793289e+00
4.515999999999793069e+00
4.517999999999792848e+00
4.519999999999792628e+00
4.521999999999792408e+00
4.523999999999792188e+00
4.525999999999791967e+00
4.527999999999791747e+00
4.529999999999791527e+00
4.531999999999791306e+00
4.533999999999791086e+00
4.535999999999790866e+00
4.537999999999790646e+00
4.539999999999790425e+00
4.541999999999790205e+00
4.543999999999789985e+00
4.545999999999789765e+00
4.547999999999789544e+00
4.549999999999789324e+00
4.551999999999789104e+00
4.553999999999788884e+00
4.555999999999788663e+00
4.557999999999788443e+00
4.559999999999788223e+00
4.561999999999788002e+00
4.563999999999787782e+00
4.565999999999787562e+00
4.567999999999787342e+00
4.569999999999787121e+00
4.571999999999786901e+00
4.573999999999786681e+00
4.575999999999786461e+00
4.577999999999786240e+00
4.579999999999786020e+00
4.581999999999785800e+00
4.583999999999785580e+00
4.585999999999785359e+00
4.587999999999785139e+00
4.589999999999784919e+00
4.591999999999784698e+00
4.593999999999784478e+00
4.595999999999784258e+00
4.597999999999784038e+00
4.599999999999783817e+00
4.601999999999783597e+00
4.603999999999783377e+00
4.605999999999783157e+00
4.607999999999782936e+00
4.609999999999782716e+00
4.611999999999782496e+00
4.613999999999782275e+00
4.615999999999782055e+00
4.617999999999781835e+00
4.619999999999781615e+00
4.621999999999781394e+00
4.623999999999781174e+00
4.625999999999780954e+00
4.627999999999780734e+00
4.629999999999780513e+00
4.631999999999780293e+00
4.633999999999780073e+00
4.635999999999779853e+00
4.637999999999779632e+00
4.639999999999779412e+00
4.641999999999779192e+00
4.643999999999778971e+00
4.645999999999778751e+00
4.647999999999778531e+00
4.649999999999778311e+00
4.651999999999778090e+00
4.653999999999777870e+00
4.655999999999777650e+00
4.657999999999777430e+00
4.659999999999777209e+00
4.661999999999776989e+00
4.663999999999776769e+00
4.665999999999776549e+00
4.667999999999776328e+00
4.669999999999776108e+00
4.671999999999775888e+00
4.673999999999775667e+00
4.675999999999775447e+00
4.677999999999775227e+00
4.679999999999775007e+00
4.681999999999774786e+00
4.683999999999774566e+00
4.685999999999774346e+00
4.687999999999774126e+00
4.689999999999773905e+00
4.691999999999773685e+00
4.693999999999773465e+00
4.695999999999773244e+00
4.697999999999773024e+00
4.699999999999772804e+00
4.701999999999772584e+00
4.703999999999772363e+00
4.705999999999772143e+00
4.707999999999771923e+00
4.709999999999771703e+00
4.711999999999771482e+00
4.713999999999771262e+00
4.715999999999771042e+00
4.717999999999770822e+00
4.719999999999770601e+00
4.721999999999770381e+00
4.723999999999770161e+00
4.725999999999769940e+00
4.727999999999769720e+00
4.729999999999769500e+00
4.731999999999769280e+00
4.733999999999769059e+00
4.735999999999768839e+00
4.737999999999768619e+00
4.739999999999768399e+00
4.741999999999768178e+00
4.743999999999767958e+00
4.745999999999767738e+00
4.747999999999767518e+00
4.749999999999767297e+00
4.751999999999767077e+00
4.753999999999766857e+00
4.755999999999766636e+00
4.757999999999766416e+00
4.759999999999766196e+00
4.761999999999765976e+00
4.763999999999765755e+00
4.765999999999765535e+00
4.767999999999765315e+00
4.769999999999765095e+00
4.771999999999764874e+00
4.773999999999764654e+00
4.775999999999764434e+00
4.777999999999764213e+00
4.779999999999763993e+00
4.781999999999763773e+00
4.783999999999763553e+00
4.785999999999763332e+00
4.787999999999763112e+00
4.789999999999762892e+00
4.791999999999762672e+00
4.793999999999762451e+00
4.795999999999762231e+00
4.797999999999762011e+00
4.799999999999761791e+00
4.801999999999761570e+00
4.803999999999761350e+00
4.805999999999761130e+00
4.807999999999760909e+00
4.809999999999760689e+00
4.811999999999760469e+00
4.813999999999760249e+00
4.815999999999760028e+00
4.817999999999759808e+00
4.819999999999759588e+00
4.821999999999759368e+00
4.823999999999759147e+00
4.825999999999758927e+00
4.827999999999758707e+00
4.829999999999758487e+00
4.831999999999758266e+00
4.833999999999758046e+00
4.835999999999757826e+00
4.837999999999757605e+00
4.839999999999757385e+00
4.841999999999757165e+00
4.843999999999756945e+00
4.845999999999756724e+00
4.847999999999756504e+00
4.849999999999756284e+00
4.851999999999756064e+00
4.853999999999755843e+00
4.855999999999755623e+00
4.857999999999755403e+00
4.859999999999755183e+00
4.861999999999754962e+00
4.863999999999754742e+00
4.865999999999754522e+00
4.867999999999754301e+00
4.869999999999754081e+00
4.871999999999753861e+00
4.873999999999753641e+00
4.875999999999753420e+00
4.877999999999753200e+00
4.879999999999752980e+00
4.881999999999752760e+00
4.883999999999752539e+00
4.885999999999752319e+00
4.887999999999752099e+00
4.889999999999751878e+00
4.891999999999751658e+00
4.893999999999751438e+00
4.895999999999751218e+00
4.897999999999750997e+00
4.899999999999750777e+00
4.901999999999750557e+00
4.903999999999750337e+00
4.905999999999750116e+00
4.907999999999749896e+00
4.909999999999749676e+00
4.911999999999749456e+00
4.913999999999749235e+00
4.915999999999749015e+00
4.917999999999748795e+00
4.919999999999748574e+00
4.921999999999748354e+00
4.923999999999748134e+00
4.925999999999747914e+00
4.927999999999747693e+00
4.929999999999747473e+00
4.931999999999747253e+00
4.933999999999747033e+00
4.935999999999746812e+00
4.937999999999746592e+00
4.939999999999746372e+00
4.941999999999746152e+00
4.943999999999745931e+00
4.945999999999745711e+00
4.947999999999745491e+00
4.949999999999745270e+00
4.951999999999745050e+00
4.953999999999744830e+00
4.955999999999744610e+00
4.957999999999744389e+00
4.959999999999744169e+00
4.961999999999743949e+00
4.963999999999743729e+00
4.965999999999743508e+00
4.967999999999743288e+00
4.969999999999743068e+00
4.971999999999742847e+00
4.973999999999742627e+00
4.975999999999742407e+00
4.977999999999742187e+00
4.979999999999741966e+00
4.981999999999741746e+00
4.983999999999741526e+00
4.985999999999741306e+00
4.987999999999741085e+00
4.989999999999740865e+00
4.991999999999740645e+00
4.993999999999740425e+00
4.995999999999740204e+00
4.997999999999739984e+00
4.999999999999739764e+00
5.001999999999739543e+00
5.003999999999739323e+00
5.005999999999739103e+00
5.007999999999738883e+00
5.009999999999738662e+00
5.011999999999738442e+00
5.013999999999738222e+00
5.015999999999738002e+00
5.017999999999737781e+00
5.019999999999737561e+00
5.021999999999737341e+00
5.023999999999737121e+00
5.025999999999736900e+00
5.027999999999736680e+00
5.029999999999736460e+00
5.031999999999736239e+00
5.033999999999736019e+00
5.035999999999735799e+00
5.037999999999735579e+00
5.039999999999735358e+00
5.041999999999735138e+00
5.043999999999734918e+00
5.045999999999734698e+00
5.047999999999734477e+00
5.049999999999734257e+00
5.051999999999734037e+00
5.053999999999733816e+00
5.055999999999733596e+00
5.057999999999733376e+00
5.059999999999733156e+00
5.061999999999732935e+00
5.063999999999732715e+00
5.065999999999732495e+00
5.067999999999732275e+00
5.069999999999732054e+00
5.071999999999731834e+00
5.073999999999731614e+00
5.075999999999731394e+00
5.077999999999731173e+00
5.079999999999730953e+00
5.081999999999730733e+00
5.083999999999730512e+00
5.085999999999730292e+00
5.087999999999730072e+00
5.089999999999729852e+00
5.091999999999729631e+00
5.093999999999729411e+00
5.095999999999729191e+00
5.097999999999728971e+00
5.099999999999728750e+00
5.101999999999728530e+00
5.103999999999728310e+00
5.105999999999728090e+00
5.107999999999727869e+00
5.109999999999727649e+00
5.111999999999727429e+00
5.113999999999727208e+00
5.115999999999726988e+00
5.117999999999726768e+00
5.119999999999726548e+00
5.121999999999726327e+00
5.123999999999726107e+00
5.125999999999725887e+00
5.127999999999725667e+00
5.129999999999725446e+00
5.131999999999725226e+00
5.133999999999725006e+00
5.135999999999724785e+00
5.137999999999724565e+00
5.139999999999724345e+00
5.141999999999724125e+00
5.143999999999723904e+00
5.145999999999723684e+00
5.147999999999723464e+00
5.149999999999723244e+00
5.151999999999723023e+00
5.153999999999722803e+00
5.155999999999722583e+00
5.157999999999722363e+00
5.159999999999722142e+00
5.161999999999721922e+00
5.163999999999721702e+00
5.165999999999721481e+00
5.167999999999721261e+00
5.169999999999721041e+00
5.171999999999720821e+00
5.173999999999720600e+00
5.175999999999720380e+00
5.177999999999720160e+00
5.179999999999719940e+00
5.181999999999719719e+00
5.183999999999719499e+00
5.185999999999719279e+00
5.187999999999719059e+00
5.189999999999718838e+00
5.191999999999718618e+00
5.193999999999718398e+00
5.195999999999718177e+00
5.197999999999717957e+00
5.199999999999717737e+00
5.201999999999717517e+00
5.203999999999717296e+00
5.205999999999717076e+00
5.207999999999716856e+00
5.209999999999716636e+00
5.211999999999716415e+00
5.213999999999716195e+00
5.215999999999715975e+00
5.217999999999715754e+00
5.219999999999715534e+00
5.221999999999715314e+00
5.223999999999715094e+00
5.225999999999714873e+00
5.227999999999714653e+00
5.229999999999714433e+00
5.231999999999714213e+00
5.233999999999713992e+00
5.235999999999713772e+00
5.237999999999713552e+00
5.239999999999713332e+00
5.241999999999713111e+00
5.243999999999712891e+00
5.245999999999712671e+00
5.247999999999712450e+00
5.249999999999712230e+00
5.251999999999712010e+00
5.253999999999711790e+00
5.255999999999711569e+00
5.257999999999711349e+00
5.259999999999711129e+00
5.261999999999710909e+00
5.263999999999710688e+00
5.265999999999710468e+00
5.267999999999710248e+00
5.269999999999710028e+00
5.271999999999709807e+00
5.273999999999709587e+00
5.275999999999709367e+00
5.277999999999709146e+00
5.279999999999708926e+00
5.281999999999708706e+00
5.283999999999708486e+00
5.285999999999708265e+00
5.287999999999708045e+00
5.289999999999707825e+00
5.291999999999707605e+00
5.293999999999707384e+00
5.295999999999707164e+00
5.297999999999706944e+00
5.299999999999706723e+00
5.301999999999706503e+00
5.303999999999706283e+00
5.305999999999706063e+00
5.307999999999705842e+00
5.309999999999705622e+00
5.311999999999705402e+00
5.313999999999705182e+00
5.315999999999704961e+00
5.317999999999704741e+00
5.319999999999704521e+00
5.321999999999704301e+00
5.323999999999704080e+00
5.325999999999703860e+00
5.327999999999703640e+00
5.329999999999703419e+00
5.331999999999703199e+00
5.333999999999702979e+00
5.335999999999702759e+00
5.337999999999702538e+00
5.339999999999702318e+00
5.341999999999702098e+00
5.343999999999701878e+00
5.345999999999701657e+00
5.347999999999701437e+00
5.349999999999701217e+00
5.351999999999700997e+00
5.353999999999700776e+00
5.355999999999700556e+00
5.357999999999700336e+00
5.359999999999700115e+00
5.361999999999699895e+00
5.363999999999699675e+00
5.365999999999699455e+00
5.367999999999699234e+00
5.369999999999699014e+00
5.371999999999698794e+00
5.373999999999698574e+00
5.375999999999698353e+00
5.377999999999698133e+00
5.379999999999697913e+00
5.381999999999697692e+00
5.383999999999697472e+00
5.385999999999697252e+00
5.387999999999697032e+00
5.389999999999696811e+00
5.391999999999696591e+00
5.393999999999696371e+00
5.395999999999696151e+00
5.397999999999695930e+00
5.399999999999695710e+00
5.401999999999695490e+00
5.403999999999695270e+00
5.405999999999695049e+00
5.407999999999694829e+00
5.409999999999694609e+00
5.411999999999694388e+00
5.413999999999694168e+00
5.415999999999693948e+00
5.417999999999693728e+00
5.419999999999693507e+00
5.421999999999693287e+00
5.423999999999693067e+00
5.425999999999692847e+00
5.427999999999692626e+00
5.429999999999692406e+00
5.431999999999692186e+00
5.433999999999691966e+00
5.435999999999691745e+00
