-1.292999999999999972e+01
-6.344999999999999751e+00
-9.514999999999998792e+00
-1.293499999999999872e+01
-6.345000000000003304e+00
-1.097999999999999687e+01
-1.024499999999999744e+01
-9.030000000000010019e+00
-8.295000000000003482e+00
-1.000499999999999190e+01
-1.000500000000000789e+01
-9.999999999999985789e+00
-7.320000000000013607e+00
-1.000499999999997769e+01
-1.000500000000002210e+01
-7.319999999999986962e+00
-1.195499999999998231e+01
-6.345000000000033502e+00
-1.097999999999998089e+01
-1.000500000000000433e+01
-1.097999999999998089e+01
-1.195500000000002494e+01
-9.030000000000002913e+00
-1.365999999999999304e+01
-1.024999999999997158e+01
-2.685000000000027587e+00
-5.364999999999976232e+00
-1.293500000000001826e+01
-4.389999999999945501e+00
-1.025000000000006395e+01
-1.073499999999998522e+01
-9.269999999999992468e+00
-1.097999999999998089e+01
-9.029999999999974492e+00
-7.320000000000042029e+00
-9.270000000000056417e+00
-8.054999999999971294e+00
-1.097999999999998089e+01
-1.000499999999997769e+01
-1.024499999999999567e+01
-1.073499999999998522e+01
-1.098000000000003595e+01
-7.320000000000037588e+00
-1.195999999999996000e+01
-8.294999999999989271e+00
-1.073499999999998522e+01
-6.590000000000034497e+00
-1.097999999999998089e+01
-1.000000000000000000e+01
-1.097999999999998089e+01
-9.030000000000036664e+00
-1.195499999999998231e+01
-1.000499999999997769e+01
-7.319999999999986962e+00
-8.295000000000044338e+00
-1.171500000000002117e+01
-1.195499999999992724e+01
-9.025000000000051870e+00
-1.513000000000006828e+01
-1.195499999999992724e+01
-1.025000000000008349e+01
-1.341999999999997506e+01
-8.784999999999923759e+00
-8.539999999999984936e+00
-1.024500000000005073e+01
-1.024999999999997158e+01
-1.024499999999993882e+01
-9.275000000000025224e+00
-8.539999999999984936e+00
-7.565000000000036806e+00
-7.560000000000109743e+00
-1.049499999999991218e+01
-8.539999999999984936e+00
-1.024500000000005073e+01
-9.275000000000025224e+00
-6.829999999999996518e+00
-8.784999999999923759e+00
-8.049999999999993605e+00
-8.055000000000026361e+00
-7.074999999999936229e+00
-8.785000000000035669e+00
-1.024499999999993882e+01
-8.540000000000095071e+00
-1.097999999999998089e+01
-1.024999999999997158e+01
-4.635000000000005116e+00
-9.029999999999974492e+00
-7.805000000000054783e+00
-7.319999999999986962e+00
-6.589999999999978542e+00
-5.609999999999998543e+00
-8.055000000000026361e+00
-6.099999999999988987e+00
-7.319999999999986962e+00
-4.390000000000001457e+00
-6.589999999999978542e+00
-4.879999999999991012e+00
-5.125000000000041744e+00
-4.634999999999940279e+00
-2.439999999999995506e+00
-5.365000000000059721e+00
-2.930000000000026361e+00
-1.464999999999937241e+00
-2.439999999999995506e+00
-1.950000000000005507e+00
-1.219999999999997753e+00
-2.450000000000505107e-01
0.000000000000000000e+00
2.450000000000505107e-01
1.704999999999954996e+00
1.955000000000038263e+00
2.684999999999935216e+00
2.680000000000013483e+00
1.709999999999987752e+00
1.950000000000005507e+00
2.685000000000046239e+00
2.929999999999985505e+00
2.685000000000083542e+00
3.414999999999942748e+00
3.170000000000003482e+00
4.395000000000034213e+00
3.170000000000003482e+00
3.904999999999932747e+00
3.905000000000043769e+00
3.900000000000011013e+00
3.904999999999932747e+00
4.395000000000034213e+00
4.390000000000001457e+00
4.390000000000001457e+00
3.904999999999932747e+00
4.395000000000034213e+00
4.144999999999950724e+00
5.125000000000041744e+00
3.659999999999993481e+00
4.149999999999983480e+00
4.145000000000061746e+00
3.414999999999942748e+00
4.639999999999973035e+00
4.145000000000061746e+00
4.149999999999983480e+00
4.880000000000126903e+00
4.634999999999940279e+00
3.905000000000043769e+00
2.684999999999935216e+00
4.390000000000001457e+00
3.905000000000043769e+00
5.125000000000041744e+00
3.659999999999993481e+00
4.144999999999950724e+00
4.395000000000034213e+00
3.659999999999993481e+00
3.170000000000003482e+00
4.390000000000001457e+00
3.659999999999993481e+00
3.419999999999975504e+00
4.390000000000001457e+00
4.149999999999983480e+00
4.634999999999940279e+00
4.879999999999991012e+00
4.145000000000061746e+00
3.659999999999993481e+00
3.904999999999932747e+00
4.150000000000094502e+00
3.659999999999993481e+00
3.414999999999942748e+00
3.659999999999993481e+00
2.929999999999985505e+00
3.900000000000011013e+00
3.419999999999975504e+00
3.415000000000053770e+00
4.879999999999991012e+00
6.585000000000128750e+00
4.395000000000034213e+00
4.390000000000001457e+00
4.394999999999923190e+00
2.925000000000063771e+00
3.414999999999942748e+00
3.659999999999993481e+00
2.200000000000088995e+00
2.439999999999995506e+00
3.414999999999942748e+00
2.924999999999952749e+00
3.905000000000043769e+00
2.439999999999995506e+00
4.149999999999983480e+00
4.390000000000001457e+00
3.175000000000036238e+00
3.414999999999942748e+00
3.659999999999993481e+00
3.659999999999993481e+00
3.905000000000043769e+00
2.924999999999952749e+00
2.439999999999995506e+00
2.439999999999995506e+00
3.659999999999993481e+00
3.659999999999993481e+00
3.905000000000043769e+00
3.905000000000043769e+00
2.439999999999995506e+00
2.194999999999945217e+00
2.195000000000056239e+00
3.904999999999932747e+00
3.659999999999993481e+00
3.905000000000152127e+00
3.414999999999942748e+00
1.950000000000005507e+00
2.199999999999977973e+00
3.900000000000011013e+00
3.175000000000036238e+00
3.414999999999942748e+00
1.950000000000005507e+00
2.199999999999977973e+00
1.705000000000066018e+00
2.439999999999995506e+00
2.684999999999935216e+00
3.415000000000053770e+00
1.955000000000038263e+00
3.170000000000003482e+00
2.194999999999945217e+00
1.955000000000038263e+00
2.679999999999902460e+00
3.420000000000086526e+00
2.924999999999952749e+00
3.175000000000036238e+00
3.900000000000011013e+00
3.419999999999975504e+00
1.950000000000005507e+00
1.950000000000005507e+00
3.419999999999975504e+00
2.194999999999945217e+00
2.925000000000008260e+00
2.685000000000046239e+00
3.174999999999980727e+00
2.195000000000000728e+00
2.925000000000089528e+00
2.929999999999985505e+00
2.195000000000000728e+00
3.414999999999998259e+00
1.954999999999982752e+00
1.950000000000005507e+00
2.195000000000000728e+00
4.149999999999983480e+00
3.414999999999998259e+00
3.659999999999993481e+00
2.929999999999985505e+00
2.685000000000046239e+00
1.704999999999954996e+00
9.750000000000027534e-01
1.955000000000038263e+00
1.949999999999949996e+00
1.710000000000043263e+00
1.949999999999949996e+00
1.710000000000043263e+00
9.750000000000027534e-01
1.464999999999992752e+00
1.950000000000005507e+00
1.219999999999997753e+00
2.439999999999995506e+00
2.439999999999995506e+00
2.929999999999985505e+00
1.464999999999992752e+00
3.414999999999998259e+00
2.439999999999995506e+00
1.705000000000010507e+00
3.419999999999975504e+00
1.950000000000005507e+00
1.950000000000005507e+00
3.174999999999980727e+00
2.195000000000000728e+00
2.195000000000000728e+00
1.954999999999982752e+00
2.680000000000013483e+00
3.419999999999975504e+00
2.925000000000008260e+00
1.219999999999997753e+00
1.709999999999987752e+00
2.440000000000051017e+00
1.704999999999954996e+00
9.800000000000355094e-01
2.195000000000000728e+00
2.195000000000000728e+00
1.465000000000074021e+00
7.300000000000077538e-01
0.000000000000000000e+00
1.954999999999982752e+00
2.195000000000000728e+00
9.750000000000027534e-01
1.950000000000005507e+00
1.464999999999992752e+00
9.750000000000027534e-01
1.709999999999987752e+00
1.464999999999992752e+00
9.750000000000027534e-01
1.709999999999987752e+00
9.750000000000027534e-01
1.219999999999997753e+00
1.705000000000010507e+00
1.219999999999997753e+00
1.219999999999997753e+00
1.709999999999987752e+00
1.219999999999997753e+00
7.300000000000077538e-01
2.439999999999995506e+00
9.799999999999799982e-01
7.300000000000077538e-01
9.750000000000027534e-01
1.709999999999987752e+00
9.750000000000027534e-01
9.750000000000027534e-01
1.464999999999992752e+00
1.219999999999997753e+00
1.219999999999997753e+00
4.899999999999899991e-01
9.750000000000027534e-01
9.750000000000027534e-01
2.449999999999949996e-01
1.219999999999997753e+00
7.300000000000077538e-01
7.349999999999849987e-01
7.300000000000077538e-01
9.750000000000027534e-01
1.464999999999992752e+00
1.219999999999997753e+00
7.300000000000077538e-01
4.899999999999899991e-01
9.750000000000027534e-01
1.219999999999997753e+00
2.449999999999949996e-01
9.750000000000027534e-01
7.350000000000405098e-01
0.000000000000000000e+00
1.219999999999997753e+00
4.849999999999572431e-01
4.900000000000455103e-01
7.299999999999522426e-01
0.000000000000000000e+00
1.219999999999997753e+00
7.350000000000405098e-01
2.399999999999622435e-01
7.350000000000405098e-01
7.300000000000077538e-01
4.899999999999899991e-01
4.849999999999572431e-01
2.450000000000641109e-01
4.899999999999899991e-01
7.300000000000077538e-01
2.449999999999949996e-01
7.300000000000077538e-01
4.899999999999899991e-01
4.899999999999899991e-01
0.000000000000000000e+00
-4.899999999999899991e-01
0.000000000000000000e+00
2.449999999999949996e-01
0.000000000000000000e+00
2.449999999999949996e-01
2.400000000000177547e-01
4.899999999999899991e-01
2.449999999999949996e-01
-2.449999999999949996e-01
4.899999999999899991e-01
-2.449999999999949996e-01
-2.449999999999949996e-01
0.000000000000000000e+00
-2.449999999999949996e-01
2.449999999999949996e-01
4.899999999999899991e-01
2.400000000000177547e-01
-2.400000000000177547e-01
-4.899999999999899991e-01
4.899999999999899991e-01
0.000000000000000000e+00
0.000000000000000000e+00
0.000000000000000000e+00
-2.449999999999949996e-01
-1.954999999999982752e+00
-7.300000000000077538e-01
9.750000000000027534e-01
-2.449999999999949996e-01
-4.850000000000127542e-01
-1.464999999999992752e+00
0.000000000000000000e+00
-4.900000000000455103e-01
-2.399999999999622435e-01
-2.449999999999949996e-01
-7.350000000000405098e-01
-9.749999999999472422e-01
0.000000000000000000e+00
-4.850000000000127542e-01
-4.899999999999899991e-01
-2.450000000000505107e-01
0.000000000000000000e+00
-2.449999999999949996e-01
-1.949999999999949996e+00
-7.300000000000077538e-01
-9.800000000000355094e-01
-4.849999999999572431e-01
-4.900000000000455103e-01
-2.449999999999949996e-01
0.000000000000000000e+00
-9.750000000000027534e-01
-9.750000000000027534e-01
1.465000000000048264e+00
-9.750000000000027534e-01
-1.219999999999997753e+00
-1.219999999999997753e+00
-7.350000000000813660e-01
-9.750000000000027534e-01
-9.750000000000027534e-01
-9.749999999999472422e-01
-9.800000000000355094e-01
-7.300000000000077538e-01
-4.899999999999899991e-01
-2.195000000000000728e+00
2.449999999999949996e-01
-9.750000000000027534e-01
-9.750000000000027534e-01
-7.349999999999849987e-01
-1.219999999999997753e+00
-9.750000000000027534e-01
-1.464999999999992752e+00
-7.300000000000077538e-01
-7.349999999999849987e-01
-1.460000000000015508e+00
-4.899999999999899991e-01
-1.464999999999992752e+00
-1.705000000000010507e+00
-1.464999999999992752e+00
-1.464999999999992752e+00
-1.709999999999987752e+00
-1.705000000000010507e+00
-1.954999999999982752e+00
-1.219999999999997753e+00
-9.750000000000027534e-01
-2.195000000000000728e+00
-2.195000000000000728e+00
-1.464999999999992752e+00
-1.464999999999992752e+00
-1.705000000000010507e+00
-2.199999999999977973e+00
-1.460000000000015508e+00
-1.709999999999987752e+00
-2.195000000000000728e+00
-1.219999999999997753e+00
-1.464999999999992752e+00
-1.465000000000048264e+00
-1.464999999999992752e+00
-1.459999999999959996e+00
1.459999999999959996e+00
-1.459999999999959996e+00
-7.350000000000405098e-01
7.350000000000405098e-01
-1.464999999999992752e+00
-3.660000000000048992e+00
-2.194999999999945217e+00
-2.440000000000051017e+00
-2.199999999999977973e+00
-7.300000000000077538e-01
-7.300000000000077538e-01
-9.799999999999799982e-01
-1.219999999999997753e+00
-1.460000000000015508e+00
-1.464999999999992752e+00
-1.219999999999997753e+00
-1.709999999999987752e+00
-1.219999999999997753e+00
-2.195000000000000728e+00
-1.709999999999987752e+00
-2.195000000000122409e+00
-1.464999999999992752e+00
-1.950000000000005507e+00
-2.195000000000000728e+00
-2.684999999999990727e+00
-2.195000000000000728e+00
-9.750000000000027534e-01
-1.954999999999982752e+00
-1.950000000000005507e+00
-1.464999999999992752e+00
-2.195000000000000728e+00
-2.195000000000000728e+00
-2.200000000000033484e+00
-2.194999999999945217e+00
-2.925000000000008260e+00
-2.439999999999995506e+00
-2.439999999999995506e+00
-2.439999999999995506e+00
-2.685000000000046239e+00
-3.174999999999980727e+00
-1.950000000000005507e+00
-1.950000000000005507e+00
-2.439999999999995506e+00
-3.419999999999975504e+00
-1.950000000000005507e+00
-2.195000000000000728e+00
-2.439999999999995506e+00
-2.929999999999985505e+00
-1.950000000000005507e+00
-2.684999999999990727e+00
-2.195000000000000728e+00
-2.684999999999990727e+00
-2.684999999999990727e+00
-3.414999999999998259e+00
-2.684999999999990727e+00
-3.170000000000003482e+00
-2.684999999999990727e+00
-2.439999999999995506e+00
-2.685000000000046239e+00
-2.439999999999995506e+00
-2.439999999999995506e+00
-2.439999999999995506e+00
-2.924999999999952749e+00
-2.929999999999985505e+00
-2.929999999999985505e+00
-3.170000000000003482e+00
-2.685000000000046239e+00
-2.439999999999995506e+00
-2.685000000000046239e+00
-2.924999999999952749e+00
-3.414999999999942748e+00
-2.685000000000046239e+00
-2.439999999999995506e+00
-2.929999999999985505e+00
-3.415000000000053770e+00
-3.170000000000003482e+00
-3.174999999999925215e+00
-2.439999999999995506e+00
-2.925000000000063771e+00
-1.954999999999927240e+00
-3.415000000000053770e+00
-3.414999999999942748e+00
-3.415000000000053770e+00
-4.394999999999923190e+00
-3.170000000000003482e+00
-3.415000000000053770e+00
-2.439999999999995506e+00
-3.419999999999975504e+00
-2.680000000000013483e+00
-3.659999999999993481e+00
-3.419999999999975504e+00
-3.415000000000053770e+00
-2.439999999999995506e+00
-3.659999999999993481e+00
-3.659999999999993481e+00
-2.684999999999935216e+00
-2.680000000000013483e+00
-2.685000000000046239e+00
-3.414999999999942748e+00
-4.395000000000034213e+00
-3.170000000000003482e+00
-3.414999999999942748e+00
-3.659999999999993481e+00
-4.640000000000084057e+00
-2.924999999999952749e+00
-3.175000000000036238e+00
-3.899999999999899991e+00
-4.640000000000084057e+00
-3.899999999999899991e+00
-3.660000000000104503e+00
-2.684999999999935216e+00
-4.149999999999983480e+00
-3.415000000000053770e+00
-3.414999999999942748e+00
-4.395000000000521823e+00
-4.390000000000001457e+00
-2.929999999999985505e+00
-3.414999999999942748e+00
-4.145000000000061746e+00
-3.659999999999993481e+00
-3.659999999999993481e+00
-2.199999999999977973e+00
-4.390000000000001457e+00
-3.414999999999942748e+00
-3.660000000000104503e+00
-3.904999999999932747e+00
-3.170000000000003482e+00
-4.879999999999991012e+00
-3.419999999999975504e+00
-4.390000000000001457e+00
-3.415000000000053770e+00
-3.904999999999932747e+00
-3.905000000000043769e+00
-4.144999999999950724e+00
-3.175000000000036238e+00
-2.924999999999952749e+00
-4.640000000000084057e+00
-4.144999999999950724e+00
-4.634999999999940279e+00
-3.905000000000043769e+00
-2.685000000000046239e+00
-3.170000000000003482e+00
-4.149999999999983480e+00
-4.390000000000001457e+00
-3.659999999999993481e+00
-3.174999999999925215e+00
-4.145000000000061746e+00
-3.419999999999975504e+00
-4.144999999999950724e+00
-2.685000000000046239e+00
-3.904999999999932747e+00
-2.925000000000063771e+00
-4.149999999999983480e+00
-3.170000000000003482e+00
-4.395000000000034213e+00
-2.684999999999935216e+00
-3.659999999999993481e+00
-3.415000000000053770e+00
-3.659999999999993481e+00
-2.684999999999935216e+00
-3.415000000000053770e+00
-2.924999999999952749e+00
-2.929999999999985505e+00
-2.685000000000046239e+00
-2.684999999999935216e+00
-2.680000000000013483e+00
-2.439999999999995506e+00
-3.175000000000036238e+00
-1.704999999999954996e+00
-1.709999999999987752e+00
-2.439999999999995506e+00
-2.439999999999995506e+00
-2.685000000000046239e+00
-1.219999999999997753e+00
-1.219999999999997753e+00
-1.219999999999997753e+00
-7.300000000000077538e-01
-2.449999999999394884e-01
2.449999999999394884e-01
-1.219999999999997753e+00
-7.350000000000405098e-01
7.350000000000405098e-01
0.000000000000000000e+00
2.450000000000505107e-01
2.399999999999067324e-01
1.465000000000048264e+00
9.749999999999472422e-01
2.450000000000505107e-01
1.465000000000048264e+00
1.219999999999997753e+00
1.219999999999997753e+00
9.749999999999472422e-01
1.955000000000038263e+00
1.704999999999954996e+00
1.709999999999987752e+00
1.950000000000005507e+00
2.195000000000056239e+00
1.219999999999997753e+00
2.929999999999985505e+00
2.439999999999995506e+00
1.709999999999987752e+00
2.194999999999945217e+00
2.685000000000046239e+00
1.950000000000005507e+00
1.950000000000005507e+00
2.684999999999935216e+00
2.685000000000046239e+00
2.929999999999985505e+00
2.439999999999995506e+00
2.924999999999952749e+00
2.439999999999995506e+00
1.710000000000098774e+00
2.924999999999952749e+00
2.439999999999995506e+00
3.419999999999975504e+00
1.950000000000005507e+00
3.170000000000003482e+00
2.685000000000046239e+00
2.929999999999985505e+00
2.439999999999995506e+00
1.950000000000005507e+00
2.194999999999945217e+00
2.439999999999995506e+00
2.199999999999977973e+00
1.950000000000005507e+00
2.929999999999985505e+00
2.439999999999995506e+00
2.925000000000063771e+00
2.684999999999935216e+00
1.950000000000005507e+00
2.199999999999977973e+00
2.925000000000063771e+00
2.439999999999995506e+00
3.175000000000036238e+00
2.924999999999952749e+00
2.194999999999945217e+00
1.955000000000038263e+00
2.924999999999952749e+00
2.200000000000088995e+00
1.950000000000222000e+00
2.439999999999995506e+00
2.194999999999945217e+00
2.439999999999995506e+00
2.685000000000046239e+00
1.709999999999987752e+00
2.439999999999995506e+00
2.924999999999952749e+00
2.195000000000056239e+00
1.954999999999927240e+00
2.925000000000063771e+00
1.954999999999927240e+00
2.439999999999995506e+00
2.195000000000056239e+00
1.950000000000005507e+00
2.199999999999977973e+00
2.194999999999945217e+00
2.439999999999995506e+00
2.439999999999995506e+00
2.195000000000056239e+00
1.709999999999987752e+00
1.950000000000005507e+00
1.219999999999997753e+00
2.439999999999995506e+00
1.465000000000048264e+00
2.684999999999935216e+00
2.439999999999995506e+00
1.950000000000005507e+00
1.219999999999997753e+00
2.439999999999995506e+00
1.709999999999987752e+00
1.460000000000015508e+00
1.955000000000038263e+00
1.950000000000005507e+00
1.709999999999987752e+00
1.219999999999997753e+00
9.749999999999472422e-01
2.439999999999995506e+00
1.950000000000005507e+00
1.465000000000048264e+00
1.709999999999987752e+00
7.300000000000077538e-01
1.709999999999987752e+00
1.464999999999937241e+00
1.219999999999997753e+00
1.460000000000015508e+00
1.219999999999997753e+00
9.799999999999799982e-01
1.460000000000015508e+00
1.465000000000048264e+00
7.349999999999294875e-01
1.219999999999997753e+00
1.460000000000015508e+00
1.465000000000048264e+00
2.194999999999945217e+00
1.219999999999997753e+00
7.350000000000405098e-01
9.749999999999472422e-01
1.219999999999997753e+00
7.300000000000077538e-01
9.800000000000910205e-01
1.949999999999894484e+00
9.750000000000582645e-01
1.219999999999997753e+00
7.350000000000405098e-01
1.704999999999954996e+00
1.955000000000038263e+00
2.399999999999067324e-01
7.350000000000405098e-01
1.704999999999954996e+00
1.219999999999997753e+00
1.219999999999997753e+00
9.800000000000910205e-01
1.950000000000005507e+00
1.219999999999997753e+00
9.749999999999472422e-01
1.219999999999997753e+00
1.465000000000048264e+00
7.300000000000077538e-01
4.899999999999899991e-01
1.464999999999937241e+00
7.300000000000077538e-01
2.450000000000505107e-01
1.219999999999997753e+00
4.899999999999899991e-01
9.749999999999472422e-01
1.705000000000066018e+00
9.799999999999799982e-01
7.300000000000077538e-01
-4.899999999999899991e-01
9.799999999999799982e-01
9.749999999999472422e-01
4.850000000000682654e-01
2.449999999999394884e-01
4.899999999999899991e-01
2.450000000000505107e-01
4.849999999999572431e-01
1.219999999999997753e+00
1.465000000000048264e+00
9.749999999999472422e-01
9.750000000000582645e-01
4.899999999999899991e-01
0.000000000000000000e+00
-2.450000000000505107e-01
4.899999999999899991e-01
4.850000000000682654e-01
0.000000000000000000e+00
-2.400000000000177547e-01
9.749999999999472422e-01
2.450000000000505107e-01
1.704999999999954996e+00
1.219999999999997753e+00
4.899999999999899991e-01
9.750000000000582645e-01
-2.450000000000505107e-01
4.899999999999899991e-01
0.000000000000000000e+00
4.850000000000682654e-01
2.449999999999394884e-01
2.450000000000505107e-01
0.000000000000000000e+00
-4.899999999999899991e-01
0.000000000000000000e+00
0.000000000000000000e+00
0.000000000000000000e+00
0.000000000000000000e+00
0.000000000000000000e+00
-2.400000000000177547e-01
2.400000000000177547e-01
0.000000000000000000e+00
0.000000000000000000e+00
-2.400000000000177547e-01
-2.450000000000505107e-01
0.000000000000000000e+00
2.450000000000505107e-01
2.400000000000177547e-01
0.000000000000000000e+00
-4.850000000000682654e-01
-7.349999999999294875e-01
2.449999999999394884e-01
-9.749999999999472422e-01
-1.465000000000048264e+00
-7.300000000000077538e-01
-4.899999999999899991e-01
-1.219999999999997753e+00
-9.749999999999472422e-01
-2.450000000000505107e-01
-2.449999999999394884e-01
-7.300000000000077538e-01
-7.300000000000077538e-01
-2.450000000000505107e-01
-7.349999999999294875e-01
-4.850000000000682654e-01
0.000000000000000000e+00
0.000000000000000000e+00
-7.349999999999294875e-01
-7.300000000000077538e-01
-1.219999999999997753e+00
-7.300000000000077538e-01
-2.450000000000505107e-01
0.000000000000000000e+00
-1.464999999999937241e+00
-2.450000000000505107e-01
-7.300000000000077538e-01
-2.449999999999394884e-01
-9.750000000000582645e-01
-7.349999999999294875e-01
-4.850000000000682654e-01
-7.349999999999294875e-01
-4.850000000000682654e-01
-9.749999999999472422e-01
-7.350000000000405098e-01
0.000000000000000000e+00
-9.749999999999472422e-01
-4.899999999999899991e-01
-9.750000000000582645e-01
-1.219999999999997753e+00
-1.219999999999997753e+00
-4.849999999999572431e-01
-1.219999999999997753e+00
-7.350000000000405098e-01
-4.849999999999572431e-01
-7.350000000000405098e-01
-7.300000000000077538e-01
-2.449999999999394884e-01
-1.465000000000048264e+00
-9.749999999999472422e-01
-1.219999999999997753e+00
-1.219999999999997753e+00
-1.219999999999997753e+00
-7.300000000000077538e-01
-1.465000000000048264e+00
-1.219999999999997753e+00
-1.465000000000048264e+00
-1.464999999999937241e+00
-1.950000000000005507e+00
-9.749999999999472422e-01
-1.955000000000038263e+00
-2.195000000000056239e+00
-1.464999999999937241e+00
-2.195000000000056239e+00
-1.709999999999987752e+00
-2.194999999999945217e+00
-2.439999999999995506e+00
-1.219999999999997753e+00
-1.219999999999997753e+00
-1.219999999999997753e+00
-9.750000000000582645e-01
-1.709999999999987752e+00
-1.950000000000005507e+00
-1.950000000000005507e+00
-9.799999999999799982e-01
-1.219999999999997753e+00
-1.460000000000015508e+00
-1.464999999999937241e+00
-9.750000000000582645e-01
-1.464999999999937241e+00
-1.219999999999997753e+00
-1.955000000000038263e+00
-1.219999999999997753e+00
-7.300000000000077538e-01
-4.899999999999899991e-01
-7.300000000000077538e-01
-1.219999999999997753e+00
-1.709999999999987752e+00
-2.194999999999945217e+00
-1.950000000000005507e+00
-1.709999999999987752e+00
-1.219999999999997753e+00
-2.685000000000046239e+00
-1.704999999999954996e+00
-9.750000000000582645e-01
-1.955000000000038263e+00
-1.704999999999954996e+00
-1.955000000000038263e+00
-2.194999999999945217e+00
-1.709999999999987752e+00
-1.950000000000005507e+00
-1.950000000000005507e+00
-1.219999999999997753e+00
-2.199999999999977973e+00
-2.439999999999995506e+00
-2.195000000000056239e+00
-2.439999999999995506e+00
-1.704999999999954996e+00
-2.439999999999995506e+00
-2.439999999999995506e+00
-2.199999999999977973e+00
-2.439999999999995506e+00
-2.680000000000013483e+00
-2.200000000000222222e+00
-1.705000000000066018e+00
-1.709999999999987752e+00
-2.439999999999995506e+00
-2.439999999999995506e+00
-2.194999999999945217e+00
-2.439999999999995506e+00
-1.710000000000098774e+00
-2.194999999999945217e+00
-1.704999999999954996e+00
-1.955000000000038263e+00
-1.950000000000005507e+00
-2.439999999999995506e+00
-2.929999999999985505e+00
-1.950000000000005507e+00
-2.685000000000046239e+00
-1.950000000000005507e+00
-1.954999999999927240e+00
-2.685000000000046239e+00
-1.460000000000015508e+00
-2.199999999999977973e+00
-2.194999999999945217e+00
-1.950000000000005507e+00
-1.709999999999987752e+00
-2.195000000000056239e+00
-1.709999999999987752e+00
-2.439999999999995506e+00
-1.950000000000005507e+00
-2.439999999999995506e+00
-1.709999999999987752e+00
-2.924999999999952749e+00
-2.439999999999995506e+00
-1.955000000000038263e+00
-2.680000000000013483e+00
-1.464999999999937241e+00
-1.955000000000038263e+00
-1.950000000000005507e+00
-2.439999999999995506e+00
-9.749999999999472422e-01
-1.710000000000098774e+00
-1.704999999999954996e+00
-1.465000000000048264e+00
-1.219999999999997753e+00
-9.749999999999472422e-01
-1.709999999999987752e+00
-1.709999999999987752e+00
-2.195000000000056239e+00
-1.704999999999954996e+00
-1.955000000000038263e+00
-1.704999999999954996e+00
-1.465000000000048264e+00
-1.219999999999997753e+00
-9.749999999999472422e-01
-1.465000000000048264e+00
-4.899999999999899991e-01
0.000000000000000000e+00
-2.449999999999394884e-01
-1.460000000000015508e+00
-2.450000000000505107e-01
4.850000000000682654e-01
-4.850000000000682654e-01
-7.349999999999294875e-01
-7.300000000000077538e-01
4.900000000000444000e-01
2.399999999999911093e-01
2.449999999999666889e-01
4.899999999999355982e-01
1.465000000000211022e+00
1.704999999999765814e+00
1.710000000000177600e+00
1.464999999999885727e+00
2.400000000000444000e-01
0.000000000000000000e+00
1.955000000000144400e+00
1.949999999999789013e+00
9.750000000001665112e-01
1.464999999999774705e+00
1.220000000000133200e+00
1.219999999999862306e+00
7.350000000001221112e-01
7.299999999999267075e-01
1.710000000000177600e+00
1.219999999999862306e+00
1.220000000000133200e+00
4.849999999999033973e-01
1.465000000000211022e+00
9.749999999998389955e-01
1.955000000000255422e+00
4.849999999999033973e-01
1.955000000000255422e+00
1.219999999999862306e+00
1.220000000000133200e+00
9.749999999999500178e-01
1.220000000000133200e+00
2.439999999999724611e+00
1.705000000000144400e+00
1.219999999999862306e+00
2.200000000000222222e+00
1.459999999999853415e+00
7.350000000001221112e-01
9.749999999998389955e-01
1.465000000000211022e+00
1.949999999999789013e+00
9.750000000000554889e-01
1.954999999999821325e+00
2.195000000000188578e+00
1.219999999999862306e+00
2.195000000000299600e+00
1.954999999999710303e+00
4.850000000001221112e-01
1.709999999999797904e+00
7.300000000000888001e-01
1.464999999999774705e+00
2.440000000000266400e+00
9.749999999999500178e-01
1.710000000000177600e+00
1.949999999999789013e+00
9.750000000000554889e-01
2.199999999999733724e+00
7.300000000000888001e-01
1.219999999999862306e+00
9.750000000001665112e-01
1.709999999999797904e+00
2.195000000000188578e+00
1.709999999999908926e+00
1.460000000000066578e+00
9.799999999999822187e-01
1.705000000000144400e+00
1.219999999999862306e+00
9.750000000000554889e-01
1.464999999999885727e+00
9.750000000000554889e-01
1.219999999999862306e+00
1.220000000000133200e+00
1.464999999999885727e+00
9.750000000000554889e-01
1.219999999999973328e+00
1.220000000000133200e+00
1.219999999999862306e+00
1.710000000000177600e+00
1.464999999999774705e+00
7.300000000000888001e-01
9.749999999999500178e-01
1.220000000000133200e+00
1.464999999999774705e+00
1.220000000000133200e+00
1.219999999999862306e+00
7.350000000001221112e-01
7.299999999999267075e-01
1.220000000000133200e+00
9.749999999998389955e-01
1.220000000000133200e+00
9.749999999999500178e-01
1.220000000000133200e+00
9.799999999998711964e-01
1.220000000000133200e+00
1.219999999999862306e+00
2.400000000000444000e-01
9.799999999998711964e-01
9.750000000000554889e-01
7.299999999999267075e-01
1.220000000000133200e+00
9.749999999999500178e-01
4.900000000000444000e-01
7.299999999999267075e-01
9.800000000000888001e-01
2.399999999999911093e-01
7.350000000000110889e-01
7.299999999999267075e-01
4.900000000000444000e-01
7.299999999999267075e-01
1.465000000000211022e+00
4.899999999999355982e-01
4.850000000000110889e-01
4.899999999999355982e-01
9.750000000001665112e-01
4.899999999999355982e-01
2.400000000000444000e-01
4.899999999999355982e-01
2.449999999999666889e-01
7.299999999999267075e-01
7.350000000001221112e-01
7.299999999999267075e-01
2.449999999999666889e-01
7.299999999999267075e-01
4.900000000000444000e-01
4.850000000000144196e-01
2.449999999999666889e-01
2.450000000000777112e-01
0.000000000000000000e+00
-2.450000000000777112e-01
4.899999999999355982e-01
0.000000000000000000e+00
0.000000000000000000e+00
-2.449999999999666889e-01
4.899999999999355982e-01
-2.450000000000777112e-01
-7.349999999998478861e-01
9.800000000000888001e-01
0.000000000000000000e+00
4.850000000000110889e-01
-4.849999999999033973e-01
-2.450000000000777112e-01
0.000000000000000000e+00
4.850000000001221112e-01
0.000000000000000000e+00
2.449999999999666889e-01
-2.449999999999122879e-01
4.900000000000444000e-01
-2.450000000000233102e-01
0.000000000000000000e+00
0.000000000000000000e+00
2.450000000000777112e-01
-2.450000000000233102e-01
0.000000000000000000e+00
0.000000000000000000e+00
0.000000000000000000e+00
0.000000000000000000e+00
2.450000000000777112e-01
-2.450000000000233102e-01
-2.449999999999666889e-01
-4.850000000000144196e-01
2.450000000000777112e-01
-4.899999999999355982e-01
0.000000000000000000e+00
-2.450000000000233102e-01
0.000000000000000000e+00
0.000000000000000000e+00
0.000000000000000000e+00
0.000000000000000000e+00
-9.750000000000554889e-01
-7.299999999999267075e-01
-2.450000000000777112e-01
-4.899999999999355982e-01
-2.449999999999666889e-01
-4.850000000000144196e-01
-2.449999999999666889e-01
-2.450000000000233102e-01
-7.300000000000888001e-01
-2.449999999999122879e-01
-4.900000000000444000e-01
0.000000000000000000e+00
-4.850000000001221112e-01
-7.349999999998478861e-01
-2.400000000000444000e-01
-2.450000000000233102e-01
-4.900000000000444000e-01
-1.219999999999862306e+00
-4.850000000000110889e-01
-1.464999999999885727e+00
-9.750000000000554889e-01
-9.799999999998711964e-01
-9.750000000001665112e-01
-7.299999999999267075e-01
-7.350000000000110889e-01
-9.749999999999500178e-01
-9.750000000000554889e-01
-4.899999999999355982e-01
-1.220000000000133200e+00
-7.299999999999267075e-01
-1.220000000000133200e+00
-7.299999999999267075e-01
-4.900000000000444000e-01
-7.299999999999267075e-01
-9.800000000000888001e-01
-9.749999999999500178e-01
-9.750000000000554889e-01
-1.709999999999797904e+00
-1.220000000000133200e+00
-1.459999999999853415e+00
-9.800000000000888001e-01
-7.299999999999267075e-01
-1.220000000000133200e+00
-1.219999999999862306e+00
-1.950000000000222000e+00
-9.799999999998711964e-01
-9.750000000001665112e-01
-4.849999999999033973e-01
-4.900000000000444000e-01
-1.464999999999885727e+00
-9.750000000000554889e-01
-1.219999999999862306e+00
-1.465000000000211022e+00
-7.299999999999267075e-01
-1.465000000000100000e+00
-4.900000000000466205e-01
-7.299999999999777778e-01
-1.464999999999885727e+00
-9.750000000000554889e-01
-1.464999999999885727e+00
-1.465000000000211022e+00
-1.219999999999862306e+00
-9.750000000000554889e-01
-1.464999999999885727e+00
-1.220000000000133200e+00
-9.749999999998389955e-01
-1.465000000000211022e+00
-1.219999999999862306e+00
-1.220000000000133200e+00
-9.749999999998389955e-01
-9.750000000001665112e-01
-1.464999999999774705e+00
-1.220000000000133200e+00
-1.704999999999876836e+00
-1.465000000000100000e+00
-1.464999999999885727e+00
-1.465000000000100000e+00
-9.749999999999500178e-01
-1.220000000000133200e+00
-7.299999999999267075e-01
-9.800000000000888001e-01
-9.749999999998389955e-01
-1.220000000000133200e+00
-1.220000000000133200e+00
-1.704999999999876836e+00
-1.710000000000177600e+00
-1.219999999999862306e+00
-1.950000000000222000e+00
-1.219999999999862306e+00
-9.800000000000888001e-01
-1.219999999999862306e+00
-1.220000000000133200e+00
-1.219999999999862306e+00
-1.220000000000133200e+00
-7.299999999999267075e-01
-1.220000000000133200e+00
-1.464999999999774705e+00
-4.850000000001221112e-01
-9.799999999998711964e-01
-1.220000000000133200e+00
-1.459999999999853415e+00
-9.800000000000888001e-01
-1.219999999999862306e+00
-1.220000000000133200e+00
-9.749999999998389955e-01
-4.850000000001221112e-01
-7.349999999998478861e-01
-4.850000000001221112e-01
-1.219999999999862306e+00
-7.350000000001221112e-01
-1.219999999999862306e+00
-4.850000000000110889e-01
-7.349999999999589084e-01
-2.449999999999666889e-01
-2.399999999999911093e-01
-4.900000000000444000e-01
-2.450000000000233102e-01
-4.850000000000110889e-01
-4.899999999999355982e-01
-2.450000000000777112e-01
-2.449999999999122879e-01
-2.400000000000444000e-01
-2.449999999999122879e-01
-2.450000000000777112e-01
4.899999999999355982e-01
-2.449999999999666889e-01
2.449999999999122879e-01
0.000000000000000000e+00
2.399999999999911093e-01
0.000000000000000000e+00
0.000000000000000000e+00
0.000000000000000000e+00
0.000000000000000000e+00
2.449999999999666889e-01
2.450000000000233102e-01
-2.450000000000777112e-01
0.000000000000000000e+00
1.465000000000211022e+00
4.899999999999355982e-01
9.750000000001665112e-01
4.849999999999033973e-01
4.900000000000444000e-01
2.450000000000233102e-01
9.750000000000554889e-01
9.749999999998389955e-01
9.750000000001665112e-01
4.899999999999355982e-01
4.900000000000444000e-01
9.749999999999500178e-01
4.850000000000110889e-01
4.899999999999355982e-01
1.083174883488421836e+00
5.199246499686966949e-01
3.886166908441552326e-01
1.210425051284902409e+00
1.364204627290294569e+00
6.745008002889317789e-01
1.014329062089758926e+00
1.121187870894781113e+00
1.074501238330423769e+00
4.744941107140377423e-01
7.950193799593817667e-01
9.072940633395476517e-01
8.366663583223388212e-01
6.445847363254085804e-01
1.144576808692969294e+00
7.820515048340999087e-01
4.775972204236726970e-01
1.097151851654719401e+00
8.053162311025595654e-01
6.773403963285709040e-01
1.618717837893313805e+00
1.337519654680133341e+00
7.727335171519874590e-01
4.657341123067106903e-01
7.748326248486502310e-01
3.109912506911514662e-01
4.677105067455959997e-01
8.792397966020795153e-01
9.819905059337246112e-01
2.591602756771013150e-01
4.527512208807814818e-03
1.148896066992326492e+00
1.111348224657982220e+00
9.785852242808447121e-01
9.192609423834721127e-01
9.560406562719667711e-01
1.078607487758239669e+00
9.045323579089822319e-01
1.105347301549330474e+00
7.747295348779791313e-01
1.059004891730169762e+00
7.573896183392382353e-01
7.671457974432761562e-01
1.276269539583182011e+00
1.015254259354559707e+00
1.107255428727038415e+00
1.104526874501254419e+00
8.397261744340448475e-01
5.553374837897252503e-01
5.197288027887787543e-01
4.622202155210540231e-01
7.043664739896037252e-01
5.998856181983031055e-01
6.381207315002282998e-01
3.756886468170708704e-01
-5.638288534872203384e-01
-1.095005143479608867e+00
1.181328526954869229e+00
1.102581323137574065e+00
9.897143935165810813e-01
7.555446958179279360e-01
5.429188001477335268e-01
6.407639805959415291e-01
7.774268739500790337e-01
5.797923822303346908e-01
2.135293005556495316e-01
1.361024289442552826e-01
6.132715778454764788e-01
8.079874909018072149e-01
4.824256394080881916e-01
4.638670268224909243e-01
4.285729839253377138e-01
6.539351461204044869e-01
5.756635551970669118e-01
1.581853630864445970e-01
9.083945366687885548e-01
5.069928318809927559e-01
4.209480657998884712e-01
3.369370141585263934e-01
2.484143643375620880e-01
2.716852999165319527e-01
3.482593417728880314e-01
4.712345797409053794e-02
2.328071815161071242e-02
-1.072990535289204857e-02
4.525337251421400753e-01
3.146612902059988670e-01
2.376846806545746815e-01
2.859046948404979083e-01
4.428153776010956277e-01
5.115101585261857542e-01
1.442065833643527695e-01
9.341121385687463363e-02
1.598894998702425352e-01
1.414922154465858839e-01
-2.082925966951039778e-02
-1.295173300763928226e-01
-2.167549132314999794e-02
1.200390244271564294e-01
-2.332551386375038283e-03
2.576928319463495654e-01
-5.310195173773876176e-01
-3.530262051433641357e-01
8.166427172041423876e-02
1.171435358353752065e-01
1.356826008579597453e-01
3.071696744019530301e-01
-6.524330634994521261e-02
8.359546675519112513e-02
-3.158167247226188468e-01
-3.459368537402188748e-01
-6.409393957098203920e-01
-5.448072539723836094e-01
2.550162059026531702e-01
5.856579036978649955e-02
-2.009255345528870029e-01
-1.741720374236669089e-01
-3.215506342315953558e-01
-2.232606583551201562e-01
-1.194807370760296306e-01
-1.620503925814543306e-02
-3.849206356963266185e-01
-4.249628895039349596e-01
-6.342694543459291845e-01
-3.545101762340409635e-01
-5.956646237193597981e-01
-4.666487205184325360e-01
4.368487632367338419e-02
2.236369397195205611e-01
-5.223812189856811283e-01
-7.152282619427807742e-01
-4.939094589822545789e-01
-3.688534014875528566e-01
-4.481636647858882605e-01
-2.757696367167465357e-01
-7.174847433097610860e-01
-6.240668354358790415e-01
-3.649752192448743049e-01
-2.769143823145053251e-01
-5.228701215753160936e-01
-5.188888840675381919e-01
-5.474650619579682909e-01
-3.766069056826830130e-01
-5.200735339173107735e-02
-2.221101013694349036e-01
-2.061331679518390581e-01
-4.741904258888618995e-01
-4.762966255421022255e-01
-4.747438077676270352e-01
-4.379532584842176779e-01
-6.501520848711411782e-01
-1.079628671620599389e+00
-9.090141787822971775e-01
-3.860347230665731599e-01
-3.634044361315159066e-01
-8.244416583328215697e-01
-5.305618264886431401e-01
-1.429687483690480265e+00
-1.233268221316777158e+00
-3.478623406402531204e-01
-5.508233489549037021e-01
-5.162088986565018800e-01
-8.054993360856242957e-01
-5.533076190362195002e-01
-6.585161317983093676e-01
-8.962216418828427011e-01
-6.066848030725326968e-01
-6.270444932927190518e-01
-5.365083656703775183e-01
-1.095441334779355236e+00
-9.306068927384861800e-01
-6.512462390297508730e-01
-5.603505533933801352e-01
-4.799256905816924323e-01
-5.946990444762423333e-01
-4.586769402206652968e-01
-3.256263933157169665e-01
-5.068085183140284000e-01
-5.898969381588720085e-01
-4.788960678238612934e-01
-5.067322926384790760e-01
-3.363404740065837895e-01
-1.145411259594790288e+00
-3.995870430730126821e-01
-4.979268347370939818e-01
-9.058282000925398370e-01
-9.364358634874535570e-01
-5.890539387227260448e-01
-7.189281739472211941e-01
-9.953953658687882955e-01
-9.725790431281927662e-01
-7.773122927799714921e-01
-1.189954039102290029e+00
-7.198960390170887624e-01
-7.052764203013484057e-01
-4.498148467743596779e-01
-3.446459637438772372e-01
-5.842256908491028078e-01
-8.310640351507441181e-01
-4.327637599727462425e-01
-4.123399576932317290e-01
-8.202247013290102640e-01
-9.114865422938827066e-01
-5.403250753895401104e-01
-6.479961631467737737e-01
-4.580272033304860213e-01
-5.897896688536558019e-01
-6.562470417956379753e-01
-4.666371305055941887e-01
-8.116989055007911569e-02
-8.917679197818367820e-02
-5.259960679159816355e-01
-3.780162371681966560e-01
-3.067504532574876763e-01
2.749253508183305619e-02
-9.509490109150746384e-02
-1.536396504016215858e-01
-2.263438417166279693e-01
-4.519178066096306012e-01
-2.729912981781791315e-01
-9.405516089301327667e-03
-2.252914047298463784e-01
-2.001916484926312134e-01
-5.660162893376742277e-01
-2.615025038619500086e-01
-2.348470931347305113e-01
-3.871478885272710002e-01
-1.327685863474905303e-01
-1.153993619292930650e-01
-1.969585630912313312e-01
7.870331662230591052e-02
-9.101574351090160886e-02
-1.732628993217546487e-01
-6.551684434844162741e-01
-8.446964777964847126e-01
5.710209327288235936e-01
3.183396951836132693e-01
2.734166690011886613e-01
3.828129581718164864e-02
6.038418258639931535e-01
3.829565961364500559e-01
5.047605407066392269e-01
1.886505618396080719e-01
5.833016628468777887e-01
1.488991935202519101e-01
2.417554124533305149e-01
2.733887414008452470e-03
4.868371395828056114e-01
3.116702947077231167e-01
3.603977380276909837e-01
5.761766217505317339e-02
5.874798404394513396e-01
5.038814661574853027e-01
-7.944331066679119480e-02
8.012589618922921764e-02
1.079839349106278767e+00
4.822654038253968989e-01
7.244662868922356891e-01
4.305789861515559869e-01
9.539029870876343242e-01
5.238033865420677060e-01
3.717363928536353557e-01
2.476669665771031592e-01
7.244216511144950799e-01
5.594071647237525147e-01
2.462785136055072599e-01
4.956756270795827368e-01
2.536127686567914430e-01
5.095832305127008244e-01
2.043883160700813162e-01
4.912489458687704924e-01
3.982135899148081526e-01
1.177059206084592746e-01
6.078208684823896979e-01
2.632447941111349943e-01
4.830769554919321918e-01
3.667358291127702508e-01
5.722215183288712481e-01
5.456480026931377347e-01
3.782970426643856299e-01
3.088753301057408085e-01
7.433815473955870390e-01
5.262537403789038226e-01
4.113858189875205795e-01
2.622141139452538461e-01
4.272799530300934734e-01
4.548600359683353522e-01
5.962183686434964214e-01
8.597355394949049989e-01
5.023221812339715431e-01
5.968643895220662188e-01
8.901613673224376688e-01
6.781719833894498395e-01
5.015463208208335022e-01
3.472864289657922598e-01
3.419385762976444587e-01
4.699673616458917014e-01
3.247567405152775866e-01
6.514106988814878374e-01
3.524719731875902151e-01
3.080714794964418135e-01
4.729317231126316523e-01
6.201136620540131927e-01
4.902079956766154933e-01
4.395449806699409656e-01
3.132833056085705392e-01
3.970587863343804091e-01
3.743028326247812010e-01
3.576232758789993360e-01
5.180353795274943440e-01
4.132650814882465884e-01
2.797252254246626602e-01
3.495660637677197036e-01
5.438859474414292627e-01
3.891251852536232736e-01
4.653522704007275190e-01
5.881704774357102705e-01
1.538611714278107223e-01
2.064741301125666284e-01
3.326587510615131027e-01
7.329644467299586408e-01
5.208813017895682629e-01
3.142247485182005362e-01
5.468814667317126732e-01
4.399144838898512710e-01
3.949216408061664296e-01
4.643265575635058817e-01
1.875686364146906815e-01
1.403280878633660633e-01
-4.583430744454169287e-02
-1.593389866144832023e-01
4.325123465460022354e-01
4.484844723747155593e-01
-4.415828535531616389e-02
1.633911904719467234e-01
4.513784699421927726e-01
3.462001391733408595e-01
1.088491100710418102e-01
-3.918546684822819814e-02
2.695120572373829737e-01
1.021711906337265247e-01
8.184988764204717548e-02
-1.460894288771880101e-01
2.924140977176625800e-01
2.399299244261452468e-01
3.403098674058899209e-01
3.421827202024040893e-01
6.621129111240194043e-02
3.566925969131056195e-01
3.647945281793198852e-02
1.489346823522361418e-01
-2.557374956324857951e-02
7.448001241462097466e-02
2.510745103879995499e-01
2.574736930663074630e-01
-3.802139669389222876e-01
-2.585928251539755807e-01
-1.101662674968372502e-01
-2.417369679566227780e-01
5.297895995271557218e-02
-1.831352348637051708e-01
-1.496597557301302950e-01
-2.421117517694959809e-01
-5.441363675921562226e-01
-4.306830298223459641e-01
-1.533252838881340487e-02
-1.015190953593926027e-01
-4.255319348174715355e-01
-3.654823029138179469e-01
4.555080317799000689e-01
5.258361812807168523e-01
-2.126533373595597132e-01
-1.165900666296865867e-01
-4.446436154422129805e-01
-3.376785591350611737e-01
-1.364858042688527617e-01
-1.777950802618528947e-01
-2.681598595570007237e-01
-2.464222811307253402e-01
-2.541158517750665702e-01
4.674879064859265368e-03
-3.198962186031015231e-01
-4.880474545551609644e-01
-5.442364104295038807e-01
-2.072134821508259672e-01
-5.372058809061700663e-02
2.152778469584297194e-01
-1.365963650507157623e-01
-6.841915812863729185e-01
-7.384403857269830618e-02
-2.099925193469696361e-01
-2.520639591198359231e-01
2.290806420124610540e-02
-5.740427633213550651e-01
-2.953040067364179899e-01
-5.161082031837640471e-01
-3.458115817962895688e-01
-6.889689223905296478e-01
-5.760481334719592672e-01
-6.009917345576982761e-01
-8.298735535960747312e-01
-1.551835316760012962e-01
-1.901287706066666083e-01
-9.819671584555515753e-02
-3.354973645763129619e-01
-6.439447405519204137e-01
-1.781916591982098674e-01
-7.311599955297204412e-01
-9.069180604295179471e-01
-2.358072093117373758e-01
-2.836713807933579079e-01
-5.044334449778031804e-01
-2.371250290067722713e-02
-7.424346713769942596e-01
-2.442917873578800692e-01
-7.736807116971186060e-01
-4.210719614575106351e-01
-3.712271293824641050e-01
-2.617262468444247481e-01
-2.068672638793295493e-01
-5.507963275188150210e-01
-4.066417481051635696e-01
-6.842033059884710111e-01
-4.161421588641426306e-01
-7.909982529375786386e-01
-4.198338239758588331e-01
-4.192699487601165842e-01
-2.645352003351211789e-01
-3.140398652199740126e-01
-4.762042020064996550e-01
-4.741050022405957631e-01
-5.090324023656062069e-01
-5.289972330120878974e-01
-2.182952617601170986e-01
-1.338777920559955648e-01
-3.977807029974960717e-01
-6.765445667385651118e-01
-2.330582314139774402e-01
-5.169778905632097521e-01
-4.126061698173543735e-01
-1.742921357632735146e-01
-3.098230265762622060e-01
-7.698412000116410248e-01
-1.485585216907278350e-01
-3.096759920399380084e-01
-1.803066438732713050e-01
-4.053668618451580219e-01
-1.993524876561456327e-01
-2.401187716742068379e-01
-1.548075734149227389e-01
-4.635954480815507317e-01
-5.504775580276783931e-01
-3.544013700545302625e-01
-2.710288556242744784e-01
-3.007229677443377658e-01
-6.836412030198556200e-02
-1.749082462596722176e-01
-1.260371862407266841e-01
-9.571028736933218095e-02
-8.636539058138721636e-02
-6.898292779423313703e-02
-2.398801585906926714e-01
-2.971296122297512055e-01
-4.149944595206913056e-01
-4.429435539687264778e-01
2.166542979250801748e-01
-1.056082839725585865e-01
-5.068253197593744486e-02
-2.324106528423220408e-01
1.091448548058547019e-01
1.319563509395583756e-01
1.746963409488181676e-03
2.930204201217246340e-01
1.406850678316184378e-01
2.628032161311755766e-01
1.752659316366560194e-01
-7.326842896560854801e-02
2.051070781689205424e-01
-9.970041184860211139e-03
2.508927446955021567e-01
-6.981502031944911146e-02
-1.690327023451585267e-02
5.251690326458248459e-02
2.662701533649185492e-01
1.474851473047984751e-01
4.782242663839391672e-01
2.411140331999560849e-01
3.264810821214463310e-01
2.068313973586871912e-01
2.528172031035781364e-01
3.241452481345465375e-01
5.236341460535553355e-02
1.703694431754075866e-01
1.328850096442714956e-01
2.198404101120507992e-01
2.791901160366402346e-01
2.354491022944752987e-01
2.477278625754581742e-01
3.055330303325723973e-01
2.327986878991862296e-01
1.896056457268078255e-01
2.575388011738794503e-01
3.676950961451336264e-01
1.853273048885366314e-01
4.976140654324160972e-01
3.226197045575274203e-01
2.381081851206263977e-01
3.175559726107740621e-01
2.653281836512436653e-01
3.277242816616482424e-01
7.990276062409309987e-02
5.073275787151335647e-01
4.719014839925059768e-01
1.979101105138654504e-01
3.821262234288557158e-01
3.609760079516364240e-01
3.899268676745156759e-01
4.530133370213517696e-01
1.690832410427187404e-01
5.879970404388349392e-01
2.320977998808959886e-01
4.158324495619383776e-01
2.774930840266116028e-01
4.776197406404751877e-01
2.904044627029298553e-01
7.850780535863831622e-01
2.583299741593388377e-01
3.085947823845753835e-01
3.068280997520549808e-02
2.226143328948571865e-01
2.145306920373860338e-01
-2.947071179093865845e-02
1.817108833053393824e-01
3.452435918395549419e-01
4.377114914997852768e-01
2.230032304541242072e-01
1.943284425958361206e-01
3.087293811661402931e-01
3.647804223948905022e-01
1.609101565461967254e-01
1.673310822367841677e-01
9.274155891237834126e-02
3.750346786957483580e-01
1.895000264475963370e-01
3.295444654661058292e-01
2.651240051663464881e-01
4.153677819276793137e-01
2.180861292106169025e-01
3.359296429127726080e-01
2.400577409356328407e-01
1.073056324675366047e-01
4.933942767453835532e-01
2.185489219679555839e-01
1.134095130716064603e-01
2.815022138468492030e-01
9.673444152958854403e-02
3.491502612394222216e-01
3.869310179005918116e-01
2.322801920007478427e-01
1.535328620988654358e-01
-6.210529043416253281e-02
4.347054327725120848e-02
1.099147308106905863e-01
5.375211679278827370e-01
-8.158915441814694469e-02
4.035490443381917758e-01
2.173883008163252917e-01
1.752547280426035303e-01
3.102915605594289694e-01
2.832677990007060886e-01
2.904561414634230232e-01
-1.079738170725160901e-01
7.584407413453178592e-02
3.510933166397776639e-01
5.548081730833488018e-02
1.747687201493401121e-01
1.176080109471918239e-01
1.024597339453039019e-01
1.216445499410268721e-01
-1.383697311285888784e-02
1.316666841233583157e-02
1.664069805840290338e-03
4.074354460593015287e-02
1.194095158484474450e-01
1.562189598812885327e-01
1.460323460289619513e-01
1.183006496427016357e-01
-1.490971613937905893e-01
-1.738416399731571027e-01
5.162844484041819587e-02
-6.795619235034548733e-02
-3.362890629289664868e-01
-8.825690384451773118e-02
-2.667817573011337928e-01
-2.185099097802530588e-01
-1.759676398638470585e-01
-3.790907344669998402e-02
1.038197500759067138e-01
-1.440401472172662123e-01
-2.708616245062099581e-02
-3.923923077594914655e-01
1.171009780683980456e-01
-3.517939261687251795e-01
-6.436531179566261363e-02
-3.867930138879298319e-02
-1.904473544307659916e-01
-1.568315647515645117e-01
-9.979766525648459119e-02
-7.404674314882270236e-02
-1.060934479088066207e-01
-8.890804693574152302e-04
-2.428669119355620909e-01
-1.412264958249465074e-01
2.319201912426549494e-02
-2.517409316638296590e-01
-3.321748984972760499e-01
-2.335839066839575373e-01
-7.763947511519619926e-02
-2.472138657361450387e-01
-5.355130533928921244e-01
-5.021980422533209865e-01
-3.300455722533932046e-01
-6.582668579254328245e-01
-2.354757075807826783e-01
-4.031476090049945782e-01
-3.079070734450023994e-01
-2.725842548968760437e-01
-2.974358558038064926e-01
-1.611593453459025660e-01
-3.436042592133526918e-01
-1.859648183179168357e-01
-1.437085771435356318e-01
-3.319356508704551234e-01
-3.083396060078797962e-01
-4.557726585842583056e-01
-2.428015856247568161e-01
-6.006903406299941572e-01
-2.797564584997888626e-01
-6.128888861207224537e-01
-4.201960629728792584e-01
-5.525428732756130223e-01
-4.024897037117502463e-01
-7.691856255923349428e-01
-4.314199021709295145e-01
-3.532444404878266053e-01
-1.863925090789458894e-01
-3.536085903613040982e-01
-5.437287369337061999e-02
-4.835762628347372583e-01
-5.252851149085159543e-02
-1.611231593455952626e-01
-4.174715399754462819e-01
-4.892184579218789575e-01
-1.894629047237903485e-01
3.994007202690492975e-02
-1.836243425668218354e-01
-2.167654304372729213e-01
-7.442271821534716947e-02
-3.507140106642601118e-01
-6.290134466558487680e-02
-1.393822051064683987e-01
-2.614179234471669111e-01
-1.120653355056856620e-01
-3.123326594814190837e-01
5.293318627730997372e-02
-1.712798278149707532e-01
-8.887576746564464225e-02
-2.213985073623825073e-01
-3.112671888827810152e-02
-2.473691923454974240e-01
-2.943528541693765099e-01
-9.719636665174129220e-02
-6.745150047760738177e-02
-1.038999206763983191e-01
-2.282504557186400551e-01
-2.134479639294375175e-01
-2.380062847804604864e-01
-2.741749957765629020e-01
-2.154078571359423211e-01
-3.834934112599142630e-01
-2.294796629481985206e-01
-2.101879006499949784e-02
-3.979391873849985606e-01
-1.192953591203769620e-01
-7.502294349060738277e-02
1.810392348410493901e-01
7.593470117151783494e-02
-1.128593615950093110e-01
-1.776540784135445528e-01
2.079784469744223874e-01
-1.667064256979561565e-01
-2.071757525127455035e-01
-9.960220256056681598e-02
1.457865385515893508e-01
1.369704135905242814e-01
-5.626949471360729454e-02
1.315245976398904948e-01
2.994007961876540141e-02
1.670425190211284050e-01
-1.226472417440584578e-01
-4.010447267266845778e-02
-1.033114612858490600e-02
2.165253992134868744e-01
5.901949710994208731e-01
2.734704135119194190e-01
6.365791021068635536e-02
8.959943366483190397e-02
3.386880900195050614e-01
1.313599344174998518e-01
7.248338269761588071e-02
2.981903037342688023e-01
2.275371826882228443e-01
3.663478668634438384e-01
-6.320228185197759863e-02
2.984532852989048024e-01
2.381828956055360991e-01
1.118241455401304124e-01
2.893085654857338040e-01
-3.524492371054620959e-02
2.123272484643402291e-01
1.096701390656106001e-01
1.329887493005812438e-01
3.524712527142425667e-01
1.255086646105990078e-01
1.098627940041684292e-01
1.343399264719528363e-01
8.224577336291911955e-02
-1.494858290176535320e-01
2.027669778286390889e-01
3.105033571313762231e-01
4.013670326569627189e-01
3.795287294709322468e-01
2.706732704647350496e-01
3.750272241404419837e-01
3.694467361858151944e-01
4.808632455612334988e-01
3.183097591063295262e-01
4.465218821394992821e-01
6.064157211112644053e-01
2.363619847439973332e-01
3.875093666279454951e-01
4.029929236314844232e-01
3.434379490713613259e-01
2.380102538272184098e-01
4.644870410735425503e-01
2.568249456149923615e-01
2.804972068818665787e-01
2.325729592940451729e-01
3.583844613554271752e-01
4.660244080312805903e-02
3.247096943815110937e-01
1.524427063071155664e-01
8.890119827476986036e-02
1.575680454949553166e-01
1.103451972021118332e-01
-7.352747011858096204e-02
2.814155615994716753e-01
1.906232193549449727e-01
2.419857916225165440e-02
3.439428899059505662e-01
2.341716186145239853e-01
2.698501507192605300e-02
2.481161459895460386e-01
9.573864472224247191e-02
4.706395727561115544e-02
2.833355748368716620e-01
2.022948097651023625e-01
1.019878926423857385e-01
1.167302869155135425e-01
1.211834108206933103e-01
1.959098667660079951e-01
4.032518232444548545e-02
-5.049345753994072955e-02
2.345275169013652794e-01
1.397107643744830985e-01
1.903160057992391149e-03
2.586220587125494519e-01
4.209888602739095265e-01
5.970309298642498264e-02
6.250989686563257486e-02
1.340172435066048218e-01
3.712932145241563675e-01
2.506066622421086743e-02
6.527534316547897730e-02
1.709144857489263702e-01
1.163479599177858342e-01
-8.749588772295333050e-02
1.137875117410828002e-01
7.123313537883098345e-02
1.594442850762110286e-01
1.176778424030318904e-01
1.387474146263986859e-02
2.613600808364657246e-01
8.554879928680368326e-03
-2.675043556280859991e-01
-3.968155086254025743e-02
2.123277120591694073e-02
4.759627374806809502e-02
-5.244175426145103458e-02
-2.000800700974412691e-02
3.087841471960735273e-03
1.755120893876165392e-02
-1.161207574658224273e-01
7.441318924040472849e-02
-2.357599642488754366e-01
-1.394179421082706594e-01
6.564808950527302456e-02
-2.122897227451415181e-01
-2.007030178277301458e-01
-1.278132592286292668e-01
-2.045616234268802236e-01
2.863357169058704590e-02
-2.484528338859977592e-01
1.382268933880645076e-02
-1.865001458062548467e-01
-4.494749349569999719e-01
-7.833879506503357848e-02
8.933921724519773219e-03
-1.885869752183063630e-01
-1.645547837279174586e-01
-1.572882458275199902e-01
-1.585495220263363481e-01
-8.082642895846704756e-02
-4.447639660843317744e-01
-1.155658167814171550e-01
-4.023181323938195275e-01
-1.014447013029218941e-01
-1.896043406963907607e-01
-4.664929094631523609e-01
-1.894711969664606421e-01
-2.840420636117981790e-01
-2.527251819104681663e-01
-2.332114828122157368e-01
-2.148767546813716012e-01
-8.708860284401946650e-02
-2.558054636357114386e-01
-1.019455010082938179e-01
-2.401232436176890250e-01
-4.603748836876038752e-01
-1.501062653761652266e-01
-2.881612666877682027e-01
-3.194532227226783982e-01
-4.931275569253756180e-02
-1.912166499824718702e-01
-2.112440736037567990e-01
-1.426061892003828713e-01
-1.109129087589877383e-01
-4.275202363353463042e-01
-1.335051232116560294e-01
1.990851330593509938e-01
-2.777369100902843946e-01
-2.156953887389139249e-03
-7.420906676881262876e-02
-6.614850896325581708e-02
-1.830949955776907945e-01
-1.200431735606376643e-01
-1.692928737721164367e-01
-2.121816232017137982e-01
5.488266921028266826e-02
-2.801211927857847339e-01
1.095319226347544889e-01
-3.119454414295740885e-01
-8.524942722821611529e-02
-1.114502647421423132e-01
-2.432619373214085778e-01
-1.099012371463935558e-02
-3.651601013641549986e-01
-3.102270950459459775e-01
-2.439448585907213474e-01
-1.460674220977892235e-01
-2.319231794838649829e-01
-1.155906514478515917e-01
-1.107773492633590123e-01
-2.038324205339228368e-01
-1.828782577309097657e-01
-2.019588267000660686e-01
-3.220957072126794940e-01
2.372177639487199965e-02
-2.610365360939125301e-01
-2.531941765182844639e-01
8.109264084677830428e-03
-3.326237615079252752e-01
-2.494549580384361476e-01
1.126456359852436584e-01
-8.861478545419830544e-02
-7.604163406128298941e-02
-6.263460721545734133e-02
-1.592157871754993140e-02
5.583582323232587352e-02
5.136909057679727580e-03
6.690209710436727242e-02
1.689404326199647755e-02
-1.050522667580660319e-01
2.141022572144338221e-02
-1.360964428249883396e-01
2.685927243440152101e-01
-2.557068416426948043e-01
2.540340414755317688e-01
-2.217223301506332511e-01
7.966750344113637805e-02
-2.721954849738439288e-03
9.974243721390096962e-02
-1.793801601321007855e-01
5.743135500869211985e-02
1.058683686416933556e-02
1.262356813780535388e-02
5.736975744974969621e-02
-8.446251357342268729e-02
2.591284572673055106e-02
-1.318879967463638392e-01
1.159010520691688972e-01
5.642608589029940447e-02
-4.744486241903789897e-02
-3.930865909918412893e-02
1.580930729604586860e-01
6.305653148964279753e-02
1.938109397958900637e-01
-3.914862651200210625e-02
2.458173343599372174e-01
9.991021670764367590e-02
8.784852810906763898e-02
3.091639124163443886e-01
4.469224535283359834e-01
5.370909588437481341e-01
4.656307064326250522e-01
-1.455577345166485931e-02
1.742715571198175661e-01
1.141883804334346310e-02
1.897475933497969891e-01
2.682565336896998165e-01
1.635536482990265494e-01
1.920166799646228495e-01
1.541976707135798152e-01
2.057061940755837703e-01
5.212021490251258493e-01
4.752597656563741224e-01
4.410780417541323994e-02
2.631341217162198598e-01
-2.899566993597488263e-02
7.958184792157030341e-02
1.870090721260082023e-01
2.759216766229670159e-01
-1.115222282962580885e-01
3.897134952870902613e-01
2.484273034723257223e-01
2.828915033065460549e-01
-4.145325873872630906e-02
1.515338136746258446e-01
-8.059590377619052504e-02
6.052207604857030160e-02
1.279557697437957442e-01
2.053668337067775240e-01
2.092686150655617694e-01
1.231598261158952795e-01
-3.650645152986477932e-02
2.062657425388141896e-01
2.407589585772516860e-01
6.170335671674256200e-02
2.041302993484264694e-01
-1.304243292761386175e-01
3.094388673794753464e-01
-3.013561919240958023e-02
2.561041240079224846e-01
6.981014150298717191e-02
-6.407495209737751329e-02
1.844198468712513472e-01
4.400439807262164493e-02
5.395271286957087353e-02
2.446344989929508384e-01
1.203992453834423076e-01
-4.414237095463000721e-02
-8.004946238982839357e-03
-4.906379619241104523e-02
1.302114976689116299e-01
1.805419203467971689e-01
-1.339183897175614049e-02
1.785064631578877625e-01
9.899470200859220026e-02
7.764077926964729759e-02
-1.677189439405387117e-01
8.731673684626424514e-02
1.759825809174636047e-01
1.124234254708102454e-01
-7.249899797057944573e-02
1.519077864289453961e-01
-1.500046607403492105e-01
-8.173507574428041586e-03
1.667964659535409525e-02
2.244323817613105843e-02
-1.214094992805359596e-01
1.246954721721009463e-01
-1.031209427596715689e-01
-1.544924089024350133e-01
1.633543374377668389e-01
-1.664771504036505478e-01
9.616927383128086315e-02
1.438667012954189701e-02
2.112729793479994553e-02
-2.765364301860222945e-02
-1.099781747314742125e-01
2.234139160184580100e-02
2.033047229125452826e-01
5.425808535398133486e-02
-1.075508537055188396e-01
-1.710182018566286100e-01
7.130911320475061266e-02
-3.941095481308377890e-02
4.964999793922167393e-02
-5.019815283869297901e-02
2.175035269459630605e-01
-2.348990805983978136e-01
-4.808728087535826118e-02
1.602152998870963740e-01
-4.359753592698059968e-03
-3.762651397698905248e-02
8.460613342898647138e-02
-1.960844502735475253e-02
-1.515838316498319405e-01
-3.434035054802709319e-01
-1.168217505954767116e-01
1.092484473108732909e-02
-1.467450886030336465e-01
-3.006307164269748089e-01
7.221168266936213442e-02
-1.828262517289604150e-01
-2.782590760741805447e-01
-1.185648068570263752e-01
-9.835062373476617659e-02
-3.163258787508909098e-01
-1.361413366204472508e-01
-3.167369344433750289e-01
2.771441233373778124e-02
-3.499691260085254774e-01
-2.428066714932609546e-02
1.049498110117346242e-02
-1.817613938994911138e-01
9.740833516126386205e-02
-2.171536700489546390e-01
3.079292902275271651e-02
-1.178733066724687445e-01
-1.304387134233452872e-01
-1.084426456726803184e-01
-1.540003394553571547e-01
-3.736845336388817246e-02
-2.332089662600268787e-01
-1.865588071290541494e-01
-1.135949721370446835e-01
-2.757716097286115331e-01
2.378435171035682029e-05
-1.507839363809215238e-01
-2.353483591271114395e-01
-1.820838462081232068e-01
8.660209488043756065e-02
-3.892514830592814778e-01
-1.319580301126922484e-01
-8.562431705439854657e-02
-1.863091526407495147e-01
-4.557996948795719344e-02
-1.918155758499285046e-01
-3.915060918780342153e-02
-4.521507884903074037e-02
5.069155297777187125e-02
-2.467938255270857029e-01
-1.968063433614103686e-01
1.570275014635309219e-01
-2.229531322902846002e-01
-1.543802960778554445e-01
-1.374124197128941127e-01
-3.884361501472072958e-02
-2.386746198659569218e-01
1.331241140774133136e-01
-9.188124815563315784e-02
-2.133962880123365380e-01
-1.014870027996717800e-01
-1.030270074713459938e-01
-6.167649579092562145e-02
-2.896063609393637051e-01
5.679640764478314542e-03
-3.916878622767670792e-02
-3.546560995643490699e-01
3.663077154425890131e-02
-5.512418140086235846e-02
6.638955120297949930e-02
-1.135626123312097474e-01
-3.826720271816052427e-02
1.415805530503733700e-01
-8.397645127912004015e-02
-7.045423372476709856e-02
-8.516047201812920742e-02
8.379851893392888107e-03
2.147412240039129477e-02
-3.278824610930902717e-02
2.228517144564868754e-02
-5.279670108926963479e-02
7.019263781072533626e-02
-3.598235092084186432e-02
-7.621106377221083250e-02
1.577543870192772979e-01
1.487934225715856207e-01
1.292373943661138391e-01
1.184041129651666746e-01
7.943604082051067272e-02
4.723916902208933899e-01
-1.616196757266053219e-01
3.646915429501975670e-01
5.306654340254153557e-02
2.620122985968209584e-01
-9.122096054149270161e-02
1.969288035028821382e-01
3.304842306125852502e-01
-1.604801384586140023e-01
1.426267427180484826e-01
3.791090038432338716e-01
-1.223373534896678300e-01
1.869855010803373463e-01
-5.524868797580127083e-02
3.407710612951906359e-01
-1.041637272462096336e-01
1.818493826810852476e-01
1.213715829358053416e-01
-8.511518003285582779e-02
9.152101112731467203e-02
2.924880637733873190e-02
2.673001272113523230e-01
6.018937489538741387e-02
1.389713390397437631e-01
-7.149726257594478385e-02
3.354162809574937065e-01
4.360713098395177642e-04
2.712698782051680135e-01
-7.503045764124242900e-02
1.591135749471514760e-01
5.387066498486230842e-02
5.577301126425463634e-02
8.223828435439468898e-02
2.355969917500459754e-02
7.229633947015387530e-02
2.966013151747597387e-01
4.232755915912123079e-02
3.999609046856807820e-02
1.093425029226167688e-01
1.635820289626235546e-01
7.366882280902244118e-02
3.430445161413487321e-01
8.246556828662507388e-02
6.038794640329080143e-02
1.612710354345248120e-01
-8.663746346405498677e-02
2.223175157800816870e-01
3.444174104272714615e-02
1.132197913205193335e-01
-2.548241957578692776e-02
1.711320861605047650e-01
2.521843446612604192e-02
2.235311265597308278e-02
5.954587509405352003e-03
-3.300367904524401097e-02
-5.259943839342497846e-02
6.808381176138439406e-02
-7.607589554770871620e-02
1.992379047066836217e-02
-2.554550187750252374e-02
-1.079906154422113559e-02
7.406946560040966743e-02
-5.485792247095826885e-02
-1.193366542995420373e-02
-7.373046890136437936e-03
-4.508669155234787396e-02
6.206232296902109563e-02
-2.346856550650403342e-03
-2.856910459747878314e-02
5.002753555528034746e-02
-1.417787631563683509e-02
-1.075490844326794891e-02
9.038064870193647515e-02
4.364334875184764512e-02
-4.993460412361922646e-02
-7.487587796806963181e-02
3.690266119682890367e-02
-1.845771171894642348e-01
1.005771041675651289e-01
2.048168799728914691e-01
-2.425282265734730047e-01
4.165325984295990130e-02
-5.652716478188946764e-02
7.306229334914343676e-02
4.387311081533379342e-02
3.483964044237836816e-02
8.188393904163607240e-02
-8.213173787075883636e-02
5.642676591711204281e-02
-6.049166901534563934e-02
-2.109901265679125365e-02
-4.165198551709285019e-02
1.002418567409679162e-01
-3.253344789522574776e-02
-8.261895083595338640e-02
9.486416687632882178e-03
3.890741679446903245e-02
-1.295099738685277432e-02
-4.903421145663873493e-02
-1.889841680899992271e+00
1.681223523209059711e-01
3.040932348684967645e-01
3.308791603098635292e-01
4.478804064778568184e-01
1.770941650789587818e-01
-2.435293711067478273e-01
4.934029690704654914e-01
-1.545070783758043742e+00
1.955501963944110688e-01
8.338453187751534990e-02
1.602365254011094420e-01
9.107653979257727961e-02
2.419899515128376422e-01
-1.735725722874695010e-01
2.566497645402348593e-01
-4.654350052378199432e-01
7.188496176203333123e-03
4.591684463351403817e-02
1.648905877623855765e-01
-1.647254691506020927e-02
-3.072678786875454246e-02
-4.619926260596660811e-02
1.583298623876358002e-01
-3.466953403952581780e-01
-7.128156790859549452e-02
-1.215612859940674167e-01
-8.788998052712128362e-02
-5.033383013964275871e-02
-2.615392620665412671e-01
-1.358332753220875197e-02
-3.480855108973052170e-02
-2.315294239641196503e-02
-1.840852094512548942e-01
-1.097500534138605571e-01
1.665254821865597423e-01
-2.071866742155099028e-01
-2.070978242330273958e-02
3.049457631765564725e-02
-3.081740177058095997e-01
-1.232402772356613607e-01
1.029904867322464362e-01
-1.538878069132945947e-01
-1.566580828582692445e-02
-2.515326839575282025e-01
-1.325510360463834636e-01
-8.657605520135790156e-02
9.006065518236565370e-03
-6.703346182890995708e-02
4.402542904980363131e-02
-5.390277717143882041e-02
-2.030063782214820978e-01
1.443139460119028661e-01
-4.183981846839673890e-02
3.059914408554468765e-02
-1.894132874262974831e-01
2.272928919654610413e-01
-3.780170080114747533e-02
-1.517407333817722415e-01
2.218072949449445552e-01
-2.037481045542801628e-01
-2.427379811298636600e-02
1.536461299623984034e-01
-1.250639502256150060e-01
8.881929050664628955e-02
-4.744756761654834315e-02
-2.203482422924694581e-02
4.432077175265325235e-03
-1.050047470804287425e-01
1.597163869403626646e-01
1.954356673284023127e-02
5.697201821309244574e-02
-1.988815738445334491e-01
1.684923391283196514e-01
-1.313372802428525443e-01
7.449959696193818315e-02
-9.275567216416780170e-02
1.229122765966785685e-02
9.554486727870678542e-02
-3.301350452756066089e-02
6.763062878435056879e-02
1.108486495001848038e-01
-3.484817700684478825e-01
1.210453003625122786e-01
1.560888766272311261e-02
1.621363677986221441e-01
-1.742958621204963032e-01
8.491184059312531507e-02
6.735576353334624643e-04
-4.571386686725247006e-02
-1.278420535289067350e-01
1.783858982042004770e-01
-1.505140135611592600e-01
6.494113702915797759e-02
6.471461964419769619e-02
6.470070235365545097e-02
-1.267042045343253764e-01
1.710131010235393587e-02
-1.161035994568088321e-02
-2.933017569828656398e-02
1.684346591257676259e-02
1.107431091563870623e-01
-9.019076322859137518e-02
1.886520043008696190e-01
-1.635639841729610577e-01
-9.162139996733330294e-02
-2.165954750033244336e-02
-2.844885156439194360e-02
1.379793977354256684e-01
1.053218326384613435e-01
6.231988183281320830e-04
-1.843420691993927496e-01
9.526739604549466778e-02
-1.060368222181146403e-01
3.843381580137951448e-02
5.252092868058301327e-03
9.365771233594753775e-02
7.983719071525721689e-02
-3.566784804565463485e-02
2.381753426594897336e-03
-1.027882609002774839e-01
8.232052074231629643e-03
-6.700112742986280567e-02
8.099736955447860154e-02
5.872162090914770718e-03
-5.216910226591450761e-02
8.364749015577854774e-02
-1.143157296190759273e-02
1.070414073241050673e-01
7.300294433988079035e-02
2.706412761440977754e-01
7.663543432513142406e-02
2.297335580394830323e-01
4.289274399205595528e-02
-3.943388825411887899e-02
2.861912745103816214e-01
6.126653491923103600e-02
8.449646864828562476e-02
4.940162285572136103e-02
2.905965567632549651e-01
3.255125627377534331e-02
1.572488806005529760e-01
3.466489795824028164e-01
-1.303371132410779121e-01
-1.832304796589780821e-02
-3.203188119338748474e-02
1.501192010532502730e-01
4.219065946909260345e-02
6.991648821453526341e-03
5.354791130940984856e-02
-1.531712254643382426e-02
1.264609384743626240e-02
-5.318563347512269938e-03
9.007366036018919775e-02
-2.207304650279316993e-01
1.055398564680070927e-01
1.378732860535399618e-01
5.973409928917253501e-04
-1.577366851294344507e-01
-3.699448226801978906e-02
8.703295400414993999e-02
1.743557235645202055e-02
-2.805757162916176425e-02
5.944745342179691416e-02
7.167846493295283727e-02
-4.380539709548030708e-02
-2.080833959594803953e-02
-4.421815551914275166e-02
-8.265774323691155168e-02
6.991362382836256717e-02
9.572200114206175225e-02
-9.984916980855229607e-02
9.498068543868301572e-02
4.346588725190815572e-02
-1.396767349691894755e-01
5.590242407116979145e-02
5.596277433517821143e-02
-5.992011259060119749e-02
-4.244319133595487840e-03
2.674003843093092914e-01
-2.972351807792089629e-01
-7.774640640335363229e-02
6.624294191804500076e-02
2.015058420690385432e-02
-4.358090050338639387e-02
1.404999538885553512e-01
-1.606118829793511671e-01
1.961956749953136236e-01
-1.610837680840093433e-01
5.424755726735661782e-02
-4.340359564126073516e-02
8.206730507255081963e-02
-1.226049631190131023e-01
1.132303978198648114e-01
-4.069135574958253343e-02
9.247434431248666153e-02
-2.906655202861472588e-03
-2.664243081127742330e-01
1.230710938435877339e-01
1.230710938435877339e-01
