3.292500000000000000e+03
-1.584999999999999545e+03
-1.710000000000000000e+03
3.294999999999997726e+03
-2.317499999999996817e+03
3.674999999999997158e+02
6.074999999999937472e+02
3.675000000000032401e+02
-8.549999999999948841e+02
-7.993605777301120629e-12
2.500000000011051160e+00
1.339999999999984993e+03
-1.342499999999983174e+03
-2.220446049250311142e-11
1.342500000000018645e+03
-2.317499999999995453e+03
2.804999999999971806e+03
-2.317499999999979536e+03
4.874999999999878355e+02
-4.874999999999878355e+02
-4.875000000000216005e+02
1.462500000000014779e+03
-2.314999999999993179e+03
1.705000000000009322e+03
3.782499999999969077e+03
-1.339999999999977717e+03
-3.785000000000017735e+03
4.272500000000032742e+03
-2.930000000000056843e+03
-2.424999999999612612e+02
7.324999999999956799e+02
-8.549999999999934062e+02
9.750000000000023874e+02
8.549999999999654392e+02
-9.750000000000063665e+02
6.075000000000462705e+02
-1.462500000000003411e+03
4.875000000000011937e+02
-1.200000000000088818e+02
-2.449999999999945715e+02
-1.225000000000252527e+02
1.829999999999997499e+03
-2.319999999999975444e+03
1.832499999999983629e+03
-1.219999999999996817e+03
2.072499999999973625e+03
-2.194999999999971351e+03
4.899999999999899956e+02
-4.899999999999899956e+02
9.749999999999712372e+02
-1.462499999999981583e+03
9.750000000000014779e+02
1.342499999999994088e+03
-4.875000000000282512e+02
-1.709999999999986812e+03
-1.199999999999529336e+02
1.464999999999936335e+03
-3.052500000000005457e+03
1.587500000000080036e+03
8.524999999999211013e+02
-1.584999999999944293e+03
2.317500000000023647e+03
1.224999999999693046e+02
-8.525000000000321734e+02
-2.499999999960420549e+00
2.500000000016375790e+00
4.849999999999563443e+02
3.675000000000198384e+02
4.874999999999736247e+02
2.499999999963529174e+00
-1.467499999999920192e+03
9.774999999999627107e+02
-8.525000000000321734e+02
4.850000000000123350e+02
1.222500000000013188e+03
-9.774999999999627107e+02
3.674999999999647571e+02
-2.500000000016375790e+00
4.900000000000446221e+02
-8.550000000000489990e+02
-7.299999999999508873e+02
8.524999999999211013e+02
-1.219999999999941792e+03
3.650000000000043201e+02
2.807499999999980901e+03
-2.197500000000013188e+03
6.124999999999593001e+02
2.425000000000337081e+02
3.650000000000038654e+02
4.899999999999895408e+02
-1.222500000000012733e+03
9.775000000000178488e+02
-6.099999999999984084e+02
1.464999999999991360e+03
-1.099999999999987494e+03
8.549999999999929514e+02
-1.225000000000252527e+02
2.450000000000505054e+02
1.097499999999971351e+03
-1.462500000000030695e+03
1.217500000000015689e+03
7.325000000000541149e+02
-4.875000000000287059e+02
2.449999999999947704e+02
3.650000000000035243e+02
4.874999999999731699e+02
1.225000000000251532e+02
1.225000000000251532e+02
7.299999999999515694e+02
1.250000000000415241e+02
3.649999999999481588e+02
-2.499999999960864638e+00
-4.850000000000124487e+02
1.200000000000087681e+02
3.675000000000200657e+02
1.224999999999695177e+02
-1.224999999999508731e+02
3.649999999999343459e+02
-1.224999999999695177e+02
6.125000000000147793e+02
-6.125000000000147793e+02
3.674999999999643023e+02
5.551115123125777532e-11
-2.500000000016375790e+00
2.499999999960864638e+00
2.450000000000505054e+02
-2.500000000016375790e+00
0.000000000000000000e+00
-2.425000000000341345e+02
2.450000000000505054e+02
-1.250000000000416378e+02
4.900000000000450768e+02
-7.325000000000235332e+02
2.449999999999947704e+02
-2.499999999960864638e+00
-3.650000000000591740e+02
6.125000000000145519e+02
-2.474999999999554348e+02
2.499999999960864638e+00
3.650000000000713953e+02
-1.225000000000966054e+02
-3.649999999999479314e+02
-6.100000000000537739e+02
8.525000000000324007e+02
-2.424999999999786269e+02
6.099999999999984084e+02
-7.325000000000235332e+02
2.424999999999783995e+02
1.250000000000416378e+02
-3.675000000000200657e+02
-2.449999999999947704e+02
6.099999999999984084e+02
-3.650000000000036380e+02
-1.200000000000088818e+02
4.850000000000125624e+02
-1.200000000000088818e+02
2.424999999999781721e+02
1.225000000000252527e+02
-3.674999999999643023e+02
-2.425000000000339071e+02
1.224999999999695177e+02
1.225000000000807745e+02
-2.450000000000503064e+02
-1.225000000000252527e+02
1.225000000000252527e+02
-3.650000000000036380e+02
4.850000000000123350e+02
-2.400000000000175362e+02
-2.499999999960864638e+00
7.324999999999679403e+02
8.525000000000680984e+02
-1.095000000000076625e+03
-2.500000000016375790e+00
2.499999999960864638e+00
-7.349999999999290594e+02
2.449999999999392628e+02
1.225000000000252527e+02
-7.299999999999515694e+02
1.199999999999531468e+02
4.874999999999731699e+02
-2.449999999999947704e+02
4.900000000000450768e+02
-7.325000000000235332e+02
8.549999999999931788e+02
1.200000000000088818e+02
-6.074999999999820375e+02
1.199999999999531468e+02
1.225000000000252527e+02
0.000000000000000000e+00
1.225000000000250395e+02
-4.900000000000450768e+02
-2.424999999999783995e+02
0.000000000000000000e+00
6.099999999999984084e+02
0.000000000000000000e+00
1.225000000000250395e+02
0.000000000000000000e+00
-7.325000000000235332e+02
-1.225000000000250395e+02
5.551115123125777532e-11
8.549999999999374722e+02
-1.224999999999695177e+02
1.225000000000792113e+02
-2.450000000001112710e+02
-7.324999999999679403e+02
1.249999999999861160e+02
8.500000000000158025e+02
-3.624999999999870397e+02
1.199999999999531468e+02
-7.324999999999679403e+02
1.249999999999861160e+02
-2.474999999999557474e+02
3.674999999999644160e+02
1.224999999999697451e+02
3.650000000000589466e+02
-7.300000000000070486e+02
6.074999999999820375e+02
-4.875000000000287059e+02
-1.199999999999533742e+02
3.624999999999317879e+02
3.700000000000916884e+02
-2.475000000000666773e+02
1.250000000000416378e+02
3.624999999999870397e+02
-2.400000000000175362e+02
-7.349999999999843112e+02
0.000000000000000000e+00
7.349999999999843112e+02
-6.125000000000145519e+02
3.650000000000312070e+02
-1.199999999999809006e+02
2.449999999999670308e+02
-4.899999999999895408e+02
3.650000000000440536e+02
2.499999999948055329e+00
-3.674999999999920419e+02
6.099999999999981810e+02
-7.300000000000070486e+02
-2.499999999988620214e+00
1.224999999999974989e+02
9.774999999999905640e+02
-3.674999999999922693e+02
1.224999999999974989e+02
-3.650000000000036380e+02
-1.224999999999695177e+02
-4.900000000000451905e+02
-3.649999999999757847e+02
4.900000000000173372e+02
-2.500000000044131365e+00
-1.199999999999532605e+02
1.199999999999532605e+02
-1.199999999999532605e+02
-3.675000000000199520e+02
2.449999999999947704e+02
2.425000000000061675e+02
-3.650000000000035243e+02
6.099999999999982947e+02
0.000000000000000000e+00
2.449999999999947704e+02
-7.324999999999956799e+02
9.750000000000019327e+02
-4.875000000000009663e+02
-3.674999999999921556e+02
8.574999999999816964e+02
-7.349999999999843112e+02
0.000000000000000000e+00
6.124999999999870397e+02
-4.899999999999895408e+02
0.000000000000000000e+00
-1.200000000000088818e+02
3.625000000000150635e+02
3.699999999999806732e+02
-2.474999999999834017e+02
-8.525000000000045475e+02
2.449999999999947704e+02
3.650000000000313207e+02
-3.675000000000476916e+02
-3.624999999999594138e+02
6.074999999999820375e+02
0.000000000000000000e+00
-3.649999999999630518e+02
-3.675000000000532054e+02
-3.650000000000035243e+02
9.774999999999905640e+02
1.200000000000088818e+02
-6.099999999999984084e+02
4.875000000000009663e+02
-2.425000000000061675e+02
-2.449999999999947704e+02
3.674999999999921556e+02
-1.224999999999973852e+02
-2.449999999999947704e+02
3.674999999999921556e+02
-3.674999999999921556e+02
1.224999999999973852e+02
2.425000000000061675e+02
-2.425000000000061675e+02
0.000000000000000000e+00
2.449999999999947704e+02
-2.449999999999947704e+02
-2.449999999999947704e+02
8.549999999999930651e+02
-7.300000000000070486e+02
-1.249999999999860165e+02
1.224999999999973852e+02
3.674999999999921556e+02
-3.674999999999921556e+02
0.000000000000000000e+00
2.449999999999947704e+02
-1.224999999999973852e+02
0.000000000000000000e+00
-3.650000000000035243e+02
2.425000000000061675e+02
0.000000000000000000e+00
-3.650000000000035243e+02
4.875000000000009663e+02
-2.449999999999947704e+02
2.499999999988620214e+00
-2.499999999988620214e+00
1.224999999999973852e+02
2.449999999999947704e+02
-1.224999999999973852e+02
-2.449999999999947704e+02
-1.200000000000087681e+02
2.425000000000061675e+02
1.224999999999973852e+02
-4.875000000000009663e+02
3.650000000000035243e+02
-1.199999999999810143e+02
-3.675000000000199520e+02
6.099999999999982947e+02
-3.675000000000199520e+02
2.500000000044131365e+00
1.199999999999532605e+02
-3.649999999999757847e+02
6.099999999999982947e+02
-2.424999999999783995e+02
-2.475000000000389093e+02
2.475000000000389093e+02
-2.500000000016375790e+00
-1.200000000000087681e+02
-2.500000000016375790e+00
-1.199999999999464535e+02
1.224999999999696314e+02
1.200000000000087681e+02
-2.425000000000061675e+02
2.425000000000061675e+02
-1.200000000000087681e+02
0.000000000000000000e+00
-2.449999999999947704e+02
-2.449999999999947704e+02
2.449999999999947704e+02
1.224999999999973852e+02
-1.224999999999973852e+02
1.224999999999973852e+02
-2.499999999988620214e+00
1.249999999999860165e+02
-1.224999999999973852e+02
-2.449999999999947704e+02
3.674999999999921556e+02
-3.674999999999921556e+02
0.000000000000000000e+00
1.224999999999973852e+02
-1.224999999999973852e+02
2.449999999999947704e+02
1.224999999999973852e+02
-1.249999999999860165e+02
-2.400000000000175362e+02
-1.249999999999860165e+02
4.899999999999895408e+02
-2.449999999999947704e+02
0.000000000000000000e+00
0.000000000000000000e+00
-1.224999999999973852e+02
-8.549999999999930651e+02
6.124999999999869260e+02
8.525000000000045475e+02
-6.099999999999982947e+02
-1.200000000000087681e+02
-4.899999999999895408e+02
7.324999999999956799e+02
-2.450000000000225384e+02
1.250000000000415241e+02
-2.500000000016375790e+00
-2.450000000000225384e+02
-1.199999999999532605e+02
4.874999999999731699e+02
-2.425000000000061675e+02
-2.499999999988620214e+00
1.224999999999696314e+02
1.225000000000251532e+02
-1.224999999999973852e+02
-8.524999999999766942e+02
6.099999999999705551e+02
-1.250000000000137703e+02
2.475000000000389093e+02
-2.500000000044131365e+00
1.225000000000251532e+02
1.224999999999973852e+02
-4.875000000000009663e+02
0.000000000000000000e+00
1.220000000000024329e+03
-1.220000000000024329e+03
-1.224999999999973852e+02
0.000000000000000000e+00
2.424999999999579643e+02
-1.199999999999672440e+02
0.000000000000000000e+00
2.775557561562888766e-11
-2.500000000044131365e+00
1.250000000000137703e+02
1.200000000000087681e+02
-8.525000000000046612e+02
1.219999999999996817e+03
-6.099999999999982947e+02
0.000000000000000000e+00
1.200000000000087681e+02
-2.425000000000061675e+02
1.224999999999973852e+02
-2.449999999999947704e+02
3.674999999999921556e+02
-2.499999999988620214e+00
-3.625000000000149498e+02
4.850000000000123350e+02
-4.875000000000009663e+02
-1.200000000000087681e+02
1.200000000000087681e+02
0.000000000000000000e+00
-1.224999999999973852e+02
2.499999999988620214e+00
-1.249999999999860165e+02
3.674999999999921556e+02
1.224999999999973852e+02
-6.099999999999984084e+02
0.000000000000000000e+00
3.650000000000036380e+02
0.000000000000000000e+00
-1.200000000000087681e+02
-2.474999999999835154e+02
3.699999999999809006e+02
-1.249999999999860165e+02
-2.425000000000062812e+02
4.875000000000010800e+02
-1.224999999999973852e+02
-2.775557561562888766e-11
2.775557561562888766e-11
2.500000000016375790e+00
1.459999999999958618e+03
-1.459999999999958618e+03
3.624999999999594138e+02
7.350000000000399041e+02
-1.100000000000015461e+03
-1.097500000000027057e+03
7.325000000000512728e+02
-1.225000000000527933e+02
1.200000000000364082e+02
7.349999999999844249e+02
0.000000000000000000e+00
-1.249999999999860165e+02
-1.200000000000087681e+02
-1.200000000000087681e+02
-2.499999999988620214e+00
1.224999999999973852e+02
-2.449999999999947704e+02
2.449999999999947704e+02
-4.875000000000010800e+02
2.425000000000062812e+02
-2.425000000000671037e+02
3.650000000000847535e+02
-2.425000000000061675e+02
-1.224999999999974989e+02
-2.449999999999947704e+02
2.449999999999947704e+02
6.099999999999984084e+02
-4.899999999999895408e+02
2.499999999988620214e+00
2.425000000000061675e+02
-3.650000000000036380e+02
0.000000000000000000e+00
-2.500000000016375790e+00
2.500000000044131365e+00
-3.650000000000312070e+02
2.425000000000061675e+02
0.000000000000000000e+00
0.000000000000000000e+00
-1.225000000000252527e+02
-2.449999999999670308e+02
6.124999999999870397e+02
0.000000000000000000e+00
-2.449999999999947704e+02
-4.899999999999895408e+02
7.349999999999843112e+02
-1.224999999999974989e+02
-1.224999999999972857e+02
-2.449999999999947704e+02
4.899999999999895408e+02
-3.674999999999922693e+02
2.449999999999947704e+02
-2.449999999999947704e+02
0.000000000000000000e+00
-3.650000000000034674e+02
3.650000000000034674e+02
-2.425000000000061675e+02
2.425000000000061675e+02
1.224999999999974989e+02
-1.225000000000252527e+02
1.225000000000252527e+02
0.000000000000000000e+00
0.000000000000000000e+00
-2.424999999999783995e+02
-2.500000000016375790e+00
0.000000000000000000e+00
-1.200000000000088818e+02
2.424999999999783995e+02
1.225000000000252527e+02
-1.225000000000252527e+02
-1.199999999999531468e+02
-2.449999999999947704e+02
3.649999999999479314e+02
1.225000000000252527e+02
-2.449999999999947704e+02
-2.425000000000339071e+02
1.225000000000250395e+02
-2.499999999960864638e+00
3.674999999999645297e+02
-2.425000000000339071e+02
4.850000000000678142e+02
-7.300000000000626414e+02
5.551115123125777532e-11
-5.551115123125777532e-11
-4.899999999999342890e+02
6.124999999999593001e+02
-1.225000000000250395e+02
4.875000000000287059e+02
-4.899999999999895408e+02
3.699999999999806732e+02
-4.899999999999895408e+02
1.200000000000088818e+02
2.499999999960864638e+00
4.875000000000287059e+02
-6.099999999999984084e+02
0.000000000000000000e+00
4.875000000000287059e+02
2.499999999960864638e+00
-2.500000000016375790e+00
-3.649999999999479314e+02
-4.900000000000453042e+02
6.125000000000147793e+02
-1.224999999999695177e+02
-1.225000000000252527e+02
-4.900000000000448495e+02
8.575000000000649152e+02
-1.250000000000416378e+02
-3.624999999999315605e+02
-3.700000000000916884e+02
3.700000000000916884e+02
1.199999999998976392e+02
4.875000000000841851e+02
-7.325000000000235332e+02
3.674999999999645297e+02
5.551115123125777532e-11
-4.900000000002891056e+02
2.500000000260458322e+00
7.300000000000072760e+02
-2.424999999999783995e+02
-3.650000000000591740e+02
2.425000000000339071e+02
0.000000000000000000e+00
7.300000000000070486e+02
-1.095000000000010687e+03
4.875000000000289333e+02
-1.225000000000807745e+02
-1.224999999999140101e+02
3.674999999999643023e+02
-8.549999999999929514e+02
7.300000000000070486e+02
-4.850000000000125624e+02
4.874999999999733973e+02
-2.449999999999392628e+02
-5.551115123125777532e-11
-1.199999999999533742e+02
4.849999999999567990e+02
1.250000000000416378e+02
-8.575000000000649152e+02
2.475000000000664500e+02
-2.449999999999945715e+02
3.649999999999479314e+02
6.099999999999981810e+02
-2.424999999999783995e+02
-4.899999999999895408e+02
-1.200000000000088818e+02
3.650000000000036380e+02
2.425000000000339071e+02
-4.850000000000678142e+02
3.625000000000428031e+02
-3.624999999999872671e+02
7.299999999999515694e+02
-6.099999999999427018e+02
4.899999999999340616e+02
-6.124999999999593001e+02
4.899999999999895408e+02
-6.125000000000147793e+02
8.550000000000487717e+02
-4.875000000000287059e+02
1.224999999999697451e+02
-1.224999999999697451e+02
4.875000000000287059e+02
-3.650000000000589466e+02
2.450000000000503064e+02
-2.500000000016375790e+00
1.224999999999695177e+02
5.551115123125777532e-11
2.499999999960864638e+00
1.200000000000088818e+02
-3.675000000000200657e+02
7.350000000000400178e+02
-2.500000000016375790e+00
-3.650000000000035243e+02
0.000000000000000000e+00
-1.225000000000252527e+02
7.325000000000236469e+02
0.000000000000000000e+00
0.000000000000000000e+00
2.449999999999947704e+02
2.425000000000339071e+02
2.449999999999392628e+02
-7.324999999999679403e+02
2.424999999999783995e+02
7.350000000000399041e+02
-3.675000000000199520e+02
1.225000000000251532e+02
-2.500000000071886941e+00
6.125000000000702585e+02
-2.450000000000503064e+02
-3.649999999999480451e+02
6.099999999999982947e+02
-1.225000000000251532e+02
0.000000000000000000e+00
-1.225000000000251532e+02
4.900000000000450768e+02
-1.250000000000415241e+02
2.500000000016375790e+00
1.200000000000087681e+02
1.225000000000252527e+02
-4.875000000000288196e+02
8.549999999999930651e+02
-2.449999999999947704e+02
-3.650000000000035243e+02
2.424999999999785132e+02
2.450000000000503064e+02
-3.675000000000200657e+02
0.000000000000000000e+00
3.674999999999645297e+02
5.551115123125777532e-11
1.224999999999695177e+02
-2.449999999999947704e+02
2.424999999999783995e+02
-2.424999999999783995e+02
-3.649999999999480451e+02
6.074999999999264446e+02
-2.424999999999783995e+02
4.899999999999895408e+02
-7.349999999999843112e+02
6.099999999999984084e+02
-2.424999999999783995e+02
1.224999999999695177e+02
-2.449999999999947704e+02
-2.449999999999947704e+02
1.224999999999697451e+02
1.225000000000250395e+02
-1.200000000000086544e+02
-1.249999999999861160e+02
4.899999999999895408e+02
-2.449999999999947704e+02
2.425000000000339071e+02
-1.200000000000641762e+02
-3.674999999999645297e+02
1.249999999999861160e+02
3.625000000000425757e+02
-2.425000000000339071e+02
3.675000000000200657e+02
-1.250000000000416378e+02
-3.650000000000034674e+02
-1.199999999999533742e+02
4.849999999999567990e+02
-3.624999999999315605e+02
-1.249999999999333937e+02
2.449999999999137401e+02
-1.225000000000250395e+02
1.225000000000250395e+02
1.225000000000252527e+02
-4.875000000000288196e+02
3.650000000000035243e+02
2.424999999999783995e+02
-3.649999999999479314e+02
-1.200000000000643894e+02
4.850000000000678142e+02
-4.850000000000678142e+02
2.425000000000339071e+02
-1.224999999999695177e+02
-1.225000000000252527e+02
1.249999999999861160e+02
-2.500000000016375790e+00
1.225000000000250395e+02
0.000000000000000000e+00
-1.224999999999695177e+02
-2.425000000000340208e+02
1.200000000000087681e+02
-3.650000000000035243e+02
6.099999999999982947e+02
-4.874999999999731699e+02
6.099999999999429292e+02
-1.224999999999697451e+02
-2.449999999999947704e+02
-3.650000000000035243e+02
6.099999999999982947e+02
-3.650000000000035243e+02
-1.249999999999860165e+02
2.475000000000111697e+02
-2.500000000016375790e+00
-1.200000000000087681e+02
-2.449999999999947704e+02
-1.225000000000251532e+02
7.325000000000235332e+02
-2.449999999999947704e+02
-2.424999999999783995e+02
1.224999999999696314e+02
-4.899999999999895408e+02
4.899999999999895408e+02
-1.225000000000251532e+02
-1.224999999999696314e+02
1.200000000000087681e+02
-1.200000000000087681e+02
-1.200000000000087681e+02
2.400000000000175362e+02
2.500000000016375790e+00
-3.650000000000590603e+02
2.425000000000339071e+02
1.200000000000087681e+02
2.500000000016375790e+00
3.649999999999481588e+02
-4.874999999999732836e+02
-2.424999999999783995e+02
1.199999999999532605e+02
1.225000000000251532e+02
-2.449999999999947704e+02
1.250000000000415241e+02
4.849999999999013198e+02
-4.874999999999176907e+02
1.224999999999696314e+02
-2.424999999999783995e+02
4.849999999999567990e+02
1.250000000000415241e+02
-8.575000000000650289e+02
2.475000000000666773e+02
4.849999999999567990e+02
-2.424999999999783995e+02
0.000000000000000000e+00
-1.199999999999532605e+02
4.849999999999567990e+02
-3.650000000000035243e+02
-1.225000000000251532e+02
1.225000000000251532e+02
1.225000000000251532e+02
-3.675000000000199520e+02
-1.200000000000087681e+02
4.874999999999731699e+02
-3.674999999999644160e+02
-2.424999999999783995e+02
4.874999999999731699e+02
-3.650000000000035243e+02
2.424999999999783995e+02
3.650000000000590603e+02
-3.625000000000426894e+02
-1.249999999999860165e+02
-6.099999999999982947e+02
7.349999999999843112e+02
-2.500000000016375790e+00
-2.449999999999392628e+02
-1.200000000000642757e+02
1.225000000000251532e+02
-1.224999999999696314e+02
1.199999999999532605e+02
3.675000000000199520e+02
1.225000000000251532e+02
-2.450000000000503064e+02
5.551115123125777532e-11
-2.425000000000339071e+02
-2.449999999999947704e+02
-1.225000000000251532e+02
3.675000000000199520e+02
-2.499999999960864638e+00
-2.425000000000339071e+02
-1.200000000000087681e+02
6.074999999999819238e+02
-3.649999999999480451e+02
7.299999999999515694e+02
-2.424999999999783995e+02
-3.650000000000035243e+02
2.425000000000339071e+02
-6.100000000000538876e+02
3.675000000000199520e+02
-2.449999999999947704e+02
2.425000000000339071e+02
-1.200000000000642757e+02
5.551115123125777532e-11
-1.225000000000251532e+02
-2.449999999999947704e+02
2.449999999999947704e+02
0.000000000000000000e+00
0.000000000000000000e+00
0.000000000000000000e+00
0.000000000000000000e+00
-1.200000000000087681e+02
2.400000000000175362e+02
-1.200000000000087681e+02
0.000000000000000000e+00
-1.200000000000087681e+02
-2.500000000016375790e+00
1.225000000000251532e+02
1.225000000000251532e+02
-2.500000000016375790e+00
-1.200000000000087681e+02
-2.425000000000339071e+02
-1.249999999999304947e+02
4.899999999999340616e+02
-6.099999999999428155e+02
-2.450000000000503064e+02
3.675000000000199520e+02
1.200000000000087681e+02
-3.650000000000035243e+02
1.225000000000251532e+02
3.649999999999480451e+02
5.551115123125777532e-11
-2.425000000000339071e+02
0.000000000000000000e+00
2.424999999999783995e+02
-2.449999999999392628e+02
1.249999999999304947e+02
2.425000000000339071e+02
0.000000000000000000e+00
-3.674999999999644160e+02
2.499999999960864638e+00
-2.449999999999947704e+02
2.449999999999947704e+02
2.424999999999783995e+02
1.225000000000251532e+02
-7.324999999999679403e+02
6.099999999999428155e+02
-2.424999999999783995e+02
2.425000000000339071e+02
-3.650000000000590603e+02
1.200000000000642757e+02
1.249999999999304947e+02
-1.249999999999304947e+02
1.249999999999304947e+02
-2.449999999999392628e+02
1.199999999999532605e+02
3.675000000000199520e+02
-4.874999999999731699e+02
2.424999999999783995e+02
-2.425000000000339071e+02
-1.224999999999696314e+02
0.000000000000000000e+00
3.675000000000199520e+02
-3.675000000000199520e+02
2.424999999999783995e+02
1.250000000000415241e+02
-1.250000000000415241e+02
2.500000000016375790e+00
2.425000000000339071e+02
-6.100000000000538876e+02
2.450000000000503064e+02
-1.225000000000251532e+02
0.000000000000000000e+00
0.000000000000000000e+00
2.449999999999947704e+02
-3.675000000000199520e+02
1.225000000000251532e+02
-1.225000000000251532e+02
5.551115123125777532e-11
-2.425000000000339071e+02
4.875000000000287059e+02
-4.900000000000450768e+02
-1.200000000000088818e+02
3.650000000000591740e+02
-3.650000000000591740e+02
2.425000000000340208e+02
-2.424999999999785132e+02
-1.225000000000250395e+02
6.099999999999982947e+02
0.000000000000000000e+00
0.000000000000000000e+00
1.224999999999696314e+02
-3.674999999999644160e+02
-1.200000000000087681e+02
0.000000000000000000e+00
4.850000000000123350e+02
-1.200000000000087681e+02
-1.200000000000087681e+02
-2.499999999960864638e+00
2.449999999999392628e+02
-2.449999999999392628e+02
1.224999999999696314e+02
-3.675000000000199520e+02
3.675000000000199520e+02
2.449999999999947704e+02
1.200000000000087681e+02
-1.200000000000087681e+02
-2.449999999999947704e+02
-2.449999999999947704e+02
-2.424999999999785132e+02
1.224999999999697451e+02
1.200000000000087681e+02
2.449999999999947704e+02
-7.325000000000236469e+02
4.900000000000451905e+02
3.649999999999480451e+02
-4.899999999999895408e+02
1.250000000000415241e+02
-1.250000000000415241e+02
-1.199999999999533742e+02
2.424999999999785132e+02
-1.200000000000087681e+02
0.000000000000000000e+00
3.650000000000035243e+02
-4.899999999999896545e+02
-1.200000000000086544e+02
1.224999999999695177e+02
-1.224999999999695177e+02
3.675000000000199520e+02
-3.675000000000199520e+02
0.000000000000000000e+00
1.200000000000086544e+02
-1.200000000000086544e+02
-1.200000000000088818e+02
2.399999999998954081e+02
2.475000000001053593e+02
-2.499999999960864638e+00
-3.650000000000035243e+02
0.000000000000000000e+00
1.225000000000250395e+02
-1.225000000000250395e+02
3.649999999999480451e+02
-2.424999999999230056e+02
2.449999999999948841e+02
-1.250000000000415241e+02
2.500000000016375790e+00
-2.449999999999947704e+02
-2.449999999999947704e+02
4.899999999999895408e+02
-3.675000000000200657e+02
3.675000000000200657e+02
-2.499999999960864638e+00
-3.650000000000591740e+02
6.125000000000147793e+02
-3.699999999999809006e+02
2.500000000016375790e+00
1.224999999999697451e+02
1.200000000000087681e+02
-2.425000000000340208e+02
2.425000000000340208e+02
-3.650000000000035243e+02
2.449999999999947704e+02
-2.449999999999947704e+02
3.650000000000035243e+02
-6.074999999999819238e+02
2.424999999999783995e+02
2.424999999999783995e+02
-3.624999999999872671e+02
6.075000000000376303e+02
-2.450000000000503064e+02
2.500000000016375790e+00
-2.449999999999947704e+02
7.325000000000235332e+02
-3.675000000000754312e+02
2.500000000071886941e+00
1.199999999999532605e+02
1.225000000000251532e+02
1.225000000000251532e+02
-3.675000000000199520e+02
0.000000000000000000e+00
-2.425000000000340208e+02
2.450000000000503917e+02
-1.250000000000415241e+02
1.250000000000415241e+02
1.199999999999532605e+02
1.225000000000251532e+02
1.225000000000251532e+02
-2.450000000000503064e+02
4.875000000000287059e+02
2.449999999999947704e+02
-1.224999999999696314e+02
-6.075000000000375167e+02
6.074999999999819238e+02
3.650000000000590603e+02
-4.850000000000678142e+02
-1.249999999999304947e+02
2.499999999960864638e+00
6.100000000000255795e+02
-1.250000000000404157e+02
2.499999999987509991e+00
1.224999999999979394e+02
4.875000000000831619e+02
1.199999999997906173e+02
2.500000000205613304e+00
-1.225000000001594316e+02
-6.124999999998520934e+02
-1.200000000000354134e+02
9.774999999999628244e+02
-2.500000000177968751e+00
-4.874999999997567102e+02
2.449999999998310898e+02
-1.224999999998070450e+02
-1.354472090042840130e-10
-2.424999999998429701e+02
-2.500000000097977182e+00
4.900000000000705995e+02
-2.450000000001846274e+02
1.354472090042539502e-10
-3.675000000001553531e+02
4.900000000000989644e+02
-2.450000000002129923e+02
4.900000000001533635e+02
-7.350000000002569323e+02
7.350000000000936780e+02
-3.675000000002370371e+02
1.354472090042539502e-10
-1.225000000001050893e+02
1.225000000000778755e+02
6.099999999998628937e+02
-3.674999999997489795e+02
-2.425000000001677449e+02
4.900000000001251124e+02
-3.700000000002251568e+02
-3.624999999998250928e+02
1.199999999998716618e+02
2.450000000001585931e+02
2.424999999998157136e+02
-4.874999999998121893e+02
4.899999999999369038e+02
1.200000000001702034e+02
-4.875000000002168008e+02
4.875000000001641070e+02
-1.200000000003078640e+02
-7.349999999997118039e+02
6.124999999999054126e+02
-4.899999999997997406e+02
3.674999999998834141e+02
4.875000000001912781e+02
-7.325000000002389697e+02
3.675000000000726459e+02
1.199999999998189253e+02
-4.874999999998121893e+02
6.124999999999065494e+02
-7.349999999997402256e+02
2.449999999999137401e+02
-1.224999999998341877e+02
3.674999999998561862e+02
2.425000000001681997e+02
-2.425000000001665228e+02
-1.249999999999071889e+02
-2.400000000000686100e+02
3.625000000000405294e+02
-2.425000000001677449e+02
-1.224999999998896953e+02
2.449999999999421050e+02
-2.449999999998877058e+02
1.224999999999168949e+02
1.354472090042539502e-10
1.224999999998897522e+02
-2.449999999998877058e+02
1.224999999999724167e+02
7.993605777300232702e-11
-1.354472090042840130e-10
2.450000000001302283e+02
-1.225000000002149392e+02
-3.674999999998018438e+02
1.224999999999440945e+02
1.225000000000778755e+02
1.224999999998342446e+02
-1.224999999998070450e+02
-1.354472090042840130e-10
-2.424999999998429701e+02
-2.500000000097977182e+00
2.450000000000758291e+02
-1.225000000001605969e+02
1.225000000001333973e+02
-1.225000000001050893e+02
1.225000000000778755e+02
-1.200000000001442118e+02
1.200000000001175664e+02
-1.354472090042840130e-10
-4.899999999998541398e+02
3.699999999999541274e+02
-2.499999999907573933e+00
-1.225000000000778755e+02
2.450000000000758291e+02
-1.225000000001050893e+02
-2.424999999999256772e+02
1.199999999999543689e+02
1.250000000000670610e+02
-3.700000000000895852e+02
2.474999999999822933e+02
-2.500000000042466031e+00
-1.199999999999277236e+02
1.199999999999543689e+02
3.675000000001010108e+02
-4.875000000001913918e+02
-2.499999999961974861e+00
2.499999999962529973e+00
2.425000000000883063e+02
-2.425000000001421654e+02
-1.249999999999316174e+02
1.249999999999593712e+02
-1.224999999999707399e+02
2.425000000000067075e+02
2.500000000097422070e+00
-2.500000000097977182e+00
-2.424999999999528768e+02
2.425000000000067075e+02
-1.199999999999277236e+02
-2.500000000015265567e+00
-1.200000000000104308e+02
5.551115123126394040e-11
-1.225000000000523528e+02
-1.225000000000251532e+02
3.675000000000471232e+02
-2.449999999999403713e+02
0.000000000000000000e+00
-1.224999999999696314e+02
3.674999999999916440e+02
-3.674999999999655529e+02
-2.449999999999120632e+02
8.574999999998724434e+02
-4.900000000000983391e+02
2.424999999999783995e+02
-4.850000000000106866e+02
1.199999999998994156e+02
1.225000000000523528e+02
2.425000000000339071e+02
-2.425000000000877662e+02
1.224999999999696314e+02
-2.449999999999664624e+02
3.674999999999372449e+02
-3.675000000000743512e+02
1.224999999999979394e+02
0.000000000000000000e+00
1.225000000000251532e+02
-2.450000000000775060e+02
1.224999999999979394e+02
0.000000000000000000e+00
0.000000000000000000e+00
0.000000000000000000e+00
1.225000000000251532e+02
-2.450000000000775060e+02
2.831068712793832200e-11
-1.200000000000370761e+02
3.650000000000052296e+02
-3.675000000000471232e+02
2.449999999999403713e+02
-1.225000000000251532e+02
1.224999999999979394e+02
0.000000000000000000e+00
0.000000000000000000e+00
0.000000000000000000e+00
-4.874999999999731699e+02
1.225000000000778755e+02
2.424999999998973692e+02
-1.224999999999424318e+02
1.224999999999707399e+02
-1.200000000000370761e+02
1.200000000000104308e+02
-2.831068712794460986e-11
-2.425000000000055991e+02
2.425000000001149658e+02
-1.225000000000523528e+02
2.450000000000491696e+02
-2.425000000000339071e+02
-1.249999999998766498e+02
2.474999999998740350e+02
-2.499999999989730437e+00
-1.224999999999968310e+02
-3.649999999999491251e+02
3.674999999998844942e+02
-4.899999999999913030e+02
2.449999999998877058e+02
-2.499999999908129045e+00
2.499999999852062782e+00
1.225000000001333973e+02
-2.500000000041910919e+00
-1.199999999999826770e+02
-5.273559366968903555e-11
2.425000000000866578e+02
-3.650000000000579803e+02
2.450000000001302283e+02
-2.450000000000758291e+02
2.450000000001302283e+02
1.199999999999277236e+02
-1.199999999999543689e+02
-1.250000000000670610e+02
2.500000000069666495e+00
-5.273559366968903555e-11
-3.674999999999116653e+02
2.449999999998049418e+02
-1.199999999998733244e+02
2.399999999998554472e+02
1.250000000000948148e+02
-2.450000000000758291e+02
1.354472090042840130e-10
-3.650000000001389822e+02
4.850000000002287948e+02
2.499999999852062782e+00
2.450000000001585363e+02
-2.500000000070221606e+00
-4.874999999999743636e+02
2.449999999998877058e+02
-1.224999999999168949e+02
-1.225000000001606537e+02
3.675000000001826379e+02
-3.675000000000455316e+02
4.875000000000803766e+02
-1.199999999999521521e+02
-3.674999999999944293e+02
2.449999999998877058e+02
-2.449999999999421050e+02
-1.626476731075672352e-10
1.225000000001878533e+02
1.224999999998896953e+02
-2.449999999999421050e+02
1.224999999998625526e+02
1.225000000001605969e+02
-2.450000000001585931e+02
1.225000000001878533e+02
-1.354472090042539502e-10
1.225000000001605969e+02
-1.637578961321922625e-10
-2.449999999998310898e+02
1.224999999998070450e+02
-2.424999999998985345e+02
1.199999999998749871e+02
1.071365218763394064e-10
-1.071365218763156120e-10
2.450000000001019771e+02
-1.225000000000778755e+02
2.450000000001302283e+02
-1.250000000000670610e+02
2.500000000125177646e+00
-1.225000000001333973e+02
0.000000000000000000e+00
-2.424999999998985345e+02
-2.500000000150102153e+00
2.450000000001846274e+02
-3.650000000001389822e+02
3.650000000002200409e+02
1.199999999998733244e+02
-1.199999999998999698e+02
-1.354472090042539502e-10
1.354472090042840130e-10
-1.354472090042539502e-10
2.450000000001302283e+02
-2.450000000000758291e+02
-1.224999999998342446e+02
4.899999999997714326e+02
-2.474999999999018030e+02
-1.200000000001175664e+02
-1.199999999998733244e+02
2.399999999998554472e+02
-1.199999999998999698e+02
-1.354472090042539502e-10
1.225000000001605969e+02
2.449999999998310329e+02
-1.249999999998766498e+02
1.249999999998488960e+02
-3.674999999999105853e+02
2.424999999998429701e+02
-2.424999999998968008e+02
3.674999999998844942e+02
-1.249999999999876792e+02
2.449999999999686793e+02
2.499999999988065102e+00
-1.250000000000126619e+02
1.225000000000240306e+02
-1.199999999999804601e+02
-2.499999999962529973e+00
1.224999999999152323e+02
8.271161533458327417e-11
2.499999999933664174e+00
-2.499999999934219286e+00
-8.271161533456490818e-11
3.675000000000471232e+02
-3.674999999999100169e+02
2.449999999999664624e+02
-1.224999999999424318e+02
1.200000000000087681e+02
-1.199999999999821227e+02
0.000000000000000000e+00
0.000000000000000000e+00
0.000000000000000000e+00
1.224999999999696314e+02
2.831068712794460986e-11
-2.450000000000230784e+02
1.225000000000523528e+02
7.325000000000235332e+02
-4.875000000001913918e+02
2.425000000000883063e+02
-2.450000000001585363e+02
2.500000000070221606e+00
-1.225000000000240306e+02
3.649999999999752163e+02
-1.082467449009646793e-10
1.637578961321922625e-10
-2.425000000001421654e+02
5.440092820662658295e-11
2.424999999999795079e+02
-2.449999999999420481e+02
2.499999999962529973e+00
2.965874417442099116e+02
-2.816251167598936149e+02
-6.565397956227796783e+01
4.109041802204188230e+02
7.688978800270454883e+01
-3.448519135007193768e+02
1.699141309004322977e+02
5.342940440251697964e+01
-2.334331628218124166e+01
-3.000035638082260903e+02
1.602626346226896601e+02
5.613734169008912289e+01
-3.531385250860830638e+01
-9.604081099847569192e+01
2.499960361838078882e+02
-1.812626519294546483e+02
-1.522271422052303649e+02
3.097773156155574839e+02
-1.459178102760959916e+02
-6.398791738700138154e+01
4.706887207824232746e+02
-1.405990916066057252e+02
-2.823930687641040436e+02
-1.534997024226553037e+02
1.545492562709868025e+02
-2.319206870787749324e+02
7.835962802723089737e+01
2.057646449282644312e+02
5.137535466582820476e+01
-3.614151151283514309e+02
-1.273163817341607711e+02
5.721842773918224339e+02
-1.877392116717420478e+01
-6.638150018857606938e+01
-2.966214094868956508e+01
1.838985694424935602e+01
6.128341574314320184e+01
-8.703756492463830341e+01
1.004074718201851795e+02
-1.653088833356938778e+02
1.421376784261109663e+02
-1.508076366954823584e+02
4.878089552019497788e+00
2.545618710699809526e+02
-1.305076401143255111e+02
4.600058468624442298e+01
-1.364277112892148702e+00
-1.324003500336193611e+02
-1.421943453221754510e+02
-1.780434050047520955e+01
-2.875429363386553305e+01
1.210731292342881886e+02
-5.224042789565606171e+01
1.911755665096470125e+01
-1.312160423415931803e+02
-4.697587501521973650e+02
-2.655881449962234910e+02
1.138166835217364223e+03
-3.937360190865192067e+01
-5.643346481050270569e+01
-1.170848488493394655e+02
-1.063129478351089148e+02
4.892259022410939195e+01
6.833144667707627207e+01
-9.881724585988305876e+01
-1.831315408373627349e+02
-3.871343580570138698e+01
2.385845744506368646e+02
9.735795652817608925e+01
-1.627809257468774433e+02
-9.279306292799654798e+00
-1.764702144857854904e+01
1.126810810975457997e+02
-3.913579546167309786e+01
-2.087390960553341586e+02
3.751045867912133076e+02
-2.007008523939200018e+02
-4.302238304055688189e+01
-4.200552582068566210e+01
-4.426132491048702633e+01
1.163546778948621352e+01
3.828702092818225822e+01
-1.505679418994153309e+02
-1.192136991124122503e+01
-1.700531175225325597e+01
2.316318152475415673e+02
-6.893621746807819761e+01
-3.848830477571632969e+01
2.411000709296427047e+01
7.845534138030750171e+01
3.434739046254884443e+01
-1.836517875809367126e+02
-2.539768475374186352e+01
3.323914300668761257e+01
-9.198642211829339388e+00
-8.116073755805707890e+01
-5.434403520344719851e+01
5.392091937662735290e+01
7.085725787516101093e+01
-6.118578790677247525e+01
1.300126916663766394e+02
-3.943561746619120072e+02
8.899665611702154422e+01
2.173452384319131170e+02
1.773963205748243865e+01
9.269532511293290256e+00
8.574353677200608104e+01
-1.862064903759696222e+02
7.441938655257635560e+01
-1.997060957389269902e+02
-1.506006450880167336e+01
-1.475012709848170118e+02
4.806607086872368484e+01
3.999117299375624270e+02
-9.822520776644415719e+01
-1.297456624613510598e+02
1.337674856461151940e+01
-7.368929840397234443e+01
4.914498793824301259e+01
5.188996063955097782e+01
5.163784890894778812e+01
-1.843577982191108902e+02
-2.002112690380637616e+01
-1.046532824210086403e+02
1.398796390559595295e+02
-1.205772237426727003e+02
6.450795160047073296e+01
2.551667984210810403e+02
8.997603169793350730e+01
-3.730090793526419475e+02
-9.642352147856044553e+01
1.106594014802752781e+02
6.252802874735774452e+01
-3.965513164917206979e+01
8.619701403458034861e+01
-2.208575532965315915e+02
4.670895393694616615e+01
1.295458080955166338e+02
4.403041846518934221e+01
-1.229778696304189225e+02
1.990618753889169978e+00
-1.428808894521662332e+01
8.542907813765204139e+01
1.622997761454938370e+02
-8.505137398886128608e+01
7.988466708798802607e+00
-1.340286289685261920e+02
-1.053099826620278900e+00
7.764088872376806449e-01
1.839527464170670612e+01
-1.060994131934734384e+02
-2.147382933747527431e+02
8.530724641916050643e+01
2.614897278578907844e+02
1.131514346752987343e+01
-2.305186111006782141e+02
1.469399159221053992e+02
-4.495628286009680892e+02
9.820963118686236726e+01
4.427029403383107820e+02
-1.014805041573364690e+02
1.730722514920281796e+01
-1.446452187145771404e+02
1.260958585247162915e+02
-5.260425638105072466e+01
-1.188527550422797532e+02
1.447684194051709596e+02
-1.017984511009429838e+01
4.526806381117575029e+01
-2.794664845545196386e+02
8.241722102044360554e+01
1.396803268543830256e+02
4.544784281819037375e+01
4.021243140584827813e+01
-5.738667694728127344e+01
6.801105212779600606e+01
6.652527345248148549e+01
-9.059106249916568743e+01
-4.154420992242638278e+01
5.550043516751146910e+01
-1.391811240731042432e+01
8.519590931595702443e+01
-4.045353927941477536e+02
3.729121082609299265e+02
-4.916989583204606618e+01
-2.039506826777453909e+02
-1.530383169745854488e+01
1.736909623823828781e+02
-6.493711761225472401e+01
-1.382335959607987661e+02
1.140816137029902144e+01
9.763337517412138311e+01
-2.063208731611819928e+02
2.350290000426265067e+02
7.309809357870983071e+00
1.277307867635084335e+02
5.258444151524701482e+01
-1.197898635526259739e+02
-1.234191721508342425e+02
1.991501375890208578e+02
1.021190113975838187e+01
-2.039423718179117202e+02
-4.563092048244124754e+01
1.855807334521917369e+02
-5.383554387862275803e+01
9.498447990815434139e+01
-6.588123276159214470e+01
-3.322868647099474515e+01
9.480495564503233652e+01
1.927336199777787726e+02
-4.003450714052721793e+00
-2.184096379689230218e+02
7.398991537390064366e+01
3.563289195535841714e+01
1.671214941696787832e+02
-6.129371808667701060e+01
-2.927237465506028613e+01
-3.635209565750719207e+01
-1.127869824465137327e+02
8.946325421573558856e+01
1.317928910444533983e+02
-1.079429443202844112e+02
1.254987811860896407e+01
-1.829123204225416544e+02
1.522568927378788715e+02
1.332770536361121572e+01
-7.615039769627863109e+01
1.271896510899042312e+02
8.684612209099690006e+00
-4.077960058097362150e+01
1.378309398567838002e+02
-8.485953006661311804e+01
-4.112357790543104841e+01
-2.409527720813573524e+02
-9.476401715604465892e+01
7.078587052627320872e+02
-1.263406187726190808e+02
-2.246151309121477624e+01
-1.175676865920164573e+02
2.827802650234368684e+02
-1.104426148637837173e+02
6.090197228510129435e+01
-1.580549894335329952e+02
1.973255505036566149e+02
-2.172012346633368338e+02
4.642810946654441295e+01
-1.195107625196741878e+02
2.420516260844252372e+02
-8.758342243755089385e+01
2.436372165998661643e+01
-1.513900379263355944e+02
2.649310891322282941e+02
-4.179918714098761967e+01
-2.916623884121704009e+02
7.978460342801899685e+01
4.998567264585797716e+02
-2.987869726404738913e+02
1.211004415334327291e+02
-1.469436503703560390e+02
2.616620004680679585e+02
-2.150498002728070048e+02
-7.603349684422454402e+01
-6.203471313827292732e+01
2.383773422687222023e+02
-8.250724319538036866e+01
-1.565643255591398884e+02
1.246985567370514758e+02
-1.210314292114089767e+02
1.279852309279687859e+02
-1.525974572213265503e+02
1.434303148993604111e+02
-4.651767797698629181e+01
-1.402538346531898696e+02
2.450574739369921815e+02
-1.722880371856463171e+02
1.099160806904107091e+02
-5.817056318958737648e+01
1.027428446080618158e+02
-1.328675781786822085e+01
-8.367548001438527194e+01
-3.471085627932623652e+01
2.172531086449470479e+02
-1.085639035083535617e+02
-5.743396069569794804e+01
-7.458585252114157527e+01
8.253291954242889972e+01
1.379004146912245865e+01
7.067916633758831324e+01
1.317585854257187918e+02
-1.787066791304864068e+02
4.727110414405254346e+01
1.466484889002018690e+02
-1.059946919665055844e+02
-8.831283128431789464e+01
-7.712994592752912126e+01
-2.673926334074195221e+00
6.401439267413067569e+01
-7.260531056531505101e+01
1.633269791831231146e+02
-1.494693628469652822e+02
-2.220024684557664685e+01
8.243012180810400480e+01
7.359096947069888017e+01
-6.495283318870600908e+01
-2.533150750334005252e+01
-6.313083753069216897e+01
4.188774036290954683e+01
-1.137797685480085796e+01
-8.339778372891851532e+00
8.020605182425633473e+01
-5.238514901962964387e+01
-6.676992803179932423e+01
3.492041917153236597e+01
9.715994183686548524e+01
-7.738038109391152375e+01
3.811354257355632313e+01
6.140910351749813856e+01
-2.171546530039736638e+02
2.630647934238085028e+01
6.309231047448018614e+01
2.001528478342448238e+02
-1.060415724702068729e+02
-1.033282766356952465e+02
1.163283591067688860e+02
-5.348349142093659481e+01
-2.249642154184489939e+01
3.470245837867354766e+01
-1.383789605744228481e+02
-2.362027427566491156e+01
-9.308119765396413925e+01
-5.675233958497700115e+01
2.959256665802753332e+02
7.986062914357541231e+00
-2.463213788650429876e+02
1.037747379136428663e+02
1.439936397351388848e+02
-5.258916538443175170e+01
-1.186755145511625926e+02
-7.401728845964316861e+01
1.543487620428225853e+02
-8.367043330183743421e+01
-1.016065149584079386e+01
-1.139696582596301511e+02
2.192517632974494290e+02
-2.624208664576155670e+01
5.018997148987786261e+01
9.364263982571873202e-01
-1.379857145450162648e+02
1.452406529003678486e+02
-1.601065720476044589e+02
5.622761476715826490e+01
-8.725421595775196693e+01
5.002688098894028457e+01
8.829724898669900313e+01
3.199591339154308933e+00
-3.188438300026499519e+02
6.081057089248005099e+01
7.421327882857734437e+01
-6.578535022990000414e+01
1.473579639546854025e+02
-1.180570974082233704e+02
1.673773956678927988e+01
-4.622599801968793543e+01
-1.510123079113467668e+02
5.672666888491137627e+01
2.076752507167891508e+02
-4.309328348529434294e+01
-1.620064197290572849e+02
3.002481595183009944e+01
4.104951673469041680e+02
3.516407475041226149e+01
-3.692447593201789573e+02
4.803163536494185593e+01
-1.640267744062812767e+02
5.348252815358179646e+01
1.005963774331152791e+02
-2.065463799650234122e+01
-4.518238964757888709e+01
1.086878921313888924e+01
-3.846785322171038857e+00
1.293953654199771677e+02
-1.622855488339982628e+02
-8.407561797603898412e+01
-2.809447793717455255e+01
1.685114641393575141e+02
7.674644703011293245e+01
1.344992175245381816e+02
-1.759371060045921240e+02
-2.737976081178587719e+02
3.051737713568709296e+02
-6.807424038714316339e+01
-2.103571988643545865e+01
1.374860116605561302e+02
-2.984754137613334706e+02
1.393693782924838729e+02
-1.104020982236851864e+02
8.514831069374662320e+01
-1.715786702971389275e+02
5.646039445929140754e+01
-1.247180054287087891e+01
-1.144409095192008294e+02
3.373450109600738642e+02
-1.747261946533458143e+01
4.596602738056078863e+01
-1.186503243653919668e+02
-1.542236879878207105e+02
2.328765406768808930e+02
-2.764841681657857180e+02
-8.787903244990843632e+01
3.355554255589272543e+02
-2.393208574081290152e+01
-1.103810320922347898e+02
2.403604710385894521e+02
-3.593610842381980888e+02
2.490714420095845298e+02
-2.646944621696484319e+02
1.763043751198233906e+02
2.492241603752600909e+01
5.475044126902570696e+01
2.742949148255062042e+01
-1.719645318197617030e+02
7.207728970683366754e+01
-1.387807789416690127e+02
1.340305735621789438e+02
-1.874280470367386329e+02
1.855822144808803387e+02
2.819376078711554601e-01
7.736737421250622049e+01
-2.475233244242914310e+01
-8.108216839327175762e+01
1.049599882952061636e+00
-1.746370006250714368e+01
-9.982415323241944805e+00
1.553509856260025117e+02
4.220873485206541886e+01
-1.319514554707648131e+02
-1.393819318705498631e+02
2.217431676623182852e+02
-1.419598295746318115e+02
5.218586037293343338e+01
1.191570170270535556e+02
-6.776544540650181148e+01
-2.300090867177147516e+02
3.106413391604908156e+02
-8.055873517461395750e+01
6.468467408334048230e+01
-1.125301089859557493e+02
1.030071870945175334e+02
-2.038314200903284856e+01
4.265559912964674538e+01
-1.543939373333309959e+02
-4.344105497306861707e+01
9.803809398658486884e+01
4.168625721513248550e+01
-1.484705606003327816e+01
1.161794237211888969e+02
-5.327206297884919195e+01
2.443553000947545684e+01
1.516344943569892223e+01
4.672448393972996605e+00
8.691231393577997011e+00
-8.544861539823916985e+01
-2.862472681953241960e+01
-5.893242364547653978e+01
-1.397454722401912441e+01
3.297989259469396188e+02
-1.611312909488371474e+02
2.746287599831359572e+01
-9.086406043320231163e+01
1.707777538241071795e+02
1.140574806685309284e+01
-6.510469376504227057e+01
1.456367283561342845e+02
-7.616767614506149187e+01
6.105907414978529602e+01
-4.376864224726460151e+01
-1.242671803011459701e+02
1.391877535672798558e+02
-1.075385596769022243e+02
1.304313929401955647e+02
-1.603538825074932674e+02
2.645587504246954325e+01
3.471008674955299256e+01
1.068766250501798112e+02
-5.939250303006657816e+01
1.653695595395885505e+02
-1.185551165920045946e+02
4.268352446074982254e+01
-5.982484238138616206e+01
2.299290287244800624e+01
3.566402251548812785e+01
-1.358909167646104663e+02
5.900301428503252055e+01
-1.874221676557010952e+01
4.347770023389443850e+01
2.967485296229798664e+01
-2.187050687108487779e+01
6.139380140492114002e+00
2.890258387856029643e+01
-3.636717121669708774e+01
-2.159652108619157929e+01
3.396657772353955096e+01
5.507814748563315277e+01
-9.118389562830853379e+01
1.561433802719569428e+02
-8.749718043745397722e+01
-4.225575971845516676e+01
3.972389374507820747e+01
-2.611389447976807432e+01
3.119804900520572488e+01
-1.239107605187912213e+02
2.137124090455437795e+02
-1.771304736131574487e+01
-1.369956867393353548e+02
9.210805645750527049e+01
-1.057510773861081077e+01
1.447542986144122068e+01
3.154323467342151943e+01
-1.419650479893321631e+02
2.094568996980811448e+02
-1.779496202789891015e+02
9.186732484053131031e+01
-6.916968276767100576e+01
1.000633283069428074e+02
-9.360763896878297885e+01
2.473367954417539067e+02
-2.633740397135511557e+02
2.513240411262104246e+01
-1.389559862047002525e+02
9.596576145983641482e+01
-4.041820428736021320e+00
-1.220007019141757780e+02
1.055907975481506469e+02
8.176635426711678178e+01
4.623394983012025961e+01
-1.073541305228423539e+02
-1.433739392914562316e+01
5.720046928515838403e+01
2.802552061437819120e+01
-1.019351329243581148e+02
3.210462845294074885e+00
-3.729476166220702282e+01
1.411465598917005480e+02
-9.276732612408622458e+01
7.002221950926245597e+01
-3.221023014988321620e+01
7.512188838067469021e+01
-9.864082635854207126e+01
5.892175685108433925e+01
-4.793595098857516490e+01
-6.637605423405543092e+01
1.930443221389447217e+02
-1.374226773887291415e+02
-5.256970444818035304e+01
8.404635038763062482e+01
-9.238388615864050735e+01
1.262079098549307332e+02
1.889037833058687710e+01
-7.732541294993049519e+01
-3.937366495094553898e+01
-1.078190762665258688e+02
5.278791685571268744e+01
3.322209376672334713e+01
2.138032185586196192e+02
-3.095551611730489299e+02
2.425690993781960856e+02
-9.308037176094349263e+01
-2.106678638686319971e+01
6.751841625842016015e+01
-1.351188077936292764e+01
3.594171231358862961e+00
-1.992149792679914810e+02
9.190894560353406462e+01
1.376246212526380930e+02
-1.478062496657376812e+02
5.964395142050918963e+01
-2.858035460107729264e+01
-7.574138500944795460e+00
9.592407997862540725e+00
-6.774076152695033670e+01
1.350182076259884667e+01
-5.751299303248403660e+00
1.953973740004708404e+01
3.933298562126297782e+01
1.840472201642257133e+01
-5.093306926163851500e+00
-1.386584819313168460e+01
-1.336989055182608581e+02
-1.237223928968461983e+01
1.127350424068000621e+02
-5.979231859538842286e+01
-1.341664352893252783e+02
1.240160795422380318e+02
-8.926242672831786251e+01
2.413592376044302412e+01
2.127113495820534439e+01
6.902928320858114830e+01
7.086441176131114617e+01
-1.239299486466001099e+02
5.847699238332904770e+01
-1.826530726544553431e+02
2.547466429139728348e+02
-2.344474521185874210e+02
1.437143071865471029e+02
1.284300520343622942e+01
-7.588402652099485124e+01
1.680789483960258934e+01
2.851694974754310152e+01
1.287546105383236217e+01
-1.602335237999372453e+01
5.260218371973039808e+01
-1.209889157331156611e+02
5.082020805531338681e+01
8.220925747461505750e+01
-1.374664753940627122e+02
-4.021698341672762211e+01
4.929549590666468362e+01
7.797221578438926315e+01
-8.478719531048375302e+01
-1.441495938283894418e+02
1.665750556978740349e+01
8.607623499997336580e+01
-1.641106428360378970e+02
2.113955751723483445e+02
-8.383595071211517791e+01
4.762026778000133476e+01
1.766140927406512162e+01
-1.242580045346659290e+01
6.813825522895946563e+01
-9.122245693373510278e+01
7.881972044772660979e+01
2.112812058719292807e+01
-9.411353686347011660e+01
1.179802243128896322e+01
-7.371652628819737174e+01
1.064855364797624730e+02
-1.789443775026383605e+02
1.604669410651203236e+02
-1.665662138104851522e+02
9.634641157393221533e+01
-6.617340515137416901e+01
7.502658478193964697e+01
-1.833479609403125323e+02
1.688828617107213006e+02
3.908773084155576072e+01
8.342596570444955262e+01
-8.360804064118831036e+01
1.496178583339832073e+02
-2.146016945707069397e+02
2.155238756719665787e+02
-5.429732392737781055e+01
-1.281741903149396080e+02
-3.587345897322028776e+01
1.498777765990608088e+02
1.147014883753602703e+02
-1.117822072968756970e+02
-1.657054393522736646e+01
7.117135611097070580e+01
-1.381456462244716761e+02
1.439063329993534524e+02
-3.824043022044597251e+01
-6.101785917035597606e+01
7.467629397074885844e+01
-1.001336619878777441e+02
1.826329228793846369e+02
-1.121065070461527142e+02
4.120203017466759121e+01
-6.626136994837622751e+01
9.513589423706268633e+01
-1.081212367286215681e+02
-2.349183091194213091e+01
9.857824375882846368e+01
1.487243308706859324e+01
-1.822421009939747449e+01
-6.217526752112771504e+01
7.401245894602084263e+00
-1.227916042551283660e+01
-1.808435549805319909e+01
2.938356932031352642e+01
-8.404277706199522413e+01
7.700687415586635609e+01
1.042304364416109905e+02
-1.884601986600202679e+02
1.393219141323261283e+02
2.213620781488722855e+01
1.280310891658425021e+02
-5.255226683477156513e+01
-9.439703138327396914e+01
-3.239735840927119170e+01
1.928162626940047062e+02
-1.873424363362099143e+02
-2.023466340739690139e+01
5.378677497609526625e+01
1.226943705560915987e+02
-4.408062480533019745e+00
-9.661995415207643134e+01
9.389704617675923259e+01
-5.079225901056813797e+01
6.855121970118905494e+01
-1.448448803826094036e+02
4.127138453569953924e+01
1.488666327204341577e+01
1.134282726710483757e+02
1.868347859429875655e+02
-1.583622787937681551e+02
-1.049062516506280929e+02
1.297076172707420305e+01
1.245443281773502946e+02
-1.036640778010140167e+02
-2.943827585994522877e+01
1.128534605183388777e+02
-3.532656052302687044e+01
6.940534208761813773e+01
-2.147750743577343542e+02
1.808277835754611260e+02
-3.013519484668767134e+01
-6.317937503270980670e+01
8.874220997281146595e+01
-1.622767445981578760e+02
1.237860860874568516e+02
-5.132855469937046422e+01
1.165930511748660514e+01
1.097412517068427462e+02
-1.134812940518342828e+02
-7.822935303216151048e+00
1.223856623389355214e+01
-2.604707655451972670e+01
-1.158658011902990950e+02
1.761264034231656979e+02
5.386818965137450022e+01
4.543183776279825281e+01
-1.091915159301643889e+01
-5.442772950310459379e+01
5.217697683785921470e+01
-2.790243977313701773e+00
5.570825468771528932e+01
-8.127674322746094049e+01
6.410606151659193586e+01
7.994691948589137098e+01
-1.850268681836539031e+02
7.557369094198240589e+01
7.741778501770316900e+00
-2.977748728006482892e+01
-5.271384762207726027e+01
1.132383936231745452e+02
-1.038310477292865244e+02
1.183613063343841176e+01
-2.396212379391334224e+01
6.290575103069792817e+01
-1.558910102761667247e+02
1.390536267892068452e+02
-8.613349403720725661e+01
-3.177075401617635109e+01
3.433342361009651000e+01
-2.361142414642434062e+01
-9.193633366035652443e+01
1.774715158590458657e+02
-4.539617112226834905e+01
-8.321232009635582472e+01
1.598721553718670521e+02
-5.488563564571933284e+01
-1.035933017713103794e+02
1.105655654588221779e+02
-7.618875063366017741e+01
-2.433734372331833740e+01
1.181358087806432593e+02
-4.052038253588911232e+01
-5.015345856136383418e+01
7.371197136564713759e+00
2.226561952590129234e+00
3.736322797266145557e+01
-7.779234222078981986e+01
-4.540931993219810181e+01
1.425104872206687219e+02
-4.740837626344631417e+01
-6.890380215825292964e+01
1.283594493272926513e+02
8.118340078068898436e+01
-1.806428836437621612e+02
1.403401939603950765e+00
3.575367332049005853e+01
1.186379855087888444e+02
-1.731162741499917956e+02
2.010733847063626811e+01
5.281957129172951682e+01
-2.728326291557327110e+01
-1.019219238203807976e+02
1.006416997320291387e+02
-2.127718818112825261e+01
4.410557484869487865e+01
-2.088322133659186974e+01
-5.190155047020172674e+01
1.237426696869265612e+02
-1.264026004539066008e+02
-1.380296177783983751e+02
1.139114023827854112e+02
3.045716103423195520e+01
1.318175127107702949e+01
-5.001901400476507575e+01
1.621687362585523928e+01
1.154792424085370328e+01
7.231683733401255587e+00
-6.683598320229940271e+01
9.526697335312405812e+01
-1.550865767446571510e+02
4.817101107030769214e+01
1.025330158067831405e+02
-1.389689061252225599e+02
5.793352458706324093e+00
3.644487929955445082e+01
-3.837418209912970468e+01
1.165975975587464859e+02
-1.385432027883076671e+02
1.311377616124165399e+02
-1.001614175725416800e+02
-1.314873945753870430e+02
1.855680699460036180e+02
4.363635839478148171e+01
-9.876044847142394190e+01
1.201609574519577528e+01
3.633268950199134206e+00
-6.306380994082484426e-01
3.886154653393892744e+01
-1.819687685629524196e+02
1.645990746514754335e+02
-1.433761578062169804e+02
1.504367155454654039e+02
-4.407981969673928546e+01
-1.384442843833960524e+02
1.385108562483611081e+02
-4.728543332267397403e+01
1.565844085066673053e+01
9.756849549127288412e+00
9.167364065423077690e+00
6.389407591868311442e+01
-8.435843039585526526e+01
7.692998131371729187e+01
-6.908887130470520788e+01
-1.101258200349695500e+02
1.551343091557364176e+02
-6.902750065580909222e+01
-1.564597801745682126e+01
1.350702335150852775e+02
-7.095194714497496591e+01
-1.001371181064356719e+01
3.431894220169074572e+01
1.584664022069931200e+01
-1.583036637881967295e+02
1.470075565618613211e+02
1.662951281355218214e+02
-2.384110215748439430e+02
1.377899781014628218e+02
-3.602605644071571334e+01
4.030278902778849925e+00
-5.847324330722393171e+01
3.152591100853003780e+01
-2.462485010574209809e+01
-2.144437471480104307e+01
1.335321462060129534e+02
-1.675019309980521598e+02
1.948265577102910697e+02
-2.107386820321874836e+02
1.133480071006914756e+02
-1.310041875696454206e+01
-6.590583628964039065e+01
1.161359068033973898e+02
-1.770849888247773265e+02
2.746650315910753548e+01
3.314111822761596216e+01
4.893871824647145274e+01
-4.292787869304260795e+01
5.816626401801310209e+01
2.406651092246554935e+00
-4.652753563528703751e+01
1.047708140150768941e+01
-9.540284484579201418e+00
-6.006844025631333039e+01
1.729087418037947828e+02
-1.423791562444079375e+02
3.921179787814464746e+00
1.306517203014955442e+02
-1.703665127963203076e+02
4.158440173474914303e+01
1.810502970118598398e+02
-1.006302107197320623e+02
6.286575696458350571e+00
6.703513422913562003e+00
2.335651424895628026e+01
3.587870097494185018e+01
-2.534945708732586311e+01
3.088259402334717052e+01
-2.500402692118815295e+01
-6.097315501003797067e+01
6.323124623976167413e+01
-7.875333427322453872e+01
2.023445835845240595e+02
-2.621497829933838943e+02
2.548704415591413976e+02
-2.378781858131087006e+02
1.506949167959014062e+02
-4.119472914544194708e+01
5.123219603182535309e+01
-1.395612986730162390e+02
1.184057575704094916e+02
-2.342225907226397297e+01
1.018365636818121311e+00
2.237309465597463642e+01
-7.091613551159400686e+01
5.518767965008269982e+01
-7.890042123655588568e+01
1.238945244077800112e+02
-2.973748308943802243e+01
-5.193547415467436679e+01
4.068101659927332747e+00
9.870086602983228374e+01
-4.751827073541317503e+01
6.537720415313083322e+01
-1.164797831539589055e+02
1.424829804359853540e+02
-7.295355882615480425e+01
-6.030844299288682819e+00
1.106576921536505722e+02
6.887927055600337667e+01
4.508425265771104051e+01
-3.573012620556547603e+01
-2.400932399421714081e+02
9.441366528575161965e+01
-8.142635953824601813e+01
8.916437765323658482e+01
3.925447016995573790e+01
-5.235144269534239925e+01
1.423151583279971710e+01
-1.890950462552359923e+01
2.575426168100481306e+01
1.577479774747883994e+02
-2.297119168437839321e+01
-2.155759807405042068e+02
1.095131587704153731e+02
-1.460648958261134851e+02
5.428875892877857012e+01
5.371361210222486449e+01
4.445630224848430601e+01
-1.937219524596338829e+02
2.506178617917017561e+02
-7.064309590739004818e+01
1.723209991711206257e+01
-1.621723810226540365e+02
9.649353620668671283e+01
-1.160648587254209616e+02
7.055898991238818496e+01
3.371684684761643780e+01
3.870553198149515595e+01
1.950890679392337512e+00
-4.305439447483798432e+01
-7.983313882288881302e+01
1.213860970343528578e+02
1.724660801922064834e+01
-8.952780093026441932e+01
7.121347131584978740e+01
-1.672773143123009731e+02
2.199315983278312103e+02
-1.697872432859611820e+02
1.431198716001817957e+02
-9.314699125247791756e+01
-6.694254680018971726e+01
1.242473994843281133e+02
-7.020772439932258635e+01
4.974157398475162140e+00
9.534089306170048417e+01
-6.211762680476110887e+01
-8.227080816904522464e+01
1.806871235782557505e+01
-2.052942497671636346e+01
8.963764693067120959e+01
2.516521133894553941e+01
-9.696687965928732922e+01
9.594915106483252032e+01
-3.975588057465215996e+01
-1.067696136947362717e+01
-1.226798616051065096e+02
1.275178403934155114e+02
4.433292203560456102e+01
-3.177957772333018127e+01
-9.246121172070503746e+01
1.122033921997747683e+02
-1.509562235846639169e+02
7.091557658296839861e+01
1.242657708489243618e+01
2.881795790388799183e+00
-7.192636872834142991e+01
1.230524857263320087e+02
-1.139082074658987978e+02
-2.568573307138455064e+01
1.589233731701184240e+02
-1.649157439207268396e+02
1.313232121174801534e+02
-4.089130185087398672e+01
3.370313902629395564e+00
-2.439047047670377211e+01
-4.116226585644052705e+01
6.615978316666729597e+01
9.048166565535970562e+01
-7.452331877929017878e+01
-8.090446952975899819e+01
-3.173367407555837971e+01
1.211636575307029489e+02
-5.536003400892329296e+01
4.453047637615762966e+01
-4.992407538896281949e+01
1.338508398923427478e+02
-2.262013037722053639e+02
9.340589986153005952e+01
1.041512903812387947e+02
-8.228752673990626931e+01
-1.663338019214732810e+01
6.111632370299449946e+01
-5.210728922817634867e+01
-6.598769331124586301e+01
-9.590983691523005916e+01
1.132908774424095810e+02
6.387329766328905833e+01
-7.883496666706916756e+01
-7.694281391197905862e+01
1.864211995481890085e+02
-1.275189671991753215e+02
-4.771641217261532120e+01
7.984713460858588974e+01
1.010709156113121310e+01
-1.089876275080743824e+02
9.009227106523175621e+01
-9.029779891147383353e+01
1.722256733885753590e+02
-1.888417691711524355e+02
1.628442294296176271e+02
1.738782412525169363e+01
-9.612818750034287518e+01
1.395848645303928777e+02
-1.572810026051265595e+02
1.239732995358673264e+02
-7.433311784761892227e+01
-6.282703375438963178e+00
1.099803387533369481e+01
-2.277884689134092611e+01
5.831594304574091581e+01
-9.792025644808013851e+01
2.332507956548893446e+01
3.648191749600874800e+01
-8.108831879579236102e+01
1.378976970401761264e+02
-7.540386036632423838e+01
-4.228221137309961364e+01
2.663225645949705012e+01
1.343429705442951843e+02
-2.379267889698857346e+02
1.286467264733087745e+02
2.316685652914940263e+01
-5.034241779318102772e+01
7.036459157640391027e+01
-7.311780318099370390e+01
7.633248333107094652e+01
-3.032234830613993459e+00
4.795331591340659116e+01
-1.487426892524451603e+02
2.499374108284041895e+01
1.769169224124901234e+02
-1.899903168769286879e+02
3.428641810621835617e+01
8.483938182481599810e+00
4.928440234909212592e+01
-9.991550242562910000e+01
1.858993669717056036e+02
-1.125026811165356122e+02
-6.075751992835838422e+01
5.595464260633853826e+01
-7.700023358371916871e-01
2.067525584021246488e+01
-1.139649325742315966e+02
1.476430008519372734e+02
-2.242421349607997882e+01
-1.577436566683535375e+02
1.956434355543255492e+02
-4.587747647256568229e+01
6.075686630192761584e+01
-8.997608176710453165e+01
3.764770480652876472e+01
8.992387788427684825e+01
-1.127785021647591321e+02
6.761108777177215146e+00
-7.353119146681864393e+00
4.677016195576619850e+01
6.547135253499924090e+00
-2.713118425485314944e+01
2.753670877748189127e+01
-3.754093626746329448e+01
6.149466945000425966e+01
-5.308749436578944625e+01
-2.011435642568670090e+01
1.169827253957569440e+02
-4.480482223846331991e+00
-9.778014102736968027e+00
-5.416640700474179226e+00
-1.948403607233014512e+01
1.964778247002130058e+02
-3.170056829737843032e+02
2.631556093384303949e+02
-1.558124997738451896e+02
1.044728775971512249e+02
-1.766166295691762684e+02
1.440748820222032975e+02
6.677771355485890581e+01
-2.454821845356266579e+02
1.515534405883479394e+02
1.182411305626057185e+02
-2.507231786664784465e+02
1.546614272850196414e+02
-1.211170945280826459e+02
1.980098746355177752e+02
-2.224673942707246397e+02
1.430065549636632056e+02
-3.023889987264328383e+01
-1.032433814843419526e+02
8.831809558009497607e+01
-3.113610237499139899e+01
1.190256604170199068e+02
-1.035553761579938623e+02
3.939098207218250991e+01
-1.052343008078558597e+02
2.034567717667416673e+02
-1.674901048238455417e+02
1.354169034476791467e+02
-1.731501679232243021e+02
1.170720162942098455e+02
-5.262145498115037867e+01
9.511731396962687102e-01
1.323263654507148424e+01
-2.933929258969827814e+01
2.436832014757732168e+01
1.121524878523152893e+02
-1.271368780078332605e+02
-1.165734345276704609e+00
3.467320622702816024e+01
2.711976302000638128e+01
-4.495660307680550716e+01
1.346878466661779896e+02
-1.302894739273761786e+02
-1.103881094166835197e+01
5.044154451562256014e+01
-1.239542494493035463e+02
1.544774896220853577e+02
-9.393788736868761191e+01
3.938902513890043622e+01
-6.935110544816078004e+01
9.830725286815666664e+01
-7.295682584719739339e+01
-1.432660905076637459e+00
-8.199262573284768152e+00
-1.947913327732682376e+01
-9.797879674091563018e+00
6.034162507741133652e+01
-7.207985365455449767e+01
4.799984300919382463e+01
-2.273464617408794908e+01
7.373220166641505813e+00
4.243426357232007717e+01
-6.446369403569107703e+01
2.146212852050439679e+01
2.280309269909134073e+00
-1.885682233110779649e+01
5.357450726069038183e+01
-3.220458975983929406e+01
-1.311112402341563232e+01
3.929832007638389513e+01
-3.210270593546213291e+01
1.711483936184631682e+00
5.056777857260777864e+01
-2.336864997504698849e+01
-4.678897643773859016e+01
-1.247063692222657671e+01
5.588926958245541954e+01
-1.107398891931587599e+02
1.425771106785304028e+02
5.211988790266890703e+01
-2.236725532732068871e+02
1.420907432082321122e+02
-4.909021231243008998e+01
6.479472906552358324e+01
-1.459459126690642883e+01
-4.516735186478210373e+00
2.352214929963144385e+01
-8.200783845620648549e+01
6.927925189394306926e+01
-5.845921746623528037e+01
1.969632817927936230e+01
-1.027648643015193031e+01
7.094692112903818781e+01
-6.638765231810414491e+01
-2.504275147036657856e+01
4.605268376179820677e+01
1.471050005341969502e+01
-2.592920709066375906e+01
-1.804160703489496598e+01
-9.204037347217781644e+02
1.028982016610562368e+03
6.798544127380289126e+01
1.339296272068485649e+01
5.850062308400308808e+01
-1.353931206994639354e+02
-2.103117680928764628e+02
3.684661700886472318e+02
-1.019236876414366748e+03
8.703104900763232763e+02
-5.608283225845403308e+01
3.842599676180127943e+01
-3.457999280426989230e+01
7.545670586013848435e+01
-2.077812619001764460e+02
2.151111684138758733e+02
-3.610423848890671366e+02
2.363117507070376462e+02
1.936417422865748605e+01
5.948687156444232471e+01
-9.068156733873287578e+01
-7.127120476847951913e+00
-7.736237368606884601e+00
1.022645624968124594e+02
-2.525126013914747887e+02
1.377068862433465029e+02
-2.513985904273873118e+01
1.683565273347491953e+01
1.877807519374132994e+01
-1.056027159634608807e+02
1.239779672671799062e+02
-1.061261177876205331e+01
5.827804346659919865e+00
-8.046613352743032976e+01
3.716757801870126343e+01
1.381377678002253617e+02
-1.868560782010554249e+02
9.323844589611385913e+01
2.560217937048201264e+01
-1.693342970117512891e+02
9.246687023508430059e+01
1.131153819839663583e+02
-1.284391468227846644e+02
6.911099931374144489e+01
-1.179334378358636286e+02
5.949082395557891800e+01
2.298749042251531449e+01
4.779106035980249345e+01
-3.801976367357745090e+01
5.552944543936291666e+01
-4.896410311062662402e+01
-7.455180052502984722e+01
1.736601621167116321e+02
-9.307688224016006018e+01
3.621948127697470454e+01
-1.100062157559331979e+02
2.083530896959022130e+02
-1.325472963833188658e+02
-5.696951629031865849e+01
1.867740141633789790e+02
-2.127776997496357865e+02
8.973715322065679345e+01
8.895996403770217853e+01
-1.393550400940220584e+02
1.069416203661424163e+02
-6.813342906160482926e+01
1.270637169365209829e+01
1.323345070225759379e+01
-5.471841212785305686e+01
1.323605670104102785e+02
-7.008641010376892666e+01
1.871422574012816753e+01
-1.279267960288270558e+02
1.836869564864467748e+02
-1.499148096856026200e+02
1.029184386024066953e+02
-8.362763456306221599e+01
5.252344991192362045e+01
4.162681980952404359e+01
-6.427918590314079950e+01
5.032206665596115869e+01
2.160901035791949809e+01
-2.296652097843416414e+02
2.347635352155059252e+02
-5.271820634990039167e+01
7.326374006795758476e+01
-1.682161149595777658e+02
1.296038513568250607e+02
-4.211914147890056626e+01
-2.319371225129552272e+01
-4.106409333083165336e+01
1.531139758665704846e+02
-1.644499558826979637e+02
1.077275752951704817e+02
-1.132586924801531753e-01
-6.958645271123376636e-03
-9.570245344400096599e+01
7.190275731834758233e+01
-1.435583502401899203e+01
-8.859907876303815044e+00
2.308682080543420767e+01
4.694982162191031705e+01
-1.004669361925002846e+02
1.394213837647458547e+02
-1.761079942369347293e+02
3.597129210281784140e+01
3.498092623350428454e+01
-3.394652032030124111e+00
8.321412464991797719e+01
-1.632878254848396082e+01
-5.234931691007236765e+01
-9.248263400887061891e+01
1.398047326224590847e+02
-1.006521091318157346e+02
7.223531900975504527e+01
-1.659086146666243522e+01
4.420280973394948631e+01
-6.910260810345921101e+00
-5.775251938046228872e+01
1.902480073612686340e+01
-5.258500716344197912e+01
5.551015648726066587e+01
-3.761658975205136102e+01
7.399924849217886447e+01
-3.756260373178604794e+01
-2.902063217841783427e+01
6.790829621085400447e+01
-4.753953155884831006e+01
5.923649014301285831e+01
-1.701923149211401309e+01
9.881916590211936580e+01
-9.700292090949385226e+01
7.654906185718424183e+01
-9.342040702372382555e+01
-4.116331612309195265e+01
1.628125813822681778e+02
-1.124623697955876764e+02
1.161496686452857396e+01
-1.754742289628406482e+01
1.205974669537800850e+02
-1.290226502447540042e+02
6.234881216339568510e+01
9.470004949093535629e+01
-2.384930464117666133e+02
5.600703263759621819e+01
-6.854416613745593523e+00
9.107554112332890384e+01
-5.396427079208477551e+01
-1.759950532382147514e+01
2.327813124398072375e+01
-3.443251692792562579e+01
1.398160819693658397e+01
-8.982328597475255805e+00
4.769611185385598873e+01
-1.554020626940775571e+02
1.631351607479873849e+02
1.616671479276821444e+01
-6.863797253033168033e+01
-7.916701306117180081e+01
6.037110143071397772e+01
6.201371813609168981e+01
-3.479869082385279455e+01
-2.274657199280939679e+01
4.375251252548415692e+01
6.115505755578634961e+00
-5.774193101422292784e+01
1.149852874976740047e+01
-1.170490796159864466e+01
-1.921979385888651848e+01
7.628568353264546431e+01
1.290418865685101402e+01
-9.778558547531778800e+01
9.741492762362838675e+01
-2.575739909339026568e+01
-9.157131111055889505e+01
9.778957952019040079e+01
3.017513200421331060e-02
-5.794144346289608904e+01
2.783789672850592112e+01
1.358223517214673279e+02
-2.823177825442901963e+02
1.097443871879397648e+02
7.199467416070724823e+01
-2.304617885557311041e+01
-3.186574235514863318e+01
9.204042719598101030e+01
-1.505559184339698504e+02
1.784037789873520410e+02
-1.786397215396811475e+02
1.076656626756948327e+02
-4.882557645431405291e+01
6.273545035691269334e+01
-1.023361340957932271e+02
1.179176804694519376e+02
-7.696087678473215021e+01
6.658285003104192867e+01
-4.769049975767931926e+01
-1.317588264549708867e+02
1.947477009782024311e+02
0.000000000000000000e+00
0.000000000000000000e+00
