-4.440000000000000391e+00
-4.440000000000000391e+00
-4.440000000000000391e+00
-4.440000000000000391e+00
-4.440000000000000391e+00
-4.440000000000000391e+00
-4.440000000000000391e+00
-4.440000000000000391e+00
-4.440000000000000391e+00
-4.440000000000000391e+00
-4.440000000000000391e+00
-4.440000000000000391e+00
-4.440000000000000391e+00
-4.440000000000000391e+00
-4.440000000000000391e+00
-4.440000000000000391e+00
-4.440000000000000391e+00
-1.662999999999999901e+01
-1.075999999999999979e+01
-4.699999999999999734e-01
-1.551999999999999957e+01
-3.339999999999999858e+00
-1.073000000000000043e+01
-1.948999999999999844e+01
-9.380000000000000782e+00
-8.839999999999999858e+00
-1.555000000000000071e+01
-1.753000000000000114e+01
-1.225000000000000000e+01
-1.689000000000000057e+01
-2.191000000000000014e+01
-7.719999999999999751e+00
-1.773000000000000043e+01
-3.930000000000000160e+00
-1.792000000000000171e+01
-1.917999999999999972e+01
-1.327999999999999936e+01
-1.667000000000000171e+01
-1.985000000000000142e+01
-2.287000000000000099e+01
-1.543999999999999950e+01
-2.835999999999999943e+01
-4.099999999999999756e-01
-2.951999999999999957e+01
-2.564999999999999858e+01
-1.739999999999999858e+01
-1.960999999999999943e+01
-1.651999999999999957e+01
-2.128000000000000114e+01
-2.362000000000000099e+01
-1.521000000000000085e+01
-3.021999999999999886e+01
-1.082000000000000028e+01
-3.545000000000000284e+01
-1.432000000000000028e+01
-2.110000000000000142e+01
-2.366000000000000014e+01
-1.558000000000000007e+01
-2.771000000000000085e+01
-2.653000000000000114e+01
-1.991000000000000014e+01
-1.880999999999999872e+01
-1.994999999999999929e+01
-2.257000000000000028e+01
-2.621000000000000085e+01
-2.008999999999999986e+01
-2.408999999999999986e+01
-2.992000000000000171e+01
-1.241999999999999993e+01
-2.905999999999999872e+01
-1.939000000000000057e+01
-1.798000000000000043e+01
-2.535999999999999943e+01
-9.919999999999999929e+00
-3.700999999999999801e+01
-2.233999999999999986e+01
-9.869999999999999218e+00
-2.694000000000000128e+01
-2.364999999999999858e+01
-2.003000000000000114e+01
-2.148000000000000043e+01
-1.955000000000000071e+01
-2.544000000000000128e+01
-9.099999999999999645e+00
-3.264999999999999858e+01
-1.273000000000000043e+01
-2.183999999999999986e+01
-1.499000000000000021e+01
-1.998000000000000043e+01
-2.716000000000000014e+01
-8.980000000000000426e+00
-1.887000000000000099e+01
-2.496999999999999886e+01
-9.330000000000000071e+00
-1.980999999999999872e+01
-1.285999999999999943e+01
-1.882000000000000028e+01
-3.046000000000000085e+01
-3.979999999999999982e+00
-1.673999999999999844e+01
-2.375000000000000000e+01
-1.025999999999999979e+01
-7.240000000000000213e+00
-1.714000000000000057e+01
-1.318999999999999950e+01
-1.380000000000000071e+01
-1.527999999999999936e+01
-8.539999999999999147e+00
-1.181000000000000050e+01
-7.599999999999999645e+00
-4.120000000000000107e+00
-1.746999999999999886e+01
-1.277999999999999936e+01
-1.310000000000000053e+00
-3.930000000000000160e+00
-2.073999999999999844e+01
1.750000000000000000e+00
-1.469999999999999973e+00
-1.335999999999999943e+01
-5.330000000000000071e+00
-2.109999999999999876e+00
-3.450000000000000178e+00
-1.372000000000000064e+01
5.339999999999999858e+00
2.759999999999999787e+00
-1.374000000000000021e+01
-4.259999999999999787e+00
1.699999999999999956e+00
2.830000000000000071e+00
1.506000000000000050e+01
-1.171000000000000085e+01
5.809999999999999609e+00
8.669999999999999929e+00
4.509999999999999787e+00
-2.270000000000000018e+00
3.720000000000000195e+00
5.650000000000000355e+00
4.620000000000000107e+00
1.344999999999999929e+01
4.349999999999999645e+00
1.653999999999999915e+01
1.360000000000000098e+00
1.248000000000000043e+01
1.929999999999999938e+00
2.669999999999999929e+01
6.300000000000000044e-01
1.057000000000000028e+01
1.982000000000000028e+01
1.523000000000000043e+01
1.376999999999999957e+01
1.432000000000000028e+01
1.917999999999999972e+01
1.389000000000000057e+01
1.460999999999999943e+01
2.862000000000000099e+01
2.044000000000000128e+01
1.091999999999999993e+01
3.374000000000000199e+01
2.678000000000000114e+01
1.407000000000000028e+01
1.907999999999999829e+01
1.864999999999999858e+01
3.039000000000000057e+01
2.810999999999999943e+01
1.801000000000000156e+01
2.951000000000000156e+01
2.051999999999999957e+01
2.989999999999999858e+01
3.432999999999999829e+01
3.089000000000000057e+01
3.484000000000000341e+01
3.714000000000000057e+01
1.185999999999999943e+01
3.885999999999999943e+01
3.192000000000000171e+01
3.720000000000000284e+01
2.944999999999999929e+01
3.825000000000000000e+01
3.740999999999999659e+01
3.857000000000000028e+01
3.332000000000000028e+01
3.171999999999999886e+01
4.364999999999999858e+01
3.825000000000000000e+01
3.995000000000000284e+01
4.578000000000000114e+01
3.811999999999999744e+01
3.368999999999999773e+01
5.018999999999999773e+01
3.267000000000000171e+01
3.920000000000000284e+01
4.650999999999999801e+01
5.456000000000000227e+01
3.946000000000000085e+01
4.672999999999999687e+01
3.875000000000000000e+01
4.363000000000000256e+01
5.103999999999999915e+01
5.457000000000000028e+01
4.100000000000000000e+01
5.299000000000000199e+01
4.239999999999999858e+01
4.602000000000000313e+01
4.447999999999999687e+01
5.368999999999999773e+01
4.617000000000000171e+01
4.250999999999999801e+01
6.181000000000000227e+01
4.840999999999999659e+01
4.907000000000000028e+01
5.309000000000000341e+01
4.956000000000000227e+01
5.667000000000000171e+01
4.454999999999999716e+01
5.520000000000000284e+01
4.410999999999999943e+01
6.795999999999999375e+01
4.724000000000000199e+01
4.525000000000000000e+01
4.953999999999999915e+01
5.378000000000000114e+01
4.778999999999999915e+01
5.974000000000000199e+01
4.978000000000000114e+01
5.039000000000000057e+01
5.561999999999999744e+01
4.499000000000000199e+01
5.717999999999999972e+01
5.189000000000000057e+01
4.428000000000000114e+01
4.406000000000000227e+01
5.938000000000000256e+01
3.847999999999999687e+01
5.142999999999999972e+01
4.449000000000000199e+01
4.864999999999999858e+01
5.636999999999999744e+01
5.564999999999999858e+01
4.031000000000000227e+01
4.350999999999999801e+01
4.356000000000000227e+01
4.518999999999999773e+01
4.540999999999999659e+01
3.402000000000000313e+01
4.250999999999999801e+01
5.039000000000000057e+01
3.432999999999999829e+01
4.396000000000000085e+01
3.253999999999999915e+01
3.511999999999999744e+01
4.102000000000000313e+01
3.552000000000000313e+01
4.221999999999999886e+01
3.568999999999999773e+01
3.268999999999999773e+01
3.368999999999999773e+01
2.235000000000000142e+01
4.234000000000000341e+01
2.883999999999999986e+01
2.757999999999999829e+01
3.659000000000000341e+01
2.708999999999999986e+01
2.975000000000000000e+01
3.198999999999999844e+01
2.128999999999999915e+01
2.878999999999999915e+01
1.992999999999999972e+01
2.598000000000000043e+01
1.391999999999999993e+01
1.935999999999999943e+01
3.721000000000000085e+01
6.580000000000000071e+00
2.562999999999999901e+01
1.107000000000000028e+01
1.416999999999999993e+01
2.730999999999999872e+01
2.600000000000000089e-01
2.066000000000000014e+01
1.766000000000000014e+01
9.400000000000000355e+00
1.541999999999999993e+01
1.033000000000000007e+01
4.830000000000000071e+00
2.139999999999999858e+01
-6.049999999999999822e+00
1.801999999999999957e+01
1.989999999999999991e+00
4.400000000000000022e-01
1.157000000000000028e+01
-4.320000000000000284e+00
2.500000000000000000e-01
1.166999999999999993e+01
-8.720000000000000639e+00
-7.900000000000000355e-01
5.259999999999999787e+00
-1.025999999999999979e+01
-5.000000000000000000e-01
-8.779999999999999361e+00
5.999999999999999778e-02
-8.750000000000000000e+00
1.040000000000000036e+00
-1.648000000000000043e+01
-5.490000000000000213e+00
-1.050000000000000044e+00
-1.830999999999999872e+01
-7.009999999999999787e+00
-1.601000000000000156e+01
-1.558000000000000007e+01
2.450000000000000178e+00
-2.794999999999999929e+01
-1.378999999999999915e+01
-1.244999999999999929e+01
-3.296999999999999886e+01
-8.419999999999999929e+00
-1.175000000000000000e+01
-2.317000000000000171e+01
-2.196999999999999886e+01
-2.669999999999999929e+01
-1.917999999999999972e+01
-2.128999999999999915e+01
-1.889999999999999858e+01
-2.932000000000000028e+01
-1.733999999999999986e+01
-3.513000000000000256e+01
-2.119000000000000128e+01
-2.532000000000000028e+01
-2.839000000000000057e+01
-3.321999999999999886e+01
-2.294000000000000128e+01
-3.224000000000000199e+01
-3.204999999999999716e+01
-3.096000000000000085e+01
-3.854999999999999716e+01
-2.371999999999999886e+01
-4.328999999999999915e+01
-3.171999999999999886e+01
-3.542999999999999972e+01
-2.873999999999999844e+01
-2.962000000000000099e+01
-4.693999999999999773e+01
-4.367000000000000171e+01
-2.755000000000000071e+01
-3.153000000000000114e+01
-4.521000000000000085e+01
-3.306000000000000227e+01
-5.025000000000000000e+01
-3.952000000000000313e+01
-4.636999999999999744e+01
-2.737999999999999901e+01
-4.435000000000000142e+01
-4.036999999999999744e+01
-4.089999999999999858e+01
-5.182999999999999829e+01
-3.550999999999999801e+01
-4.488000000000000256e+01
-4.435000000000000142e+01
-4.199000000000000199e+01
-4.607999999999999829e+01
-4.836999999999999744e+01
-4.424000000000000199e+01
-4.607000000000000028e+01
-3.535000000000000142e+01
-5.453000000000000114e+01
-4.671000000000000085e+01
-4.142999999999999972e+01
-4.763000000000000256e+01
-5.356000000000000227e+01
-4.142999999999999972e+01
-4.467999999999999972e+01
-5.081000000000000227e+01
-5.410999999999999943e+01
-3.834000000000000341e+01
-5.288000000000000256e+01
-4.546000000000000085e+01
-6.171000000000000085e+01
-4.156000000000000227e+01
-4.397999999999999687e+01
-4.457999999999999829e+01
-4.689000000000000057e+01
-4.395000000000000284e+01
-5.806000000000000227e+01
-4.642000000000000171e+01
-5.775000000000000000e+01
-4.907999999999999829e+01
-3.504999999999999716e+01
-5.527000000000000313e+01
-4.478000000000000114e+01
-4.607000000000000028e+01
-5.249000000000000199e+01
-5.318999999999999773e+01
-5.528999999999999915e+01
-3.775999999999999801e+01
-5.300999999999999801e+01
-4.411999999999999744e+01
-4.260999999999999943e+01
-5.047999999999999687e+01
-4.532999999999999829e+01
-4.775000000000000000e+01
-4.578999999999999915e+01
-5.136999999999999744e+01
-3.832000000000000028e+01
-5.288000000000000256e+01
-4.202000000000000313e+01
-4.943999999999999773e+01
-3.934000000000000341e+01
-4.371000000000000085e+01
-4.388000000000000256e+01
-4.386999999999999744e+01
-5.534000000000000341e+01
-2.810999999999999943e+01
-5.342999999999999972e+01
-4.110999999999999943e+01
-3.811999999999999744e+01
-4.200999999999999801e+01
-3.450999999999999801e+01
-4.525999999999999801e+01
-4.734000000000000341e+01
-3.840999999999999659e+01
-3.900000000000000000e+01
-4.597999999999999687e+01
-4.513000000000000256e+01
-2.353999999999999915e+01
-2.923999999999999844e+01
-4.554999999999999716e+01
-2.519000000000000128e+01
-5.393999999999999773e+01
-3.198000000000000043e+01
-3.414999999999999858e+01
-3.367000000000000171e+01
-3.371999999999999886e+01
-2.458999999999999986e+01
-3.464999999999999858e+01
-4.649000000000000199e+01
-1.901000000000000156e+01
-3.585000000000000142e+01
-2.776000000000000156e+01
-2.992000000000000171e+01
-3.356000000000000227e+01
-3.021000000000000085e+01
-2.025000000000000000e+01
-2.648999999999999844e+01
-3.585999999999999943e+01
-2.110999999999999943e+01
-3.175000000000000000e+01
-2.573999999999999844e+01
-2.228999999999999915e+01
-2.505000000000000071e+01
-1.447000000000000064e+01
-2.385999999999999943e+01
-1.755000000000000071e+01
-2.894000000000000128e+01
-1.322000000000000064e+01
-6.040000000000000036e+00
-2.730000000000000071e+01
-2.180999999999999872e+01
-2.203000000000000114e+01
-1.926999999999999957e+01
-8.470000000000000639e+00
-8.080000000000000071e+00
-1.721000000000000085e+01
-1.502999999999999936e+01
-1.662000000000000099e+01
-2.112000000000000099e+01
-8.710000000000000853e+00
-9.100000000000000311e-01
-1.510999999999999943e+01
-1.051999999999999957e+01
4.129999999999999893e+00
-1.496000000000000085e+01
-9.619999999999999218e+00
-1.350000000000000089e+00
-7.879999999999999893e+00
-4.199999999999999845e-01
-7.540000000000000036e+00
-1.449999999999999956e+00
7.389999999999999680e+00
-1.163000000000000078e+01
1.770000000000000018e+00
1.120000000000000107e+00
-1.260000000000000009e+00
7.730000000000000426e+00
-1.028999999999999915e+01
7.629999999999999893e+00
7.080000000000000071e+00
-4.450000000000000178e+00
2.169999999999999929e+00
8.759999999999999787e+00
1.651999999999999957e+01
-3.609999999999999876e+00
9.570000000000000284e+00
4.209999999999999964e+00
1.978000000000000114e+01
-2.189999999999999947e+00
2.273000000000000043e+01
1.067999999999999972e+01
5.280000000000000249e+00
1.547000000000000064e+01
1.294999999999999929e+01
2.289000000000000057e+01
5.000000000000000000e-01
2.276000000000000156e+01
2.148999999999999844e+01
1.500000000000000000e+01
1.233999999999999986e+01
1.584999999999999964e+01
1.588000000000000078e+01
2.732999999999999829e+01
4.459999999999999964e+00
3.896999999999999886e+01
3.750000000000000000e+00
2.726000000000000156e+01
2.371000000000000085e+01
1.567999999999999972e+01
3.714000000000000057e+01
1.878000000000000114e+01
2.507999999999999829e+01
2.292000000000000171e+01
2.921000000000000085e+01
2.721000000000000085e+01
2.194000000000000128e+01
2.892000000000000171e+01
2.946000000000000085e+01
2.044999999999999929e+01
3.075000000000000000e+01
3.425000000000000000e+01
2.217999999999999972e+01
3.365999999999999659e+01
3.340999999999999659e+01
3.060000000000000142e+01
1.748999999999999844e+01
3.614000000000000057e+01
3.563000000000000256e+01
3.112999999999999901e+01
3.588000000000000256e+01
2.921000000000000085e+01
3.260999999999999943e+01
3.639000000000000057e+01
3.352000000000000313e+01
2.837999999999999901e+01
4.299000000000000199e+01
3.588000000000000256e+01
4.120000000000000284e+01
3.176000000000000156e+01
2.303000000000000114e+01
4.770000000000000284e+01
3.382999999999999829e+01
3.017999999999999972e+01
3.867000000000000171e+01
4.222999999999999687e+01
3.385999999999999943e+01
3.882000000000000028e+01
3.132000000000000028e+01
3.981000000000000227e+01
4.546999999999999886e+01
3.742000000000000171e+01
3.499000000000000199e+01
4.161999999999999744e+01
3.096000000000000085e+01
4.272999999999999687e+01
4.361999999999999744e+01
2.587000000000000099e+01
5.363000000000000256e+01
2.983999999999999986e+01
4.571000000000000085e+01
4.339000000000000057e+01
1.862000000000000099e+01
4.610000000000000142e+01
4.047999999999999687e+01
4.428999999999999915e+01
3.503000000000000114e+01
3.921999999999999886e+01
4.553999999999999915e+01
1.807999999999999829e+01
5.043999999999999773e+01
4.128999999999999915e+01
4.274000000000000199e+01
3.211999999999999744e+01
2.619999999999999929e+01
5.271999999999999886e+01
3.339000000000000057e+01
3.485999999999999943e+01
3.856000000000000227e+01
3.489999999999999858e+01
4.278000000000000114e+01
4.402000000000000313e+01
2.653000000000000114e+01
3.940999999999999659e+01
3.739000000000000057e+01
3.945000000000000284e+01
3.327000000000000313e+01
3.682999999999999829e+01
2.742999999999999972e+01
4.322999999999999687e+01
3.746000000000000085e+01
3.504999999999999716e+01
2.901999999999999957e+01
3.094999999999999929e+01
4.547999999999999687e+01
3.235999999999999943e+01
3.210999999999999943e+01
2.860999999999999943e+01
3.607000000000000028e+01
3.638000000000000256e+01
1.880000000000000071e+01
4.542999999999999972e+01
2.535999999999999943e+01
2.619000000000000128e+01
3.940999999999999659e+01
1.648999999999999844e+01
4.600000000000000000e+01
2.119999999999999929e+01
3.094999999999999929e+01
2.803999999999999915e+01
3.085000000000000142e+01
2.957999999999999829e+01
2.053999999999999915e+01
2.405999999999999872e+01
2.255000000000000071e+01
3.352000000000000313e+01
2.867999999999999972e+01
1.068999999999999950e+01
4.157999999999999829e+01
2.005999999999999872e+01
2.633999999999999986e+01
1.844000000000000128e+01
1.998999999999999844e+01
2.553000000000000114e+01
1.475999999999999979e+01
1.842999999999999972e+01
2.867999999999999972e+01
4.339999999999999858e+00
2.973999999999999844e+01
1.231000000000000050e+01
3.067999999999999972e+01
1.310999999999999943e+01
1.919999999999999929e+01
1.122000000000000064e+01
8.779999999999999361e+00
2.528000000000000114e+01
5.110000000000000320e+00
2.378000000000000114e+01
4.450000000000000178e+00
1.592999999999999972e+01
9.519999999999999574e+00
1.685999999999999943e+01
4.790000000000000036e+00
1.502999999999999936e+01
1.290000000000000036e+01
3.979999999999999982e+00
1.814999999999999858e+01
7.580000000000000071e+00
-1.042999999999999972e+01
2.069000000000000128e+01
-2.370000000000000107e+00
7.030000000000000249e+00
8.039999999999999147e+00
8.900000000000000133e-01
-2.200000000000000178e+00
1.224000000000000021e+01
9.189999999999999503e+00
-2.279999999999999805e+00
-5.699999999999999512e-01
1.410999999999999943e+01
-6.290000000000000036e+00
-3.810000000000000053e+00
-7.690000000000000391e+00
6.780000000000000249e+00
-8.310000000000000497e+00
-3.509999999999999787e+00
1.370000000000000107e+00
-6.980000000000000426e+00
3.279999999999999805e+00
-4.230000000000000426e+00
-5.999999999999999778e-01
-5.660000000000000142e+00
-1.935999999999999943e+01
-4.179999999999999716e+00
-6.690000000000000391e+00
-1.092999999999999972e+01
-3.129999999999999893e+00
-8.169999999999999929e+00
-1.325000000000000000e+01
-1.561999999999999922e+01
2.140000000000000124e+00
-1.760999999999999943e+01
-1.416999999999999993e+01
-1.764000000000000057e+01
-4.940000000000000391e+00
-7.629999999999999893e+00
-1.075999999999999979e+01
-2.642999999999999972e+01
-1.200999999999999979e+01
-1.416000000000000014e+01
-2.017000000000000171e+01
-2.235999999999999943e+01
-1.766000000000000014e+01
-8.189999999999999503e+00
-1.742000000000000171e+01
-2.794999999999999929e+01
-1.024000000000000021e+01
-1.164000000000000057e+01
-1.441999999999999993e+01
-2.853000000000000114e+01
-2.971000000000000085e+01
-1.807999999999999829e+01
-2.114999999999999858e+01
-2.062999999999999901e+01
-1.509999999999999964e+01
-3.039000000000000057e+01
-2.132000000000000028e+01
-2.382999999999999829e+01
-1.858999999999999986e+01
-2.598000000000000043e+01
-2.930000000000000071e+01
-2.389999999999999858e+01
-2.830000000000000071e+01
-1.982999999999999829e+01
-2.832000000000000028e+01
-1.584999999999999964e+01
-4.296000000000000085e+01
-2.364999999999999858e+01
-2.428000000000000114e+01
-2.016000000000000014e+01
-3.750000000000000000e+01
-2.205999999999999872e+01
-2.576999999999999957e+01
-2.846999999999999886e+01
-2.669999999999999929e+01
-2.825000000000000000e+01
-3.119999999999999929e+01
-2.082000000000000028e+01
-3.639000000000000057e+01
-3.302000000000000313e+01
-3.067000000000000171e+01
-3.148000000000000043e+01
-1.666000000000000014e+01
-3.615999999999999659e+01
-2.539999999999999858e+01
-3.938000000000000256e+01
-2.989000000000000057e+01
-2.348000000000000043e+01
-2.858999999999999986e+01
-3.582000000000000028e+01
-3.353000000000000114e+01
-2.816000000000000014e+01
-2.380999999999999872e+01
-3.928999999999999915e+01
-2.283999999999999986e+01
-3.610000000000000142e+01
-3.030000000000000071e+01
-3.629999999999999716e+01
-1.828000000000000114e+01
-3.581000000000000227e+01
-3.539000000000000057e+01
-3.710999999999999943e+01
-1.887999999999999901e+01
-4.279999999999999716e+01
-2.573000000000000043e+01
-3.041000000000000014e+01
-3.489000000000000057e+01
-2.853000000000000114e+01
-3.087000000000000099e+01
-3.942999999999999972e+01
-2.310999999999999943e+01
-2.973000000000000043e+01
-3.200999999999999801e+01
-2.657000000000000028e+01
-2.748999999999999844e+01
-3.253999999999999915e+01
-3.464000000000000057e+01
-2.448999999999999844e+01
-2.628999999999999915e+01
-2.739000000000000057e+01
-3.389000000000000057e+01
-2.585999999999999943e+01
-3.385000000000000142e+01
-2.548000000000000043e+01
-4.453000000000000114e+01
-1.148000000000000043e+01
-3.232000000000000028e+01
-3.342000000000000171e+01
-1.912999999999999901e+01
-3.234000000000000341e+01
-2.269999999999999929e+01
-2.498000000000000043e+01
-3.281000000000000227e+01
-2.096999999999999886e+01
-3.182999999999999829e+01
-2.091000000000000014e+01
-3.030999999999999872e+01
-2.150000000000000000e+01
-2.569999999999999929e+01
-1.989000000000000057e+01
-3.010999999999999943e+01
-2.303000000000000114e+01
-1.594999999999999929e+01
-2.780000000000000071e+01
-2.076000000000000156e+01
-2.405999999999999872e+01
-3.003999999999999915e+01
-1.950000000000000000e+01
-2.325000000000000000e+01
-1.291999999999999993e+01
-3.028000000000000114e+01
-2.385000000000000142e+01
-7.929999999999999716e+00
-2.112999999999999901e+01
-2.269999999999999929e+01
-2.283999999999999986e+01
1.860000000000000098e+00
-3.135999999999999943e+01
-2.057999999999999829e+01
-6.580000000000000071e+00
-2.575000000000000000e+01
-1.097000000000000064e+01
-2.716000000000000014e+01
-1.140000000000000036e+01
-5.440000000000000391e+00
-1.907999999999999829e+01
-1.750000000000000000e+01
-1.363000000000000078e+01
-9.669999999999999929e+00
-1.440000000000000036e+01
-9.810000000000000497e+00
-1.851000000000000156e+01
-6.080000000000000071e+00
-8.769999999999999574e+00
-1.268999999999999950e+01
-1.293999999999999950e+01
-1.692000000000000171e+01
-1.350000000000000089e+00
-2.959999999999999964e+00
-1.273000000000000043e+01
-9.779999999999999361e+00
-4.410000000000000142e+00
7.599999999999999645e+00
-2.037000000000000099e+01
-1.566999999999999993e+01
2.450000000000000178e+00
-4.730000000000000426e+00
-2.939999999999999947e+00
-4.910000000000000142e+00
-1.110000000000000098e+00
-5.139999999999999680e+00
-6.320000000000000284e+00
3.270000000000000018e+00
-6.830000000000000071e+00
2.540000000000000036e+00
-4.280000000000000249e+00
5.919999999999999929e+00
-3.950000000000000178e+00
1.729999999999999982e+00
7.690000000000000391e+00
-1.010000000000000009e+00
6.150000000000000355e+00
3.939999999999999947e+00
2.200000000000000011e-01
-2.410000000000000142e+00
3.330000000000000071e+00
6.000000000000000000e+00
5.900000000000000355e+00
9.390000000000000568e+00
3.620000000000000107e+00
7.320000000000000284e+00
9.699999999999999289e+00
4.620000000000000107e+00
-9.400000000000000355e+00
1.593999999999999950e+01
1.135999999999999943e+01
2.223000000000000043e+01
-2.310000000000000053e+00
9.470000000000000639e+00
1.750000000000000000e+01
8.599999999999999867e-01
1.776000000000000156e+01
1.098000000000000043e+01
9.250000000000000000e+00
9.539999999999999147e+00
1.955000000000000071e+01
1.294999999999999929e+01
1.571000000000000085e+01
5.330000000000000071e+00
1.673000000000000043e+01
1.449000000000000021e+01
1.376999999999999957e+01
1.109999999999999964e+01
1.901000000000000156e+01
1.196000000000000085e+01
1.937999999999999901e+01
2.144000000000000128e+01
1.776999999999999957e+01
1.161999999999999922e+01
1.664000000000000057e+01
1.805000000000000071e+01
2.225000000000000000e+01
4.929999999999999716e+00
2.564999999999999858e+01
2.391000000000000014e+01
3.278999999999999915e+01
7.500000000000000000e+00
2.719000000000000128e+01
6.799999999999999822e+00
1.980999999999999872e+01
2.953999999999999915e+01
1.226999999999999957e+01
2.360999999999999943e+01
1.188000000000000078e+01
2.826000000000000156e+01
2.478000000000000114e+01
2.132999999999999829e+01
2.667000000000000171e+01
1.839000000000000057e+01
1.583999999999999986e+01
2.346999999999999886e+01
2.825000000000000000e+01
2.544999999999999929e+01
2.317999999999999972e+01
2.537000000000000099e+01
1.696999999999999886e+01
2.816000000000000014e+01
2.057999999999999829e+01
2.296000000000000085e+01
2.521000000000000085e+01
1.408999999999999986e+01
2.937999999999999901e+01
2.875000000000000000e+01
1.971000000000000085e+01
3.335000000000000142e+01
1.741000000000000014e+01
2.860999999999999943e+01
1.908999999999999986e+01
2.601999999999999957e+01
2.575000000000000000e+01
2.780999999999999872e+01
2.621000000000000085e+01
2.219000000000000128e+01
2.319999999999999929e+01
3.340999999999999659e+01
2.298999999999999844e+01
1.987000000000000099e+01
3.035999999999999943e+01
1.901999999999999957e+01
2.889000000000000057e+01
2.464000000000000057e+01
2.535000000000000142e+01
2.696999999999999886e+01
2.139999999999999858e+01
1.944999999999999929e+01
3.021999999999999886e+01
2.305999999999999872e+01
2.589000000000000057e+01
2.707000000000000028e+01
2.442000000000000171e+01
1.511999999999999922e+01
3.220000000000000284e+01
3.439999999999999858e+01
1.657999999999999829e+01
2.021999999999999886e+01
1.837000000000000099e+01
2.003000000000000114e+01
2.773999999999999844e+01
2.232000000000000028e+01
1.976000000000000156e+01
2.892999999999999972e+01
1.976999999999999957e+01
2.110000000000000142e+01
1.946000000000000085e+01
2.492999999999999972e+01
3.267000000000000171e+01
6.120000000000000107e+00
2.530000000000000071e+01
2.085999999999999943e+01
2.116000000000000014e+01
2.335999999999999943e+01
1.294999999999999929e+01
2.069999999999999929e+01
2.635000000000000142e+01
2.351000000000000156e+01
1.343999999999999950e+01
2.367000000000000171e+01
1.231000000000000050e+01
2.369999999999999929e+01
1.459999999999999964e+01
1.239000000000000057e+01
2.119000000000000128e+01
3.121000000000000085e+01
1.199999999999999956e+00
1.700000000000000000e+01
2.492999999999999972e+01
1.933999999999999986e+01
1.628999999999999915e+01
1.596000000000000085e+01
1.409999999999999964e+01
1.147000000000000064e+01
1.515000000000000036e+01
1.625000000000000000e+01
1.591999999999999993e+01
1.110999999999999943e+01
1.969999999999999929e+01
1.599000000000000021e+01
-4.899999999999999911e-01
1.450999999999999979e+01
2.135000000000000142e+01
1.274000000000000021e+01
3.509999999999999787e+00
1.825000000000000000e+01
3.240000000000000213e+00
1.844000000000000128e+01
6.450000000000000178e+00
6.269999999999999574e+00
9.990000000000000213e+00
7.799999999999999822e+00
4.309999999999999609e+00
7.620000000000000107e+00
1.605999999999999872e+01
5.830000000000000071e+00
1.939999999999999947e+00
6.200000000000000178e+00
1.365000000000000036e+01
5.480000000000000426e+00
1.330000000000000071e+00
9.599999999999999645e+00
-2.890000000000000124e+00
1.851999999999999957e+01
-3.499999999999999778e-01
1.929999999999999938e+00
6.480000000000000426e+00
-2.640000000000000124e+00
2.859999999999999876e+00
1.033000000000000007e+01
-6.450000000000000178e+00
1.149999999999999911e+00
5.769999999999999574e+00
5.059999999999999609e+00
-7.129999999999999893e+00
-9.730000000000000426e+00
1.167999999999999972e+01
2.279999999999999805e+00
3.350000000000000089e+00
-8.339999999999999858e+00
-4.959999999999999964e+00
-6.919999999999999929e+00
3.290000000000000036e+00
4.519999999999999574e+00
-6.669999999999999929e+00
-7.519999999999999574e+00
-4.339999999999999858e+00
-6.400000000000000133e-01
-7.559999999999999609e+00
-5.429999999999999716e+00
-7.290000000000000036e+00
-4.600000000000000200e-01
-1.342999999999999972e+01
-5.309999999999999609e+00
-3.540000000000000036e+00
-1.265000000000000036e+01
-8.109999999999999432e+00
-8.919999999999999929e+00
-6.530000000000000249e+00
-8.599999999999999645e+00
-1.124000000000000021e+01
-4.950000000000000178e+00
-1.167999999999999972e+01
-1.440000000000000036e+01
-8.839999999999999858e+00
-6.349999999999999645e+00
-9.980000000000000426e+00
-9.699999999999999734e-01
-2.582000000000000028e+01
-1.280000000000000071e+01
-1.175999999999999979e+01
-1.066999999999999993e+01
-1.109999999999999964e+01
-9.369999999999999218e+00
-1.199000000000000021e+01
-2.157999999999999829e+01
-7.500000000000000000e+00
-1.231000000000000050e+01
-1.876000000000000156e+01
-9.349999999999999645e+00
-1.996000000000000085e+01
-7.910000000000000142e+00
-2.017000000000000171e+01
-1.651000000000000156e+01
-5.830000000000000071e+00
-2.246999999999999886e+01
-1.771999999999999886e+01
-1.778000000000000114e+01
-1.284999999999999964e+01
-1.410999999999999943e+01
-1.023000000000000043e+01
-2.312999999999999901e+01
-2.221999999999999886e+01
-2.292999999999999972e+01
-3.379999999999999893e+00
-1.655999999999999872e+01
-2.064999999999999858e+01
-1.826000000000000156e+01
-2.316000000000000014e+01
-1.432000000000000028e+01
-1.805000000000000071e+01
-2.317999999999999972e+01
-1.546000000000000085e+01
-2.425000000000000000e+01
-1.226999999999999957e+01
-2.441000000000000014e+01
-1.173000000000000043e+01
-2.676000000000000156e+01
-1.744000000000000128e+01
-2.110999999999999943e+01
-1.260999999999999943e+01
-2.717999999999999972e+01
-7.559999999999999609e+00
-3.185999999999999943e+01
-1.040000000000000036e+01
-2.898000000000000043e+01
-1.340000000000000036e+01
-2.201999999999999957e+01
-1.814000000000000057e+01
-2.032999999999999829e+01
-1.883999999999999986e+01
-2.262999999999999901e+01
-2.041000000000000014e+01
-2.107000000000000028e+01
-6.190000000000000391e+00
-2.476000000000000156e+01
-2.578999999999999915e+01
-3.019999999999999929e+01
-5.969999999999999751e+00
-2.762999999999999901e+01
-1.249000000000000021e+01
-1.885000000000000142e+01
-2.135999999999999943e+01
-1.808999999999999986e+01
-2.496999999999999886e+01
-1.522000000000000064e+01
-2.442000000000000171e+01
-1.499000000000000021e+01
-3.051999999999999957e+01
-1.317999999999999972e+01
-9.509999999999999787e+00
-1.830999999999999872e+01
-2.396000000000000085e+01
-1.778999999999999915e+01
-2.333999999999999986e+01
-1.374000000000000021e+01
-2.810000000000000142e+01
-6.250000000000000000e+00
-2.582999999999999829e+01
-1.664999999999999858e+01
-9.789999999999999147e+00
-2.048999999999999844e+01
-2.108999999999999986e+01
-2.635000000000000142e+01
-1.421000000000000085e+01
-1.807999999999999829e+01
-1.912000000000000099e+01
-1.109999999999999964e+01
-1.853000000000000114e+01
-9.599999999999999645e+00
-2.296000000000000085e+01
-1.172000000000000064e+01
-2.405999999999999872e+01
-1.696000000000000085e+01
-1.275000000000000000e+01
-1.261999999999999922e+01
-1.714000000000000057e+01
-1.198000000000000043e+01
-1.025000000000000000e+01
-1.732999999999999829e+01
-1.364000000000000057e+01
-1.528999999999999915e+01
-2.244999999999999929e+01
-1.183000000000000007e+01
-1.126999999999999957e+01
-5.500000000000000000e+00
-1.480000000000000071e+01
-1.153999999999999915e+01
-1.311999999999999922e+01
-1.500000000000000000e+01
-1.008999999999999986e+01
-1.617999999999999972e+01
-9.609999999999999432e+00
-1.050000000000000000e+01
-1.393999999999999950e+01
3.859999999999999876e+00
-1.832999999999999829e+01
-4.309999999999999609e+00
-1.322000000000000064e+01
-9.609999999999999432e+00
-1.096000000000000085e+01
-1.236999999999999922e+01
-8.289999999999999147e+00
-5.049999999999999822e+00
-1.389999999999999902e+00
-1.776000000000000156e+01
-1.409999999999999920e+00
-8.619999999999999218e+00
-4.370000000000000107e+00
-6.790000000000000036e+00
-6.410000000000000142e+00
-1.234999999999999964e+01
-4.070000000000000284e+00
0.000000000000000000e+00
-4.559999999999999609e+00
-1.560000000000000053e+00
-1.416000000000000014e+01
-9.070000000000000284e+00
4.549999999999999822e+00
-8.660000000000000142e+00
1.900000000000000022e-01
-2.149999999999999911e+00
-6.040000000000000036e+00
2.220000000000000195e+00
-6.599999999999999645e+00
-3.430000000000000160e+00
1.213000000000000078e+01
-7.719999999999999751e+00
-2.839999999999999858e+00
3.009999999999999787e+00
-3.770000000000000018e+00
-2.000000000000000000e+00
1.560000000000000053e+00
9.289999999999999147e+00
-1.360000000000000098e+00
-6.419999999999999929e+00
3.819999999999999840e+00
3.609999999999999876e+00
2.040000000000000036e+00
7.700000000000000178e-01
7.129999999999999893e+00
1.189999999999999947e+00
2.160000000000000142e+00
4.650000000000000355e+00
7.209999999999999964e+00
6.330000000000000071e+00
3.009999999999999787e+00
-8.800000000000000044e-01
9.960000000000000853e+00
-2.040000000000000036e+00
4.059999999999999609e+00
1.300000000000000000e+01
5.860000000000000320e+00
8.429999999999999716e+00
1.006000000000000050e+01
3.520000000000000018e+00
2.379999999999999893e+00
8.769999999999999574e+00
7.379999999999999893e+00
6.730000000000000426e+00
1.102999999999999936e+01
9.320000000000000284e+00
8.830000000000000071e+00
3.520000000000000018e+00
1.065000000000000036e+01
1.449000000000000021e+01
1.419999999999999929e+00
1.769000000000000128e+01
1.597000000000000064e+01
4.530000000000000249e+00
8.029999999999999361e+00
1.719000000000000128e+01
7.179999999999999716e+00
1.444999999999999929e+01
-1.540000000000000036e+00
1.332000000000000028e+01
1.482000000000000028e+01
1.233999999999999986e+01
7.889999999999999680e+00
1.601999999999999957e+01
2.055999999999999872e+01
1.201999999999999957e+01
1.258000000000000007e+01
6.860000000000000320e+00
1.639999999999999858e+01
4.049999999999999822e+00
1.987999999999999901e+01
8.640000000000000568e+00
2.928999999999999915e+01
1.130000000000000071e+01
5.969999999999999751e+00
1.593999999999999950e+01
1.753999999999999915e+01
8.189999999999999503e+00
1.703000000000000114e+01
1.807000000000000028e+01
1.322000000000000064e+01
9.189999999999999503e+00
1.716000000000000014e+01
1.156000000000000050e+01
4.099999999999999645e+00
3.395000000000000284e+01
1.547000000000000064e+01
6.820000000000000284e+00
1.503999999999999915e+01
1.792000000000000171e+01
1.623999999999999844e+01
2.857000000000000028e+01
8.169999999999999929e+00
1.637000000000000099e+01
9.419999999999999929e+00
2.448999999999999844e+01
-1.979999999999999982e+00
3.320000000000000284e+01
6.929999999999999716e+00
1.885000000000000142e+01
1.507000000000000028e+01
2.837000000000000099e+01
1.830000000000000071e+00
2.235000000000000142e+01
1.294999999999999929e+01
8.869999999999999218e+00
2.258999999999999986e+01
1.992000000000000171e+01
6.059999999999999609e+00
2.614000000000000057e+01
9.720000000000000639e+00
1.871999999999999886e+01
1.726999999999999957e+01
9.839999999999999858e+00
2.442999999999999972e+01
1.444999999999999929e+01
1.522000000000000064e+01
1.360999999999999943e+01
1.424000000000000021e+01
1.390000000000000036e+01
1.905000000000000071e+01
4.120000000000000107e+00
2.450000000000000000e+01
1.605000000000000071e+01
1.414000000000000057e+01
9.689999999999999503e+00
2.360000000000000142e+01
8.789999999999999147e+00
2.235999999999999943e+01
-2.540000000000000036e+00
2.739999999999999858e+01
1.302999999999999936e+01
1.630000000000000071e+01
8.480000000000000426e+00
1.525000000000000000e+01
1.951999999999999957e+01
4.410000000000000142e+00
2.500000000000000000e+01
1.649999999999999911e+00
1.225999999999999979e+01
1.460999999999999943e+01
6.830000000000000071e+00
1.730000000000000071e+01
2.166000000000000014e+01
7.919999999999999929e+00
1.571000000000000085e+01
5.669999999999999929e+00
1.617999999999999972e+01
1.183000000000000007e+01
9.570000000000000284e+00
1.241000000000000014e+01
8.740000000000000213e+00
8.419999999999999929e+00
1.823999999999999844e+01
1.372000000000000064e+01
1.689999999999999947e+00
1.413000000000000078e+01
1.250000000000000000e+01
1.056000000000000050e+01
-1.790000000000000036e+00
1.022000000000000064e+01
1.842999999999999972e+01
4.099999999999999645e+00
1.060999999999999943e+01
1.016000000000000014e+01
7.299999999999999822e-01
2.133999999999999986e+01
-5.639999999999999680e+00
1.058000000000000007e+01
3.839999999999999858e+00
1.651999999999999957e+01
4.290000000000000036e+00
5.610000000000000320e+00
1.467999999999999972e+01
2.740000000000000213e+00
-3.290000000000000036e+00
9.230000000000000426e+00
4.250000000000000000e+00
8.669999999999999929e+00
1.590000000000000080e+00
8.820000000000000284e+00
7.160000000000000142e+00
-1.320000000000000062e+00
1.416999999999999993e+01
5.799999999999999822e+00
-4.679999999999999716e+00
1.700000000000000122e-01
-8.800000000000000044e-01
4.309999999999999609e+00
1.449999999999999956e+00
1.560000000000000053e+00
1.033999999999999986e+01
6.500000000000000222e-01
8.999999999999999667e-02
1.280000000000000027e+00
1.193999999999999950e+01
-1.426999999999999957e+01
9.970000000000000639e+00
-1.188000000000000078e+01
1.525999999999999979e+01
-1.018999999999999950e+01
1.014000000000000057e+01
-1.025999999999999979e+01
1.010999999999999943e+01
-3.669999999999999929e+00
-8.230000000000000426e+00
1.057000000000000028e+01
-1.017999999999999972e+01
7.429999999999999716e+00
-1.066000000000000014e+01
-1.919999999999999929e+00
-5.339999999999999858e+00
-5.280000000000000249e+00
-1.035999999999999943e+01
-1.290000000000000036e+00
-3.109999999999999876e+00
-5.929999999999999716e+00
9.230000000000000426e+00
-8.369999999999999218e+00
9.230000000000000426e+00
-1.480000000000000071e+01
1.169999999999999929e+00
-1.010999999999999943e+01
-7.629999999999999893e+00
6.339999999999999858e+00
-1.657000000000000028e+01
-4.120000000000000107e+00
-1.410999999999999943e+01
-7.700000000000000178e-01
-8.550000000000000711e+00
-1.649999999999999911e+00
-1.573000000000000043e+01
5.950000000000000178e+00
-1.803000000000000114e+01
-4.299999999999999822e+00
-1.184999999999999964e+01
-8.289999999999999147e+00
-7.150000000000000355e+00
-1.000000000000000000e+01
-3.930000000000000160e+00
-1.901999999999999957e+01
3.799999999999999822e+00
-1.306000000000000050e+01
1.699999999999999956e+00
-1.812999999999999901e+01
-5.490000000000000213e+00
-1.919999999999999929e+00
-2.351000000000000156e+01
5.759999999999999787e+00
-2.280999999999999872e+01
-1.030000000000000071e+01
-9.439999999999999503e+00
-9.990000000000000213e+00
-1.848999999999999844e+01
-8.589999999999999858e+00
-2.919999999999999929e+00
-1.723999999999999844e+01
-6.120000000000000107e+00
-1.264000000000000057e+01
-1.789999999999999858e+01
-3.790000000000000036e+00
-8.619999999999999218e+00
-1.211999999999999922e+01
-1.199000000000000021e+01
-1.214000000000000057e+01
-1.291000000000000014e+01
-2.729999999999999982e+00
-1.355000000000000071e+01
-1.314000000000000057e+01
-1.421000000000000085e+01
-1.265000000000000036e+01
-1.446000000000000085e+01
-6.349999999999999645e+00
-1.857000000000000028e+01
-7.919999999999999929e+00
-1.742999999999999972e+01
-6.160000000000000142e+00
-1.156000000000000050e+01
-1.876999999999999957e+01
-5.700000000000000178e+00
-3.178000000000000114e+01
-4.349999999999999645e+00
-1.266999999999999993e+01
-1.283999999999999986e+01
-1.399000000000000021e+01
-3.099999999999999978e-01
-1.535999999999999943e+01
-1.621999999999999886e+01
-2.171999999999999886e+01
-1.339000000000000057e+01
-2.390000000000000124e+00
-1.819999999999999929e+01
-7.800000000000000266e-01
-2.019000000000000128e+01
-1.517999999999999972e+01
-6.639999999999999680e+00
-9.109999999999999432e+00
-2.064999999999999858e+01
-1.367999999999999972e+01
-1.551999999999999957e+01
-8.560000000000000497e+00
-1.817999999999999972e+01
-4.519999999999999574e+00
-1.558999999999999986e+01
-1.603999999999999915e+01
-5.790000000000000036e+00
-1.076999999999999957e+01
-1.425000000000000000e+01
-1.692999999999999972e+01
-1.955999999999999872e+01
-1.280000000000000027e+00
-1.077999999999999936e+01
-9.630000000000000782e+00
-8.929999999999999716e+00
-1.006000000000000050e+01
-2.050000000000000000e+01
-8.589999999999999858e+00
-1.683999999999999986e+01
-6.950000000000000178e+00
-1.692999999999999972e+01
4.799999999999999822e-01
-9.050000000000000711e+00
-1.900000000000000000e+01
9.300000000000000488e-01
-2.703000000000000114e+01
-7.129999999999999893e+00
-1.118999999999999950e+01
-1.378999999999999915e+01
-1.601000000000000156e+01
6.099999999999999867e-01
-1.271000000000000085e+01
-3.939999999999999947e+00
-1.158999999999999986e+01
-1.081000000000000050e+01
-1.676999999999999957e+01
-5.139999999999999680e+00
2.830000000000000071e+00
-1.314000000000000057e+01
-1.791000000000000014e+01
-2.240000000000000213e+00
1.400000000000000133e-01
-1.347000000000000064e+01
-8.410000000000000142e+00
-1.817999999999999972e+01
4.099999999999999756e-01
-1.308000000000000007e+01
-8.449999999999999289e+00
-3.120000000000000107e+00
8.720000000000000639e+00
-2.471000000000000085e+01
-5.339999999999999858e+00
2.370000000000000107e+00
-4.099999999999999645e+00
-1.032000000000000028e+01
-9.769999999999999574e+00
-1.058999999999999986e+01
-4.009999999999999787e+00
-4.589999999999999858e+00
-2.799999999999999822e+00
-1.760000000000000009e+00
-7.559999999999999609e+00
-7.070000000000000284e+00
-2.000000000000000000e+00
-1.703999999999999915e+01
6.870000000000000107e+00
1.510000000000000009e+00
-3.859999999999999876e+00
-5.099999999999999645e+00
-1.119999999999999929e+01
-7.419999999999999929e+00
9.050000000000000711e+00
-9.830000000000000071e+00
-9.269999999999999574e+00
1.457000000000000028e+01
-1.330000000000000071e+01
8.900000000000000133e-01
-6.389999999999999680e+00
-4.190000000000000391e+00
1.764999999999999858e+01
-1.531000000000000050e+01
-7.230000000000000426e+00
1.689999999999999858e+01
-4.379999999999999893e+00
-3.220000000000000195e+00
-1.141999999999999993e+01
3.209999999999999964e+00
1.249000000000000021e+01
-9.000000000000000222e-01
2.549999999999999822e+00
-7.400000000000000355e+00
2.470000000000000195e+00
3.819999999999999840e+00
-4.179999999999999716e+00
9.949999999999999289e+00
-7.709999999999999964e+00
9.939999999999999503e+00
-1.010000000000000009e+00
-2.259999999999999787e+00
4.299999999999999933e-01
9.669999999999999929e+00
-6.269999999999999574e+00
1.156000000000000050e+01
-5.919999999999999929e+00
4.400000000000000355e+00
1.533000000000000007e+01
-4.410000000000000142e+00
5.879999999999999893e+00
9.990000000000000213e+00
2.689999999999999947e+00
1.169999999999999929e+01
-2.126999999999999957e+01
2.357000000000000028e+01
-7.759999999999999787e+00
9.660000000000000142e+00
-1.570000000000000062e+00
9.359999999999999432e+00
6.580000000000000071e+00
6.690000000000000391e+00
-2.999999999999999889e-02
6.700000000000000178e+00
2.779999999999999805e+00
1.308999999999999986e+01
8.250000000000000000e+00
4.230000000000000426e+00
1.577999999999999936e+01
-1.008999999999999986e+01
1.703999999999999915e+01
6.679999999999999716e+00
6.139999999999999680e+00
8.230000000000000426e+00
6.929999999999999716e+00
2.609999999999999876e+00
1.457000000000000028e+01
8.589999999999999858e+00
1.086999999999999922e+01
2.830000000000000071e+00
6.500000000000000000e+00
2.770000000000000018e+00
1.297000000000000064e+01
2.470000000000000195e+00
1.803000000000000114e+01
9.499999999999999556e-01
2.103999999999999915e+01
-1.340000000000000080e+00
2.001999999999999957e+01
-6.320000000000000284e+00
1.626000000000000156e+01
1.278999999999999915e+01
1.186999999999999922e+01
6.070000000000000284e+00
9.070000000000000284e+00
8.929999999999999716e+00
1.153999999999999915e+01
5.169999999999999929e+00
1.059999999999999964e+01
4.759999999999999787e+00
9.810000000000000497e+00
1.739999999999999858e+01
5.190000000000000391e+00
1.407000000000000028e+01
2.819999999999999840e+00
1.557000000000000028e+01
9.390000000000000568e+00
9.050000000000000711e+00
1.226999999999999957e+01
4.849999999999999645e+00
8.679999999999999716e+00
1.538000000000000078e+01
1.051999999999999957e+01
2.139999999999999858e+01
3.109999999999999876e+00
1.250000000000000000e+01
5.290000000000000036e+00
1.017999999999999972e+01
1.088000000000000078e+01
1.300000000000000044e+00
7.769999999999999574e+00
2.023999999999999844e+01
1.664000000000000057e+01
-7.600000000000000089e-01
4.389999999999999680e+00
1.330000000000000071e+01
5.320000000000000284e+00
2.087999999999999901e+01
1.100000000000000000e+01
9.710000000000000853e+00
2.029999999999999805e+00
1.916000000000000014e+01
1.083000000000000007e+01
2.970000000000000195e+00
1.072000000000000064e+01
7.530000000000000249e+00
1.200999999999999979e+01
1.250000000000000000e+01
9.820000000000000284e+00
9.080000000000000071e+00
1.560999999999999943e+01
5.309999999999999609e+00
3.810000000000000053e+00
1.171000000000000085e+01
6.799999999999999822e+00
6.280000000000000249e+00
1.041000000000000014e+01
1.617999999999999972e+01
5.290000000000000036e+00
1.052999999999999936e+01
7.900000000000000355e+00
1.405000000000000071e+01
7.969999999999999751e+00
3.830000000000000071e+00
4.980000000000000426e+00
1.283000000000000007e+01
1.366000000000000014e+01
4.669999999999999929e+00
1.635999999999999943e+01
-8.669999999999999929e+00
1.201999999999999957e+01
1.168999999999999950e+01
9.230000000000000426e+00
3.990000000000000213e+00
8.009999999999999787e+00
1.260999999999999943e+01
5.469999999999999751e+00
7.589999999999999858e+00
8.539999999999999147e+00
-7.099999999999999645e-01
5.540000000000000036e+00
1.266999999999999993e+01
-3.109999999999999876e+00
1.773000000000000043e+01
5.849999999999999645e+00
1.070000000000000062e+00
9.490000000000000213e+00
-2.140000000000000124e+00
1.830000000000000071e+00
1.372000000000000064e+01
1.550000000000000044e+00
3.109999999999999876e+00
1.260000000000000009e+00
1.531000000000000050e+01
6.120000000000000107e+00
3.189999999999999947e+00
9.140000000000000568e+00
-3.699999999999999956e-01
7.480000000000000426e+00
-4.030000000000000249e+00
6.860000000000000320e+00
8.060000000000000497e+00
2.060000000000000053e+00
9.130000000000000782e+00
4.019999999999999574e+00
-8.449999999999999289e+00
3.140000000000000124e+00
1.227999999999999936e+01
-5.699999999999999512e-01
-5.250000000000000000e+00
1.350000000000000089e+00
1.386999999999999922e+01
2.000000000000000111e-01
-2.279999999999999805e+00
-8.399999999999999689e-01
-5.200000000000000178e-01
5.070000000000000284e+00
7.179999999999999716e+00
-7.219999999999999751e+00
1.323000000000000043e+01
3.060000000000000053e+00
-6.669999999999999929e+00
9.599999999999999645e-01
-4.230000000000000426e+00
1.386999999999999922e+01
-1.077999999999999936e+01
-4.280000000000000249e+00
-9.799999999999999822e-01
-6.099999999999999867e-01
1.560000000000000053e+00
-1.800000000000000044e+00
1.357000000000000028e+01
-1.398000000000000043e+01
1.499999999999999944e-01
-7.839999999999999858e+00
-3.270000000000000018e+00
-2.999999999999999889e-02
6.219999999999999751e+00
-2.700000000000000178e-01
-1.332000000000000028e+01
5.830000000000000071e+00
3.310000000000000053e+00
-5.259999999999999787e+00
-7.900000000000000355e+00
-4.799999999999999822e+00
-1.010000000000000009e+00
5.200000000000000178e+00
-1.413000000000000078e+01
3.609999999999999876e+00
-3.819999999999999840e+00
-8.789999999999999147e+00
-3.779999999999999805e+00
1.429999999999999938e+00
-1.458999999999999986e+01
8.630000000000000782e+00
-3.459999999999999964e+00
-1.846999999999999886e+01
6.620000000000000107e+00
-8.289999999999999147e+00
-2.229999999999999982e+00
-4.200000000000000178e+00
-1.401999999999999957e+01
-1.719999999999999973e+00
-6.230000000000000426e+00
-1.000000000000000000e+01
5.599999999999999645e+00
8.699999999999999956e-01
-1.755000000000000071e+01
-1.570000000000000062e+00
-6.610000000000000320e+00
-9.570000000000000284e+00
-3.229999999999999982e+00
-4.910000000000000142e+00
-8.460000000000000853e+00
7.600000000000000089e-01
-1.785000000000000142e+01
3.310000000000000053e+00
-6.330000000000000071e+00
-1.732999999999999829e+01
4.589999999999999858e+00
-1.046000000000000085e+01
-9.849999999999999645e+00
2.430000000000000160e+00
-1.539000000000000057e+01
-9.220000000000000639e+00
2.000000000000000000e+00
-1.864000000000000057e+01
-6.209999999999999964e+00
-3.300000000000000155e-01
-1.563000000000000078e+01
-3.410000000000000142e+00
1.229999999999999982e+00
-1.989999999999999858e+01
3.180000000000000160e+00
-1.216000000000000014e+01
-3.709999999999999964e+00
-3.560000000000000053e+00
-1.919000000000000128e+01
-8.320000000000000284e+00
-4.429999999999999716e+00
-1.058000000000000007e+01
-9.960000000000000853e+00
-7.339999999999999858e+00
-7.780000000000000249e+00
-1.350999999999999979e+01
-5.669999999999999929e+00
-2.990000000000000213e+00
-3.009999999999999787e+00
-2.160999999999999943e+01
2.910000000000000142e+00
-1.328999999999999915e+01
-2.879999999999999893e+00
-1.069999999999999929e+01
-1.265000000000000036e+01
-7.019999999999999574e+00
-6.700000000000000178e+00
-3.259999999999999787e+00
-1.471000000000000085e+01
-6.339999999999999858e+00
-7.599999999999999645e+00
-4.980000000000000426e+00
-5.519999999999999574e+00
-2.939999999999999947e+00
-2.889000000000000057e+01
3.330000000000000071e+00
-1.785999999999999943e+01
9.869999999999999218e+00
-1.885999999999999943e+01
-2.000000000000000000e+00
-1.028999999999999915e+01
-1.597000000000000064e+01
4.230000000000000426e+00
-1.553999999999999915e+01
-2.600000000000000089e-01
-1.117999999999999972e+01
-2.970000000000000195e+00
-1.033000000000000007e+01
-6.030000000000000249e+00
-1.901000000000000156e+01
-2.000000000000000000e+00
-3.100000000000000089e+00
-1.541000000000000014e+01
5.660000000000000142e+00
-2.110999999999999943e+01
-6.690000000000000391e+00
4.030000000000000249e+00
-1.610999999999999943e+01
-6.280000000000000249e+00
-6.919999999999999929e+00
2.520000000000000018e+00
-7.019999999999999574e+00
-6.059999999999999609e+00
-1.406000000000000050e+01
-8.470000000000000639e+00
-1.175000000000000000e+01
8.839999999999999858e+00
-1.489000000000000057e+01
2.680000000000000160e+00
-1.921999999999999886e+01
-1.979999999999999982e+00
-8.429999999999999716e+00
1.350000000000000089e+00
-2.549999999999999822e+00
-1.510999999999999943e+01
-1.459999999999999964e+00
-7.349999999999999645e+00
1.139999999999999902e+00
-1.477999999999999936e+01
2.959999999999999964e+00
-1.050000000000000000e+01
7.000000000000000666e-02
-5.030000000000000249e+00
-3.819999999999999840e+00
-5.620000000000000107e+00
-4.519999999999999574e+00
-9.439999999999999503e+00
-2.060000000000000053e+00
-1.351999999999999957e+01
6.019999999999999574e+00
-2.080000000000000071e+00
-7.809999999999999609e+00
-4.769999999999999574e+00
-3.950000000000000178e+00
-4.139999999999999680e+00
-1.260000000000000009e+00
-3.919999999999999929e+00
4.000000000000000222e-01
-5.969999999999999751e+00
5.629999999999999893e+00
-7.860000000000000320e+00
-7.200000000000000178e+00
1.499999999999999944e-01
5.500000000000000444e-01
-1.084999999999999964e+01
6.570000000000000284e+00
-6.690000000000000391e+00
4.160000000000000142e+00
-2.970000000000000195e+00
-5.509999999999999787e+00
-1.739999999999999991e+00
-8.000000000000000444e-01
-2.509999999999999787e+00
2.149999999999999911e+00
-5.320000000000000284e+00
2.270000000000000018e+00
-8.499999999999999778e-01
-1.560000000000000053e+00
6.839999999999999858e+00
5.389999999999999680e+00
-8.300000000000000711e+00
3.209999999999999964e+00
-7.769999999999999574e+00
-6.160000000000000142e+00
8.849999999999999645e+00
-3.709999999999999964e+00
7.250000000000000000e+00
-2.490000000000000213e+00
2.229999999999999982e+00
-1.110000000000000098e+00
3.149999999999999911e+00
-2.620000000000000107e+00
5.320000000000000284e+00
4.199999999999999845e-01
-2.300000000000000100e-01
3.339999999999999858e+00
0.000000000000000000e+00
-2.950000000000000178e+00
1.221000000000000085e+01
-9.929999999999999716e+00
7.700000000000000178e+00
8.330000000000000071e+00
5.519999999999999574e+00
8.900000000000000133e-01
-1.659999999999999920e+00
-2.200000000000000011e-01
2.290000000000000036e+00
7.240000000000000213e+00
4.900000000000000355e+00
-8.699999999999999956e-01
-8.699999999999999956e-01
-4.000000000000000222e-01
1.469999999999999929e+01
-5.490000000000000213e+00
9.330000000000000071e+00
9.099999999999999645e+00
-2.649999999999999911e+00
2.430000000000000160e+00
1.058999999999999986e+01
-7.620000000000000107e+00
4.870000000000000107e+00
7.759999999999999787e+00
7.490000000000000213e+00
2.189999999999999947e+00
2.839999999999999858e+00
1.147000000000000064e+01
4.549999999999999822e+00
-2.290000000000000036e+00
1.728000000000000114e+01
2.419999999999999929e+00
-3.500000000000000000e+00
1.535999999999999943e+01
3.120000000000000107e+00
-1.620000000000000107e+00
-1.050000000000000044e+00
6.969999999999999751e+00
1.975000000000000000e+01
1.860000000000000098e+00
2.279999999999999805e+00
7.400000000000000355e+00
-8.259999999999999787e+00
1.889999999999999858e+01
7.110000000000000320e+00
5.150000000000000355e+00
3.950000000000000178e+00
1.199000000000000021e+01
-8.429999999999999716e+00
1.917999999999999972e+01
-1.139999999999999902e+00
9.859999999999999432e+00
-6.500000000000000222e-01
2.366000000000000014e+01
5.339999999999999858e+00
1.550000000000000044e+00
-2.549999999999999822e+00
9.839999999999999858e+00
5.410000000000000142e+00
7.700000000000000178e-01
8.009999999999999787e+00
1.373000000000000043e+01
-4.299999999999999933e-01
4.190000000000000391e+00
1.363000000000000078e+01
1.149999999999999911e+00
6.730000000000000426e+00
7.190000000000000391e+00
1.494999999999999929e+01
-2.669999999999999929e+00
7.509999999999999787e+00
7.459999999999999964e+00
9.910000000000000142e+00
-1.760000000000000009e+00
1.937000000000000099e+01
-3.939999999999999947e+00
9.470000000000000639e+00
4.900000000000000355e+00
5.269999999999999574e+00
-1.270000000000000018e+00
2.691000000000000014e+01
-2.899999999999999800e-01
1.006000000000000050e+01
5.000000000000000000e-01
8.060000000000000497e+00
2.229999999999999982e+00
2.870000000000000107e+00
8.699999999999999289e+00
1.612999999999999901e+01
6.800000000000000488e-01
1.353999999999999915e+01
3.120000000000000107e+00
4.349999999999999645e+00
-9.200000000000000400e-01
1.064000000000000057e+01
2.640000000000000124e+00
6.969999999999999751e+00
1.318999999999999950e+01
1.489999999999999991e+00
2.209999999999999964e+00
7.620000000000000107e+00
1.099000000000000021e+01
-1.040000000000000036e+00
5.190000000000000391e+00
7.599999999999999645e+00
1.022000000000000064e+01
1.000000000000000021e-02
1.226999999999999957e+01
3.160000000000000142e+00
8.699999999999999289e+00
4.629999999999999893e+00
3.640000000000000124e+00
-2.609999999999999876e+00
1.174000000000000021e+01
-5.169999999999999929e+00
9.919999999999999929e+00
9.169999999999999929e+00
-3.699999999999999956e-01
1.869999999999999929e+01
-2.000000000000000042e-02
1.909999999999999920e+00
6.889999999999999680e+00
-7.620000000000000107e+00
1.153999999999999915e+01
9.599999999999999645e-01
1.172000000000000064e+01
5.769999999999999574e+00
2.600000000000000089e-01
7.150000000000000355e+00
1.879999999999999893e+00
2.180000000000000160e+00
6.290000000000000036e+00
7.559999999999999609e+00
-7.209999999999999964e+00
1.084999999999999964e+01
6.469999999999999751e+00
1.850000000000000089e+00
-5.120000000000000107e+00
3.640000000000000124e+00
-3.509999999999999787e+00
9.679999999999999716e+00
4.379999999999999893e+00
1.750000000000000000e+00
9.960000000000000853e+00
1.051999999999999957e+01
-2.051000000000000156e+01
1.096000000000000085e+01
3.339999999999999858e+00
-1.360000000000000098e+00
1.053999999999999915e+01
-1.673999999999999844e+01
8.369999999999999218e+00
-3.800000000000000044e-01
8.060000000000000497e+00
8.960000000000000853e+00
-5.900000000000000355e+00
8.060000000000000497e+00
-1.023000000000000043e+01
4.500000000000000000e+00
6.849999999999999645e+00
-5.169999999999999929e+00
-6.259999999999999787e+00
2.189999999999999947e+00
8.859999999999999432e+00
-6.799999999999999822e+00
9.849999999999999645e+00
-8.669999999999999929e+00
4.900000000000000355e+00
-2.270000000000000018e+00
7.730000000000000426e+00
-2.810000000000000053e+00
6.349999999999999645e+00
-5.400000000000000355e+00
-1.159999999999999964e+01
9.089999999999999858e+00
-3.620000000000000107e+00
-5.040000000000000036e+00
4.200000000000000178e+00
1.389999999999999902e+00
2.299999999999999822e+00
-3.330000000000000071e+00
-3.270000000000000018e+00
5.910000000000000142e+00
-2.899999999999999911e+00
-9.689999999999999503e+00
1.799999999999999933e-01
-3.859999999999999876e+00
5.459999999999999964e+00
-3.089999999999999858e+00
-5.940000000000000391e+00
2.500000000000000000e-01
-3.970000000000000195e+00
-2.830000000000000071e+00
7.500000000000000000e+00
-5.280000000000000249e+00
-1.739999999999999991e+00
-3.270000000000000018e+00
-7.419999999999999929e+00
5.780000000000000249e+00
-1.422000000000000064e+01
4.309999999999999609e+00
-2.720000000000000195e+00
-2.189999999999999947e+00
-8.880000000000000782e+00
1.459999999999999964e+00
-9.799999999999999822e-01
-1.533999999999999986e+01
6.769999999999999574e+00
3.830000000000000071e+00
-6.259999999999999787e+00
-9.399999999999999467e-01
-1.071000000000000085e+01
-2.669999999999999929e+00
-6.980000000000000426e+00
1.169999999999999929e+00
-5.370000000000000107e+00
3.900000000000000133e-01
-6.290000000000000036e+00
-1.259999999999999964e+01
-4.809999999999999609e+00
-2.770000000000000018e+00
8.089999999999999858e+00
-1.789000000000000057e+01
5.629999999999999893e+00
-4.089999999999999858e+00
-7.549999999999999822e+00
4.629999999999999893e+00
-2.769000000000000128e+01
-2.140000000000000124e+00
6.730000000000000426e+00
-1.030000000000000071e+01
5.300000000000000266e-01
-6.969999999999999751e+00
-6.400000000000000355e+00
5.080000000000000071e+00
-1.573000000000000043e+01
-6.950000000000000178e+00
-2.240000000000000213e+00
1.044999999999999929e+01
-1.371000000000000085e+01
-2.016000000000000014e+01
2.439999999999999947e+00
-8.050000000000000711e+00
5.500000000000000000e+00
-7.269999999999999574e+00
-8.339999999999999858e+00
-8.109999999999999432e+00
-1.189000000000000057e+01
8.359999999999999432e+00
-8.560000000000000497e+00
-1.689999999999999947e+00
-7.429999999999999716e+00
-1.620000000000000107e+00
-9.390000000000000568e+00
-1.669999999999999929e+00
-1.100999999999999979e+01
-1.100999999999999979e+01
-1.100999999999999979e+01
-1.100999999999999979e+01
-1.100999999999999979e+01
-1.100999999999999979e+01
-1.100999999999999979e+01
-1.100999999999999979e+01
-1.100999999999999979e+01
-1.100999999999999979e+01
-1.100999999999999979e+01
-1.100999999999999979e+01
-1.100999999999999979e+01
-1.100999999999999979e+01
-1.100999999999999979e+01
-1.100999999999999979e+01
