-4.278536396809276554e-02
-4.017961887202475130e-02
-4.480689999079857239e-02
-4.170803611090861951e-02
-5.842762110895724503e-02
-5.898354718245739370e-02
-6.006726875506825797e-02
-7.089670960052589510e-02
-7.922178229442930486e-02
-9.538267478638144670e-02
-1.049132938082241451e-01
-1.138211150121299919e-01
-1.310928739084621653e-01
-1.439940130919822037e-01
-1.570617203117983529e-01
-1.721157035087604870e-01
-1.861954589862974963e-01
-2.065175614589205288e-01
-2.277802958403431777e-01
-2.460350312012113960e-01
-2.721873478950457836e-01
-2.889251191203827118e-01
-3.110098067872213434e-01
-3.361842060115109998e-01
-3.574033233972954693e-01
-3.889980549390134601e-01
-4.150698970540608324e-01
-4.366754485376626027e-01
-4.690684903009290641e-01
-4.932892378329310490e-01
-5.231320546456675880e-01
-5.561656094333836675e-01
-5.865454347121588086e-01
-6.187671457971456457e-01
-6.510472710002445096e-01
-6.887121971373811880e-01
-7.215369616139375442e-01
-7.491425030751905911e-01
-7.915658827153790877e-01
-8.272636632180885297e-01
-8.652370750446169989e-01
-8.994004793913982221e-01
-9.416517381514217799e-01
-9.769775757453897924e-01
-1.017997129451222671e+00
-1.060919516065459423e+00
-1.095744966747349558e+00
-1.147442924556447919e+00
-1.182472378182400252e+00
-1.222023752474484581e+00
-1.270647095242205982e+00
-1.308680690191621698e+00
-1.351877860203283488e+00
-1.390630653874130429e+00
-1.436677148957629102e+00
-1.482061655321033511e+00
-1.525021252943321359e+00
-1.568844706661826960e+00
-1.611137419261450487e+00
-1.658390920553527881e+00
-1.703414923447879925e+00
-1.753320424768439967e+00
-1.802241389583502551e+00
-1.838249128345809558e+00
-1.882987799412473517e+00
-1.926668799786882991e+00
-1.974169223272478346e+00
-2.018129446644337133e+00
-2.064515640103471217e+00
-2.113735667908629878e+00
-2.157412635427672143e+00
-2.200320281023223412e+00
-2.247211979386118053e+00
-2.293869747063730369e+00
-2.331935453743827491e+00
-2.375592143485463215e+00
-2.420740665741905051e+00
-2.461950305528444627e+00
-2.497316540258089024e+00
-2.550310227870073998e+00
-2.588560880197035008e+00
-2.641439279386638361e+00
-2.679748018019401101e+00
-2.715284478819022240e+00
-2.764128911190229854e+00
-2.803845678797847185e+00
-2.844532878553112543e+00
-2.879787749709710187e+00
-2.918343551070885944e+00
-2.956465547282810746e+00
-2.999429855029258185e+00
-3.028352787942298452e+00
-3.074454127371945678e+00
-3.104078415650038725e+00
-3.144066769561582486e+00
-3.169810943092087552e+00
-3.211402735255514784e+00
-3.239818162997752271e+00
-3.274081383293275138e+00
-3.301972624436409820e+00
-3.338102001478835401e+00
-3.365103723011861891e+00
-3.390682107687950086e+00
-3.424209763047530330e+00
-3.448677190665568215e+00
-3.471393582077356932e+00
-3.499194907264963295e+00
-3.526180325270240168e+00
-3.542258942840790237e+00
-3.573316225393066148e+00
-3.595264474056436566e+00
-3.613177712292273025e+00
-3.626283132921170882e+00
-3.641786397598318459e+00
-3.660169659288861510e+00
-3.673373616428706079e+00
-3.686495955498369170e+00
-3.700204664674212385e+00
-3.709225733587770968e+00
-3.721023211982921630e+00
-3.732295607147375627e+00
-3.748849176452705212e+00
-3.750429188936396763e+00
-3.759617860426951452e+00
-3.763669686113428003e+00
-3.764501741305570359e+00
-3.770612936770083579e+00
-3.762662479001954274e+00
-3.767029212941027438e+00
-3.765516475442911570e+00
-3.761483891070459773e+00
-3.762036332337720612e+00
-3.751192115589990106e+00
-3.747761683897218088e+00
-3.735124858163828776e+00
-3.730047268140350258e+00
-3.718103290454075616e+00
-3.701388158276242457e+00
-3.692017276181994045e+00
-3.677259477783309194e+00
-3.658130429456773580e+00
-3.638986821545342920e+00
-3.615845085633585310e+00
-3.595228552369140740e+00
-3.577479725993788051e+00
-3.545319952352539605e+00
-3.523835656558458318e+00
-3.495267494071099712e+00
-3.456663450041993269e+00
-3.435883239589524685e+00
-3.404961818540748197e+00
-3.364748579076441981e+00
-3.338003951025428684e+00
-3.296262672462860532e+00
-3.262434307784864540e+00
-3.224278642785278315e+00
-3.177801630189422077e+00
-3.134687192367496600e+00
-3.091838392161570859e+00
-3.046303602887683759e+00
-3.003562549807802906e+00
-2.953865540730025163e+00
-2.908990585012181107e+00
-2.853455999059975046e+00
-2.809348292745667219e+00
-2.748767499647742696e+00
-2.693743837997400359e+00
-2.632910098882789374e+00
-2.586558643035846927e+00
-2.525331411953486871e+00
-2.456787673113262738e+00
-2.393696797685918476e+00
-2.334483406537782191e+00
-2.259358782403602106e+00
-2.197126860077065924e+00
-2.124905502072809149e+00
-2.060964466258158545e+00
-1.996163734701121850e+00
-1.914875546222491787e+00
-1.845506229175342794e+00
-1.768124294910867977e+00
-1.693718909111698423e+00
-1.607530381197096458e+00
-1.531572661063743235e+00
-1.451424983608789132e+00
-1.367644594325080787e+00
-1.288799635723017811e+00
-1.204800670316502620e+00
-1.121437455134403072e+00
-1.038278541852657888e+00
-9.421034828735085354e-01
-8.571869993758062245e-01
-7.733330063209645777e-01
-6.764092943911037548e-01
-5.874349220429804230e-01
-4.938130412930681890e-01
-4.030223085027687113e-01
-3.049966324632205072e-01
-2.110354819026476481e-01
-1.144350524342767350e-01
-2.308244381118008948e-02
7.822184246935402763e-02
1.725989762540185157e-01
2.780640508202752437e-01
3.712773659494701950e-01
4.709363215412983861e-01
5.645483145919372170e-01
6.697055827457804034e-01
7.736559841236764212e-01
8.709848309948864387e-01
9.729172342473220159e-01
1.074362563043882446e+00
1.177358647790192059e+00
1.279451707826955165e+00
1.383763851478211571e+00
1.478272685473045023e+00
1.584028658779974785e+00
1.684507317554677641e+00
1.790984719868059738e+00
1.888805664154543873e+00
2.001651907960472876e+00
2.095997509383770385e+00
2.196028328059886015e+00
2.297216897549438031e+00
2.399052200506377464e+00
2.502835439870553902e+00
2.600491491695898549e+00
2.697610378502287354e+00
2.806194157506322728e+00
2.902713210545360578e+00
2.995402846337367642e+00
3.097968029716986926e+00
3.184122465809443359e+00
3.281806181730403171e+00
3.384544620198942422e+00
3.477657723542156631e+00
3.568997354080691853e+00
3.663166806344989812e+00
3.756143605699864274e+00
3.849263589786780404e+00
3.933623614589851325e+00
4.020009519797462794e+00
4.113441951722134782e+00
4.193946646286241808e+00
4.280949543854855932e+00
4.366654963223856711e+00
4.440732232365762755e+00
4.520878092291508388e+00
4.605727690862115864e+00
4.686498224568202531e+00
4.767222834442518042e+00
4.845470860907639121e+00
4.909673894774403635e+00
4.985867789952219908e+00
5.051806461151869598e+00
5.117497022710951526e+00
5.188521508917419922e+00
5.257069720432931526e+00
5.323403507634924203e+00
5.387345490577541973e+00
5.443346158131954660e+00
5.506431352080983999e+00
5.561430352466872229e+00
5.619364527790725816e+00
5.675053202036727917e+00
5.726108667281967435e+00
5.777486065487016376e+00
5.822249892956969042e+00
5.874613627527002890e+00
5.918015207759358631e+00
5.957107358022310173e+00
6.001649911567931817e+00
6.040451340134290525e+00
6.076143421444337278e+00
6.113626627630854848e+00
6.143681647743197694e+00
6.171428360424809689e+00
6.205243980343213117e+00
6.231275444180290890e+00
6.255241108009435003e+00
6.283812712229019048e+00
6.306094053092807350e+00
6.329261826988387796e+00
6.346505744978529151e+00
6.360935215266414922e+00
6.369557025582633258e+00
6.378432706510729133e+00
6.391734281544114715e+00
6.402460455321753230e+00
6.405342959421001403e+00
6.409217569368492740e+00
6.420136897248444718e+00
6.424862318034161746e+00
6.414864677563963724e+00
6.407518869196108469e+00
6.404371166999579756e+00
6.407475614616218174e+00
6.403056732810755491e+00
6.388413593379327793e+00
6.374756077772638641e+00
6.357578692458810465e+00
6.339710167196941804e+00
6.323422032232701717e+00
6.305657184103568014e+00
6.290443951259962141e+00
6.263852551098540999e+00
6.238288817100292150e+00
6.214092645413396454e+00
6.182281865818072042e+00
6.153984802762670014e+00
6.119207908608370161e+00
6.091104601756707204e+00
6.053624016274795849e+00
6.011969893980840141e+00
5.980828758118767574e+00
5.941147648150157501e+00
5.901424694930808457e+00
5.861218122041098155e+00
5.814678467138717721e+00
5.766245616712385669e+00
5.718544192501447299e+00
5.669500771516394089e+00
5.624636350598742673e+00
5.567108891726880948e+00
5.521358171527647407e+00
5.462283459577085942e+00
5.406642651772544106e+00
5.347953979198919683e+00
5.289957747150995537e+00
5.227748706963967429e+00
5.162630624436610027e+00
5.093434471170999345e+00
5.037389694354581948e+00
4.968083090604981322e+00
4.907483549175322146e+00
4.840481581925400789e+00
4.758246604857501616e+00
4.696200638634995705e+00
4.618563217928193687e+00
4.543602604870789818e+00
4.473955374578520328e+00
4.402427293601205882e+00
4.328999088936637207e+00
4.252446190191431441e+00
4.171488311717755693e+00
4.086661418739099716e+00
4.006244617551367959e+00
3.929209427660788290e+00
3.840498943851183622e+00
3.758423756577436325e+00
3.683896132176633031e+00
3.590221617546132116e+00
3.503256769009652327e+00
3.416576843213988024e+00
3.329501877041906255e+00
3.247059208910915373e+00
3.150128177507355076e+00
3.060076487378170729e+00
2.973385645182683223e+00
2.879223054634838519e+00
2.800307088946392131e+00
2.694895343221390238e+00
2.603211302468423138e+00
2.512395839984796098e+00
2.413829449097160573e+00
2.324829418990780994e+00
2.229120847184291154e+00
2.135577044304174166e+00
2.038337424079549987e+00
1.944391841819883338e+00
1.840392751503277635e+00
1.754833328289556293e+00
1.660218989671117251e+00
1.555358235835829550e+00
1.460199059151165768e+00
1.364403009275725775e+00
1.258127296096700487e+00
1.165041298834380346e+00
1.068081621566243644e+00
9.716868534418923176e-01
8.727723923570110953e-01
7.693713339590052547e-01
6.769987100204667430e-01
5.788771657164545337e-01
4.849352926826862586e-01
3.809703093281819886e-01
2.847296474624063656e-01
1.891168500726346235e-01
9.664267487068400886e-02
-7.064840543080957991e-03
-9.781720187125783617e-02
-2.001594440400866481e-01
-2.960728492471047524e-01
-3.914660309147983130e-01
-4.843426501299686326e-01
-5.748743165115358655e-01
-6.751442208924198773e-01
-7.701720482900413778e-01
-8.622870188822152615e-01
-9.594656293942186442e-01
-1.049167824196556076e+00
-1.146105785783918529e+00
-1.233671003833948676e+00
-1.326075602883072246e+00
-1.420055144011225234e+00
-1.509158358418485335e+00
-1.593391947200993863e+00
-1.680200962843344081e+00
-1.770109618168917986e+00
-1.859751904991209681e+00
-1.951221437365685096e+00
-2.032505548668760209e+00
-2.122089546994527343e+00
-2.202074559568064860e+00
-2.280902685264188268e+00
-2.364702565632265774e+00
-2.450742149512942003e+00
-2.529050098213813769e+00
-2.601780901055593898e+00
-2.695902696200989102e+00
-2.768715973279832543e+00
-2.843157384956559675e+00
-2.911576575808046741e+00
-2.995191003107015248e+00
-3.067139577190600264e+00
-3.144579696994458384e+00
-3.214735681334505824e+00
-3.292510929424194988e+00
-3.349691915500903949e+00
-3.422724568576545057e+00
-3.487736715173412438e+00
-3.554804914405581329e+00
-3.627902824000787785e+00
-3.681187112390531979e+00
-3.744127960979347858e+00
-3.809432919847210997e+00
-3.864557715452455522e+00
-3.921733769734772501e+00
-3.979433187126910632e+00
-4.040744334735463461e+00
-4.090073715973861823e+00
-4.139627539544226131e+00
-4.200085870194319781e+00
-4.254970432202147101e+00
-4.296355021945195141e+00
-4.350131435577818451e+00
-4.396829975462009266e+00
-4.434406457799231482e+00
-4.483014434394147152e+00
-4.525408038787791298e+00
-4.571087832587974908e+00
-4.608522444089863335e+00
-4.651258791649529378e+00
-4.687767293002217173e+00
-4.724790330241690484e+00
-4.759331348393044614e+00
-4.785590435563514156e+00
-4.816792970725371603e+00
-4.849822515900909181e+00
-4.870272327736280715e+00
-4.905817251320481631e+00
-4.921416828327100035e+00
-4.954907412127562694e+00
-4.980612358400499318e+00
-4.994863650988428994e+00
-5.019492333950973162e+00
-5.031313536811290454e+00
-5.050518623196134982e+00
-5.062241937620987287e+00
-5.080909379786080038e+00
-5.099862655446298909e+00
-5.104839574968638161e+00
-5.113973244075683766e+00
-5.116566482348662959e+00
-5.121677940638623916e+00
-5.134576836104508324e+00
-5.132206872544007759e+00
-5.134698738274200203e+00
-5.137064089162688418e+00
-5.133962478306979271e+00
-5.129587199694517707e+00
-5.120267445310594745e+00
-5.120272842843523797e+00
-5.116846505481588814e+00
-5.107537569701108282e+00
-5.098511783052051882e+00
-5.085047226192459746e+00
-5.071735646766724059e+00
-5.061878689865463521e+00
-5.034257914738652140e+00
-5.023733236475073305e+00
-5.002646629589412974e+00
-4.988774495354534544e+00
-4.961719314291613614e+00
-4.939790089241112625e+00
-4.912223807814999788e+00
-4.893882594856087564e+00
-4.868986293280867628e+00
-4.829490778316945843e+00
-4.809638859331729854e+00
-4.784901318314895846e+00
-4.744743868534502695e+00
-4.712674055151993002e+00
-4.673825764714282016e+00
-4.630737835621853371e+00
-4.607333214113391584e+00
-4.564695878714981170e+00
-4.530196479557484501e+00
-4.485588781176819140e+00
-4.438596495966449673e+00
-4.393938261570893289e+00
-4.352228320385592042e+00
-4.306212128605499068e+00
-4.256177516361249857e+00
-4.210608360262602545e+00
-4.168347999330536346e+00
-4.120488689842797925e+00
-4.058490435616900704e+00
-4.011566394689488391e+00
-3.953549955322924969e+00
-3.906982705185550575e+00
-3.843857513342905818e+00
-3.791092816075250393e+00
-3.741303558373245686e+00
-3.675242869653700506e+00
-3.618965961445726798e+00
-3.563641357848436275e+00
-3.496497456998129749e+00
-3.438626996704726935e+00
-3.366621985339240286e+00
-3.309638017377955599e+00
-3.246915786314886976e+00
-3.175829929457185230e+00
-3.109166608602827786e+00
-3.045352452633719675e+00
-2.982243127691406759e+00
-2.914877842092630900e+00
-2.847227407860663639e+00
-2.770818953633695347e+00
-2.708958728524584636e+00
-2.638228873363945404e+00
-2.563159882523196043e+00
-2.498261099600427748e+00
-2.421715769927946571e+00
-2.347904431670521319e+00
-2.277364355045366384e+00
-2.207570227871305413e+00
-2.126823191064187046e+00
-2.057796670159917962e+00
-1.983021426784391972e+00
-1.908373229985563801e+00
-1.828818954674037878e+00
-1.754089006854127275e+00
-1.675243417836652871e+00
-1.603764004598565718e+00
-1.516876503612864191e+00
-1.449456701533174963e+00
-1.368220992156499616e+00
-1.290765740179653731e+00
-1.214623233647470935e+00
-1.125365475468991683e+00
-1.059273989233734836e+00
-9.776852144608625395e-01
-8.995830084168711105e-01
-8.212581971425110261e-01
-7.463328489812921518e-01
-6.697995426679775877e-01
-5.827009162743634896e-01
-5.109675509605732246e-01
-4.299588917470836824e-01
-3.539865400965306885e-01
-2.783356526679875431e-01
-1.987668768604418101e-01
-1.208342511076165304e-01
-4.683069670850917299e-02
2.822322778393066695e-02
1.123541587038671685e-01
1.884336440097034993e-01
2.657616357432281973e-01
3.434994378868786447e-01
4.214076521102037565e-01
4.953965525002286818e-01
5.809789154561569857e-01
6.485218018574747667e-01
7.252927548156150594e-01
7.908974929762866424e-01
8.697348762634431463e-01
9.404204196522477632e-01
1.021964702035362826e+00
1.090858539663490445e+00
1.159434053681669630e+00
1.237846486697785187e+00
1.307656284431626403e+00
1.383593816757786144e+00
1.451208392183135132e+00
1.523235377187952766e+00
1.586899217974001131e+00
1.659456234901357075e+00
1.723056016813248936e+00
1.793516536020079766e+00
1.858925417335726138e+00
1.922166496219729792e+00
1.980189157872942918e+00
2.056999414821240268e+00
2.115692076632933905e+00
2.179679904050112693e+00
2.239592305703943520e+00
2.298562184052611368e+00
2.368563568905258876e+00
2.420963217823817182e+00
2.476249102368224708e+00
2.533215173397208364e+00
2.594396542083007962e+00
2.652509287057677856e+00
2.705224278716888975e+00
2.756525706234945972e+00
2.816534115769024904e+00
2.864649055350223517e+00
2.909916276873275365e+00
2.968236011776159700e+00
3.027351733159422853e+00
3.073287624604201351e+00
3.117049947127198628e+00
3.154915867565028176e+00
3.207411232171645477e+00
3.252236073658271387e+00
3.288603051110523090e+00
3.344469024042774574e+00
3.382136408354882384e+00
3.423460605231595455e+00
3.461625539482377611e+00
3.494141511237800923e+00
3.530867719043500941e+00
3.572766341144006930e+00
3.604225037222017480e+00
3.638547930363778438e+00
3.673885585605354720e+00
3.702713018185705529e+00
3.737767861328125552e+00
3.762575955050347254e+00
3.786512287379507846e+00
3.815581799300064247e+00
3.840617964171391119e+00
3.867386661062620412e+00
3.898012958105347536e+00
3.910282330598281231e+00
3.938084967632994093e+00
3.956167131983192142e+00
3.978572144210715589e+00
3.988808747448648884e+00
4.006315860378482085e+00
4.027984563346429070e+00
4.030442974944113743e+00
4.045710284381653921e+00
4.062384688524630860e+00
4.074372740191525288e+00
4.083644743739832883e+00
4.082268520656397115e+00
4.091677566114651832e+00
4.102120647401877207e+00
4.106367551841104913e+00
4.109693493024608735e+00
4.108694949884063696e+00
4.103983808733866923e+00
4.110176585002285776e+00
4.110408693660278168e+00
4.105280496005358160e+00
4.104681674863204677e+00
4.100336249086376839e+00
4.091209997879438731e+00
4.081711485624579971e+00
4.074786743592277993e+00
4.063909929368604956e+00
4.054767518243809654e+00
4.037069228168724599e+00
4.029384750059641362e+00
4.015098967018428056e+00
3.996696979567963659e+00
3.986486182857530203e+00
3.965144311247042364e+00
3.946719880791712765e+00
3.924033256469043440e+00
3.901665164128080843e+00
3.881946902055598336e+00
3.860425589471737418e+00
3.835274757719761674e+00
3.812683093911944709e+00
3.785002109618971655e+00
3.752466133341944232e+00
3.723757453113402338e+00
3.698234581932894116e+00
3.673940545057676310e+00
3.637181744951439200e+00
3.606247141032049353e+00
3.576011569033537896e+00
3.533716975343710320e+00
3.501210114872424395e+00
3.458996264748928962e+00
3.431925957599668120e+00
3.394343660416345720e+00
3.349866804543625065e+00
3.320040898827940179e+00
3.279125085927367067e+00
3.232870000937830390e+00
3.190796946572969084e+00
3.151572846936075312e+00
3.109722629549786621e+00
3.056997252444876967e+00
3.018907491719065916e+00
2.972371837572151509e+00
2.920066837579979868e+00
2.879633481422771979e+00
2.825203855635350703e+00
2.783172302534842935e+00
2.735575852537597719e+00
2.683762731287890002e+00
2.630213155186896579e+00
2.573466383819912995e+00
2.528680494169643467e+00
2.465534888968096361e+00
2.416312211122331632e+00
2.358790730664114488e+00
2.306296727521134571e+00
2.252851805496935977e+00
2.194525710349152448e+00
2.138774810486322231e+00
2.086335180814475443e+00
2.027471341729286447e+00
1.966382892979571251e+00
1.921343899968567026e+00
1.860119081394145280e+00
1.791445601328407466e+00
1.740759806202528681e+00
1.678078956658727527e+00
1.622299261700022477e+00
1.555954174632580012e+00
1.491460388285294814e+00
1.434123167399442567e+00
1.377339683019991767e+00
1.317161846850779749e+00
1.256053123111957603e+00
1.195845423352685399e+00
1.135773689299167000e+00
1.076920079425088828e+00
1.002606154436528341e+00
9.463412951126046746e-01
8.911803848777155590e-01
8.167083688509875206e-01
7.541102903422731707e-01
6.879750542411519065e-01
6.313110581522553000e-01
5.695845790353608606e-01
5.095813538853013469e-01
4.482674898159044741e-01
3.820576849867255986e-01
3.185173683183400994e-01
2.572712109446418927e-01
1.864136517805505822e-01
1.271248743110061363e-01
6.966230180888893786e-02
7.564424082536665150e-03
-5.914376329316423098e-02
-1.176648922820417720e-01
-1.773639135003697853e-01
-2.426968401703263056e-01
-3.019781349332198994e-01
-3.671015627241909773e-01
-4.199309477686473668e-01
-4.832785516620773381e-01
-5.443399367890250362e-01
-6.051974333304206422e-01
-6.590434250837774455e-01
-7.170442555753588909e-01
-7.803368592761861233e-01
-8.405792572988446398e-01
-8.984454132958996642e-01
-9.567736333261527282e-01
-1.011819094445810086e+00
-1.070454470701460492e+00
-1.130997045244685362e+00
-1.178978162499825677e+00
-1.228300772587323397e+00
-1.289280703589604338e+00
-1.353920791743459029e+00
-1.399752146974684752e+00
-1.450336486637658240e+00
-1.508224143575605414e+00
-1.566400634501284195e+00
-1.611639989206685497e+00
-1.662952850074697952e+00
-1.717065374396078870e+00
-1.758539333301190277e+00
-1.810284816284879472e+00
-1.866743850408583372e+00
-1.912802774497404767e+00
-1.959315927533532120e+00
-2.003256756957408680e+00
-2.053529680393564760e+00
-2.091449123178588554e+00
-2.143655609747679769e+00
-2.186157809551481535e+00
-2.233264201307308738e+00
-2.268352801423237697e+00
-2.312914880904451298e+00
-2.353463898112870822e+00
-2.394278716439869559e+00
-2.438424739021432863e+00
-2.476099934591030394e+00
-2.511691929974249504e+00
-2.543663375470167409e+00
-2.574892747068636467e+00
-2.620790722314747523e+00
-2.650915546690537639e+00
-2.682402929588777241e+00
-2.721053071381543287e+00
-2.753923749429298962e+00
-2.783291008451447723e+00
-2.804782023038181915e+00
-2.833492712212151599e+00
-2.874157986044346025e+00
-2.892372246016195803e+00
-2.927205123863565905e+00
-2.951206653920522616e+00
-2.969596967773076468e+00
-2.999400149138844007e+00
-3.017309343079472850e+00
-3.048607822127872957e+00
-3.062151576366553218e+00
-3.081179541992592696e+00
-3.102113971639509860e+00
-3.122155158469347214e+00
-3.137058881598584481e+00
-3.156664008257950016e+00
-3.172713551366305396e+00
-3.186581300386531979e+00
-3.193847641744337995e+00
-3.214091108405896069e+00
-3.219703151937846730e+00
-3.237538208421780528e+00
-3.246698386955608751e+00
-3.254282571524851786e+00
-3.260909595304675612e+00
-3.270227186448805057e+00
-3.277227262792473894e+00
-3.276860379142033430e+00
-3.280397949479043174e+00
-3.289735325515213304e+00
-3.280857157857301143e+00
-3.287780291288955326e+00
-3.286778806166204880e+00
-3.291326295349854991e+00
-3.289766647233766328e+00
-3.281214219923541453e+00
-3.279003261043925477e+00
-3.270049610631131642e+00
-3.268515705530556925e+00
-3.259147805265120823e+00
-3.261210667483771530e+00
-3.243233634746597982e+00
-3.235142479006393401e+00
-3.230776954361989972e+00
-3.214912738770603795e+00
-3.211924874683155018e+00
-3.190438731320984544e+00
-3.173686533664591192e+00
-3.165394583111972970e+00
-3.149615640186137266e+00
-3.133229476319311591e+00
-3.120069785313370758e+00
-3.101119296348920251e+00
-3.081871252474735368e+00
-3.065709536133307100e+00
-3.038029807722816500e+00
-3.019279240147730192e+00
-3.000028578110945254e+00
-2.965125740990270931e+00
-2.943592451283285172e+00
-2.920341286431719752e+00
-2.898922798615557017e+00
-2.874539166401631984e+00
-2.846603547305962767e+00
-2.822455159548486137e+00
-2.789254797197525004e+00
-2.768785445898753750e+00
-2.737087521698374548e+00
-2.701450351869548516e+00
-2.667841610967891075e+00
-2.640519558878654749e+00
-2.607108556317797809e+00
-2.574125867390905764e+00
-2.538378860724020747e+00
-2.503362998454869093e+00
-2.469791334916745296e+00
-2.431167827328776898e+00
-2.402527618451050451e+00
-2.365044961933166601e+00
-2.321861904740246896e+00
-2.284070459955969135e+00
-2.245406190336654895e+00
-2.204660340442019084e+00
-2.173102884251512101e+00
-2.127909591506811804e+00
-2.088759523172856625e+00
-2.050726650484364200e+00
-2.006513338691129356e+00
-1.955996358990013340e+00
-1.920394408726969759e+00
-1.873969632762814586e+00
-1.828595548259269066e+00
-1.788658069927815175e+00
-1.738561752635703117e+00
-1.688641926024773587e+00
-1.649059171025351267e+00
-1.607918564027877251e+00
-1.552732327613417951e+00
-1.508429254200587710e+00
-1.467776975879871548e+00
-1.422377892366258445e+00
-1.365264672726327788e+00
-1.324602176016929533e+00
-1.282778455796936168e+00
-1.223999162483450753e+00
-1.175225550711954003e+00
-1.127700714246993696e+00
-1.083863689562795996e+00
-1.030265277622553377e+00
-9.875235853824509968e-01
-9.359414081117121142e-01
-8.887930359713984707e-01
-8.378689262016079109e-01
-7.869296369062590557e-01
-7.384563642258087368e-01
-6.870326241533201150e-01
-6.379783506784224567e-01
-5.837048488752529796e-01
-5.316707354950936937e-01
-4.839698059158280552e-01
-4.402357571396846025e-01
-3.858799456411504680e-01
-3.320154791064122146e-01
-2.859357919528222602e-01
-2.390356791310234708e-01
-1.848973617530288716e-01
-1.289657615195439200e-01
-8.113644172016243328e-02
-3.475052313110672808e-02
1.070019635281699993e-02
6.220948266785757130e-02
1.062595283717823746e-01
1.662400798275970315e-01
2.122029158921145409e-01
2.522157250654107896e-01
3.106480925083039413e-01
3.608784841119168085e-01
4.078703391236214726e-01
4.544477287541898169e-01
5.016518263823719348e-01
5.465871249879409310e-01
5.985400692279946311e-01
6.421860823947526109e-01
6.916724122309676481e-01
7.359006544277342243e-01
7.846629234508998296e-01
8.299884313040278849e-01
8.791841009992714673e-01
9.202463461805728828e-01
9.653647310625824707e-01
1.009834802477835192e+00
1.057280445690787163e+00
1.098224984100131030e+00
1.140874244388267122e+00
1.183656479213248236e+00
1.224273118514672687e+00
1.259618864444682185e+00
1.313830655373657397e+00
1.339773950993724316e+00
1.386495669124244712e+00
1.428017612060620722e+00
1.471543877343592710e+00
1.508087336867578898e+00
1.546656755286768048e+00
1.579476258307269232e+00
1.619359802705144125e+00
1.654035897214771067e+00
1.690016146523176221e+00
1.726101343764982810e+00
1.758172795105828135e+00
1.802680667111332680e+00
1.828705681761561896e+00
1.856662112858021185e+00
1.894404139107268126e+00
1.925579751887926738e+00
1.956795680360084555e+00
1.988803332308164862e+00
2.020757490453325644e+00
2.046157545931895694e+00
2.081607243860770229e+00
2.110367652033547259e+00
2.133562679554338537e+00
2.161101638717503270e+00
2.190536565906815003e+00
2.212805867624672906e+00
2.239183485519215644e+00
2.251458601621284750e+00
2.281960314591743089e+00
2.300143161309716078e+00
2.328632176667501774e+00
2.345412955663264576e+00
2.366936820349031301e+00
2.391603412505495907e+00
2.408794044402384760e+00
2.425170793185387641e+00
2.444855733210015369e+00
2.455313941941602351e+00
2.476419214021950754e+00
2.490656291412877366e+00
2.502125052825816098e+00
2.519440930613498608e+00
2.527585399015426670e+00
2.538795794715066112e+00
2.557546709229618465e+00
2.559127605868523947e+00
2.576707335721557079e+00
2.583554216243608703e+00
2.591090904450146226e+00
2.599264699077030283e+00
2.604992214112504811e+00
2.609172797402438793e+00
2.620626454633073088e+00
2.623747123585719265e+00
2.627955421272416991e+00
2.630262984863196873e+00
2.640331946385768624e+00
2.626840271900073187e+00
2.639342487902848422e+00
2.636874799827138016e+00
2.631478621884984381e+00
2.628652398662846057e+00
2.630584929987999754e+00
2.621678720139586360e+00
2.619627662447407968e+00
2.617836323495460249e+00
2.603846601769449709e+00
2.605680477706105780e+00
2.603033838169846348e+00
2.592280215285346134e+00
2.576436593067050751e+00
2.568204999959217805e+00
2.566482818146490263e+00
2.548748690160334007e+00
2.539494710917804543e+00
2.523519678137299493e+00
2.518350907493967394e+00
2.501601219901836703e+00
2.487214757957271427e+00
2.474389999785156391e+00
2.457915645123747161e+00
2.449578030297771658e+00
2.421928516200864578e+00
2.411850244483337402e+00
2.393538906409972800e+00
2.378390862486567059e+00
2.351582922748903126e+00
2.332111242843424304e+00
2.312627395487150128e+00
2.296123803322834167e+00
2.267165336265373643e+00
2.248884420593555866e+00
2.222438839101537056e+00
2.201654349266282118e+00
2.180885331778049885e+00
2.151107026047534454e+00
2.126057922995120641e+00
2.102360058778796947e+00
2.067792775183917353e+00
2.050823153756436756e+00
2.018879323239890056e+00
1.989842317400762006e+00
1.963191984363527265e+00
1.944961597271011700e+00
1.903002466644244661e+00
1.872895828198820833e+00
1.845875560041726260e+00
1.811523606642781337e+00
1.783256573478959828e+00
1.752537927231098136e+00
1.718530505543424569e+00
1.690740012014998905e+00
1.657906734475083743e+00
1.626379800585756596e+00
1.590307721296566612e+00
1.557618743272932704e+00
1.512249908252973229e+00
1.479919818507957840e+00
1.447234135101510111e+00
1.410310193435519777e+00
1.374974356849198998e+00
1.339123345381292518e+00
1.307908314405059391e+00
1.265816149141579139e+00
1.227821907427410597e+00
1.195331537267477318e+00
1.149227383113353929e+00
1.119267948001869017e+00
1.081151683154787824e+00
1.050240155629065697e+00
1.003381756039082973e+00
9.709276232112453719e-01
9.289173496277879361e-01
8.905082327713270685e-01
8.483455905851003953e-01
8.142753714874907400e-01
7.708758193715326001e-01
7.313374556566551998e-01
6.955848664863822917e-01
6.452429469846974186e-01
6.147936998719507606e-01
5.761520759829403815e-01
5.394547199002998061e-01
4.971066258417089490e-01
4.516827828118575305e-01
4.120321815764467765e-01
3.735119057283884936e-01
3.417246921071484533e-01
2.948857732587494840e-01
2.528957802449835479e-01
2.133312968845921809e-01
1.691920147212949699e-01
1.294440619870533826e-01
8.903785171473893589e-02
5.382729242983511075e-02
1.509398991878436319e-02
-3.221585820558113544e-02
-6.279174634026510327e-02
-1.097098722886317296e-01
-1.458195557718903468e-01
-1.835210716154676569e-01
-2.268815899302464856e-01
-2.667329017865678331e-01
-3.034672177934847892e-01
-3.442508105015818498e-01
-3.786647986671995425e-01
-4.200650118252035603e-01
-4.538990534690894862e-01
-4.953354300587036740e-01
-5.324161400737665861e-01
-5.699526695368097862e-01
-6.020228148605774043e-01
-6.445626084233941899e-01
-6.796585895004234601e-01
-7.144420393359577348e-01
-7.513576720520420693e-01
-7.911119491648144209e-01
-8.186152714497660909e-01
-8.524181352499905495e-01
-8.889774157572514213e-01
-9.257497718865898007e-01
-9.624578618169904454e-01
-9.916691485840825049e-01
-1.021889714431929885e+00
-1.065074131381343658e+00
-1.089096800487264094e+00
-1.123036725850176998e+00
-1.155353520607175666e+00
-1.184436025466254483e+00
-1.214639885307633005e+00
-1.250560128089632128e+00
-1.277699139590977584e+00
-1.313318666427734538e+00
-1.339611769852180112e+00
-1.362471584487368492e+00
-1.395572494953339460e+00
-1.426645675266970281e+00
-1.453055110095567537e+00
-1.473603241698647537e+00
-1.500917065746770085e+00
-1.530167930330617265e+00
-1.549258671980893620e+00
-1.579883321195238999e+00
-1.597590602041392582e+00
-1.626642721672813430e+00
-1.650758714360698098e+00
-1.672960334317063813e+00
-1.698883215395817103e+00
-1.718906101660256036e+00
-1.737096621821162090e+00
-1.753303669140866994e+00
-1.782228396838085871e+00
-1.801546592121910040e+00
-1.820359950652455039e+00
-1.832837354665628471e+00
-1.847881027278625243e+00
-1.865428311420250784e+00
-1.888139374186752928e+00
-1.898768259803977676e+00
-1.923168111616519127e+00
-1.933394538939491758e+00
-1.945784855326829987e+00
-1.959998281390262775e+00
-1.971558746122956673e+00
-1.989024696596753738e+00
-1.999263538864184619e+00
-2.007337404386956958e+00
-2.024477788435541381e+00
-2.027339971556522791e+00
-2.035071034902530496e+00
-2.043196040892722998e+00
-2.064271026884144877e+00
-2.059020867952090939e+00
-2.071642898860017734e+00
-2.082519432788882074e+00
-2.076196459119355353e+00
-2.085772343313047283e+00
-2.094504373302517930e+00
-2.098817730469141551e+00
-2.104851143947428227e+00
-2.100022866823077816e+00
-2.097613895151881458e+00
-2.105895763461830494e+00
-2.111944030781668147e+00
-2.101828618008989125e+00
-2.103503855141463763e+00
-2.106153319196290674e+00
-2.100152760873772895e+00
-2.101297700059957307e+00
-2.096242521661950242e+00
-2.097204492656814967e+00
-2.086344820328556171e+00
-2.087795115171083626e+00
-2.076222451727755658e+00
-2.076215378250922949e+00
-2.067565834335958197e+00
-2.061794578809195588e+00
-2.060805137103070006e+00
-2.049817111957145777e+00
-2.043875375301136277e+00
-2.031342596034413805e+00
-2.018249714890028024e+00
-2.007416903969177380e+00
-1.999988573252079460e+00
-1.982461064675859586e+00
-1.970406949742292468e+00
-1.960943504987359143e+00
-1.951556895084742838e+00
-1.940621363966660962e+00
-1.922534513275078405e+00
-1.910017513133160927e+00
-1.897631391680392410e+00
-1.871732274378806515e+00
-1.862595264073656498e+00
-1.846228639794638582e+00
-1.835501374391865559e+00
-1.809491733582740736e+00
-1.799027369035540946e+00
-1.769702947576736074e+00
-1.753820224860501265e+00
-1.732253380170440504e+00
-1.711505209392699234e+00
-1.695374836464026425e+00
-1.678925933681434168e+00
-1.651623126352922188e+00
-1.631938047383370005e+00
-1.612197841469541038e+00
-1.582030999275642502e+00
-1.568099007476468465e+00
-1.543346694632896199e+00
-1.515240263289206357e+00
-1.497197989989228262e+00
-1.467163611466878015e+00
-1.441250499871385982e+00
-1.417894550930602238e+00
-1.394172591365158365e+00
-1.368712493607598502e+00
-1.338952717664515957e+00
-1.309855027121188176e+00
-1.292557059431008293e+00
-1.262623932560707374e+00
-1.231137166839255226e+00
-1.206313330625617075e+00
-1.172892225703499491e+00
-1.141549064936715263e+00
-1.125508508596985147e+00
-1.095261969931990986e+00
-1.064781481245143713e+00
-1.033153656514683050e+00
-1.004067722670083151e+00
-9.764507138106907069e-01
-9.410541664829431552e-01
-9.128042695697182740e-01
-8.846398227644269863e-01
-8.575205439986421929e-01
-8.265398475018559399e-01
-7.934973117762402772e-01
-7.654410303352108258e-01
-7.333198694789482275e-01
-7.045670735486783132e-01
-6.631412976686166250e-01
-6.345259758849064458e-01
-6.015136012839574775e-01
-5.690420665162055913e-01
-5.381871913740906566e-01
-5.137900591311999055e-01
-4.795095932222638302e-01
-4.452935576302547438e-01
-4.103383859134344669e-01
-3.837625143192940902e-01
-3.475858056436552102e-01
-3.222587612157958858e-01
-2.882346730090526443e-01
-2.516090954527892554e-01
-2.173531852619029758e-01
-1.867566969526440745e-01
-1.545615511852618806e-01
-1.276147840947221557e-01
-9.454242209593878565e-02
-6.098047136819419178e-02
-2.785024843106323131e-02
7.904379380726991172e-03
4.032353621094177110e-02
6.491906273306742581e-02
9.690258936533185929e-02
1.300378815721799364e-01
1.567493559633963418e-01
1.955379097305018632e-01
2.218275461289303252e-01
2.577996619310685134e-01
2.836085377701703658e-01
3.151309496279263156e-01
3.483127189543147595e-01
3.768757248986253083e-01
4.113577636895898171e-01
4.368750329083042616e-01
4.688836126996017151e-01
4.938011930856130438e-01
5.236371035357624271e-01
5.596431750978750896e-01
5.826086356152216927e-01
6.140631996528053138e-01
6.482036395037912291e-01
6.637311979172424437e-01
6.960005115213373506e-01
7.257538580683807750e-01
7.517301346439088094e-01
7.865508089706729766e-01
8.061150089116034811e-01
8.312351398375779077e-01
8.591880463382176591e-01
8.874374894357108801e-01
9.110868079883672754e-01
9.365021246331084459e-01
9.692281491915314406e-01
9.877208039503776460e-01
1.012501554690772299e+00
1.025722525200257973e+00
1.058573812354540955e+00
1.075161387266686086e+00
1.106806261358467047e+00
1.118942178811686450e+00
1.155424738793117134e+00
1.168755033742667759e+00
1.194259703613944179e+00
1.206692390368253820e+00
1.236470824823929560e+00
1.252835333511093552e+00
1.267772986257155621e+00
1.291777808964242436e+00
1.303460641016375154e+00
1.331219730526606471e+00
1.344574559154236404e+00
1.364245043265028379e+00
1.379947771814343582e+00
1.402750450011253536e+00
1.421622962261100076e+00
1.432289141556444267e+00
1.446750381039271671e+00
1.460835807699723210e+00
1.471581264281487611e+00
1.484229598737566880e+00
1.502328010527493873e+00
1.514223769866141600e+00
1.524277891188676737e+00
1.545055146056677930e+00
1.542479117891866203e+00
1.568938075041299118e+00
1.572300347488452932e+00
1.579886839307439228e+00
1.593946134628498879e+00
1.607733209995123813e+00
1.611251545431906296e+00
1.620621064973991166e+00
1.630990257557177081e+00
1.632662519172292104e+00
1.646029093527475506e+00
1.650044937501339515e+00
1.657818836841099541e+00
1.666218082533518219e+00
1.662903583878098335e+00
1.670656959941528630e+00
1.676109864593351872e+00
1.674718062876065838e+00
1.682694674303173876e+00
1.678690904361862302e+00
1.686049397190616972e+00
1.689479767693474299e+00
1.686902198204929704e+00
1.691692070626593214e+00
1.682199569478258994e+00
1.682336699294663784e+00
1.684522401600728969e+00
1.681886060703116526e+00
1.683663107176106788e+00
1.681828672168067973e+00
1.681075120652627541e+00
1.676028878161848645e+00
1.668644634888775569e+00
1.662957957616301830e+00
1.661509546081102462e+00
1.657572823268466111e+00
1.652058203301791206e+00
1.644280839486428336e+00
1.633918248557842734e+00
1.632750382035430770e+00
1.621300228440380797e+00
1.617275432180034445e+00
1.600110662353106949e+00
1.589613171441371264e+00
1.584370225194023485e+00
1.574590360633417285e+00
1.559779523020092151e+00
1.561116742221121623e+00
1.544153441214366040e+00
1.535466171522522627e+00
1.520648544150976500e+00
1.508961383134436396e+00
1.497268840056584782e+00
1.484352215539785247e+00
1.472981546605573566e+00
1.456606549150216035e+00
1.444983728886013230e+00
1.429830786412938259e+00
1.420377182078733869e+00
1.397290279322310758e+00
1.388880562692518916e+00
1.366151293782120080e+00
1.354987454720202988e+00
1.330696737899899951e+00
1.316812080152344855e+00
1.304852170584776205e+00
1.278847425124552739e+00
1.267452816078949329e+00
1.241682684533869541e+00
1.221425577743153301e+00
1.210480853457800876e+00
1.182516742827671052e+00
1.158601857295580961e+00
1.145912887939365854e+00
1.124626300471625040e+00
1.102649095183419581e+00
1.081984584899602586e+00
1.071344680039835628e+00
1.037061616873823588e+00
1.022863187368656002e+00
1.000116985171041639e+00
9.747698968473806902e-01
9.510421209390550468e-01
9.281289913336443487e-01
9.128690016330983648e-01
8.973787556565900880e-01
8.637925315426538964e-01
8.448609317282980147e-01
8.244289507244837445e-01
7.924903446224239589e-01
7.709701420557149021e-01
7.428848896344246722e-01
7.246248549760155866e-01
6.964832769837895343e-01
6.729343574258135341e-01
6.509719498085583256e-01
6.199338501443368843e-01
5.983374894697893742e-01
5.712957454486139452e-01
5.528068390299096801e-01
5.214703597356272757e-01
4.988403161620973414e-01
4.726580196117284305e-01
4.522154411478331859e-01
4.187694596619363496e-01
3.999884539928511007e-01
3.680536695107393119e-01
3.447617449210392815e-01
3.190502230387256555e-01
2.994902534899889779e-01
2.752691002522382746e-01
2.473639796126038126e-01
2.191701616697723787e-01
1.875471486508425711e-01
1.675805702160364230e-01
1.344713542325612909e-01
1.080836949898109217e-01
8.820042105208251992e-02
5.342477660124007877e-02
3.954483206459952216e-02
8.507105881690651961e-03
-1.161575446812042334e-02
-3.739221284057731715e-02
-5.962748003612740322e-02
-9.772348247743296856e-02
-1.082981714017808433e-01
-1.371975108849354252e-01
-1.678204855240970073e-01
-1.910542723615697713e-01
-2.168739508708474595e-01
-2.391801852082612312e-01
-2.597259662626014154e-01
-2.876848010012763579e-01
-3.116518610144832779e-01
-3.346296566007091466e-01
-3.626416648175805890e-01
-3.823841049397990188e-01
-4.053854727173262229e-01
-4.347566427604504513e-01
-4.496865464569695936e-01
-4.819852553661171934e-01
-5.022640408400803613e-01
-5.246905324185167085e-01
-5.448030194728130660e-01
-5.719182210101554364e-01
-5.879885432434227566e-01
-6.164435432457162634e-01
-6.319894914433090705e-01
-6.559728643717523955e-01
-6.812219735983848778e-01
-6.967971037088201980e-01
-7.182772517359438114e-01
-7.290269718308607372e-01
-7.516087193990180770e-01
-7.862827349568993762e-01
-7.914399958528689494e-01
-8.190480298411435545e-01
-8.430565807387638833e-01
-8.613468781316534484e-01
-8.774582988667839478e-01
-8.907192832346698674e-01
-9.090583009259227687e-01
-9.347617905469201016e-01
-9.521220004950157190e-01
-9.684549713650528746e-01
-9.764479997304875702e-01
-9.932152100278712759e-01
-1.015456146505676394e+00
-1.023262614562203021e+00
-1.045088642811906610e+00
-1.051825863333569311e+00
-1.064938114932280300e+00
-1.086475650232471057e+00
-1.095816039597876435e+00
-1.108070406177614986e+00
-1.125897620199944660e+00
-1.132298123810672852e+00
-1.149889643241882364e+00
-1.158511878780576598e+00
-1.169035590357217380e+00
-1.187015075567961375e+00
-1.194880317335510478e+00
-1.206243179056055048e+00
-1.216244658147757285e+00
-1.229560233235276634e+00
-1.240777896823200610e+00
-1.245642848713881756e+00
-1.254716943627186554e+00
-1.263207778476512999e+00
-1.270572053977870208e+00
-1.274622075117672892e+00
-1.285364599484388082e+00
-1.295282871734785290e+00
-1.304130834416113771e+00
-1.306707583559890251e+00
-1.317647799472605685e+00
-1.311243188176947960e+00
-1.318378132127935753e+00
-1.326753529183178459e+00
-1.330923634896410856e+00
-1.330534147772879372e+00
-1.333622626208795126e+00
-1.337070279552350138e+00
-1.340202833123281589e+00
-1.346025789421912977e+00
-1.348373962976789020e+00
-1.342231685288233223e+00
-1.346649240576008211e+00
-1.349007131359055256e+00
-1.349994789564152864e+00
-1.347047109298466827e+00
-1.342594381353722888e+00
-1.350709433672254267e+00
-1.348411054847766355e+00
-1.343446693588405294e+00
-1.336029147215837654e+00
-1.342505883079986306e+00
-1.333328627949448286e+00
-1.333436761017294803e+00
-1.328952945892739601e+00
-1.331129787753829952e+00
-1.318832061840767178e+00
-1.313031471589058974e+00
-1.318564959445681195e+00
-1.309213944784860084e+00
-1.301266327859202709e+00
-1.297110706383717948e+00
-1.286245285260477988e+00
-1.281127317555602829e+00
-1.270377164718849095e+00
-1.268106749345852213e+00
-1.259539691748450263e+00
-1.252388484525226220e+00
-1.241698888227151576e+00
-1.232010025439701284e+00
-1.222145278626014742e+00
-1.212379850711764906e+00
-1.208403102954977770e+00
-1.196029427597076200e+00
-1.185540978431975701e+00
-1.169105758202483525e+00
-1.157739414090216412e+00
-1.149661260558045628e+00
-1.133504380895800523e+00
-1.124072994639421896e+00
-1.122363032260771831e+00
-1.100715786712703759e+00
-1.091654697309967892e+00
-1.077494262980243311e+00
-1.061767916304333870e+00
-1.052779520471441410e+00
-1.028407888958179139e+00
-1.006657832430664534e+00
-1.004944981717389663e+00
-9.927434641919996583e-01
-9.731294339559368733e-01
-9.477704067479346683e-01
-9.355532463873874605e-01
-9.212788632543903455e-01
-9.129310268692412134e-01
-8.980163599047191747e-01
-8.771452514665861733e-01
-8.580918271808716247e-01
-8.449049344537191697e-01
-8.312248494997180881e-01
-8.083847010494483731e-01
-7.890351262873407379e-01
-7.790648754361304551e-01
-7.549891811070011949e-01
-7.407973302835874074e-01
-7.203116901004084083e-01
-7.024769758451239188e-01
-6.886273284093520353e-01
-6.699345790530467637e-01
-6.414670328640915686e-01
-6.253096356046572435e-01
-6.125353327989755403e-01
-5.894277047444201889e-01
-5.706280815199376022e-01
-5.584592584338431420e-01
-5.387977492702394899e-01
-5.205072882920810384e-01
-4.904694847599374019e-01
-4.744928682299068834e-01
-4.513594446590967202e-01
-4.272725799783423928e-01
-4.097385857228114658e-01
-3.903512722164543258e-01
-3.725071716484271156e-01
-3.506642817336224627e-01
-3.283797557770232189e-01
-3.036080762018275037e-01
-2.859451618115279592e-01
-2.698780342586311609e-01
-2.468137624238108119e-01
-2.250016290722452461e-01
-2.122911572244413070e-01
-1.834204965451298186e-01
-1.662698116853112973e-01
-1.473267373225924104e-01
-1.234064844234135094e-01
-1.041799060004088423e-01
-8.219285876106091626e-02
-6.138622822627762265e-02
-4.526321279353098803e-02
-2.693240293710705280e-02
-3.131064263763003869e-03
1.888404942251147370e-02
3.931359705914224539e-02
6.356006685915485677e-02
8.731567783040693198e-02
9.855781615270450824e-02
1.207967570707548371e-01
1.468450134036541344e-01
1.601762553996516625e-01
1.821378189774534861e-01
1.947649170824465870e-01
2.229594017041440501e-01
2.313325400556622558e-01
2.563999223469706212e-01
2.716365129561695291e-01
2.991038216344724665e-01
3.131088032552332145e-01
3.334049071067533010e-01
3.477584273185440056e-01
3.627628644938457603e-01
3.850064559922957153e-01
4.116113184525507229e-01
4.285543439901095542e-01
4.350553541702710802e-01
4.594219646760044906e-01
4.808974363824355391e-01
5.013154633005254546e-01
5.091417688462105406e-01
5.289330420454774195e-01
5.454488360282327974e-01
5.646567274410376758e-01
5.810741535371847233e-01
6.002704829164222655e-01
6.099215997825354618e-01
6.309279089509209903e-01
6.371506982105117345e-01
6.582163154419037321e-01
6.656377773470804060e-01
6.895567127532121754e-01
7.079533611821350325e-01
7.151953298727014019e-01
7.325793320015531185e-01
7.510381008655793167e-01
7.622450265565405836e-01
7.697049057037764763e-01
7.896917454161498373e-01
8.015917054931267494e-01
8.099115288265406054e-01
8.273290312558621018e-01
8.396716956461891535e-01
8.536292488810789392e-01
8.594380078477137364e-01
8.737515534761168823e-01
8.832545582072377499e-01
8.916145220002664740e-01
9.046923558803149357e-01
9.118456126126837091e-01
9.247948245734479711e-01
9.344264618591099358e-01
9.424845751883271783e-01
9.552465014116983122e-01
9.613471742654049468e-01
9.680124171644032272e-01
9.804244754570984322e-01
9.846542172332513054e-01
9.900368028710878621e-01
1.006648401445148666e+00
1.012874322038818553e+00
1.016401849739969832e+00
1.024871802146504196e+00
1.026831841433697878e+00
1.036090784250649488e+00
1.045437832986354953e+00
1.038428734383688656e+00
1.048264998660539904e+00
1.055693133710007059e+00
1.058585953983227412e+00
1.067806431380624810e+00
1.062790453617345143e+00
1.064125068053525247e+00
1.071070709734360138e+00
1.073159125361607513e+00
1.073742340896317149e+00
1.078784021576502550e+00
1.074016161534560254e+00
1.081117634885016221e+00
1.083134315688056848e+00
1.078943575619095041e+00
1.075774568183297308e+00
1.078543197489648886e+00
1.074515474412213623e+00
1.083217984775407094e+00
1.078739349760175159e+00
1.074527316777872832e+00
1.083863272229558028e+00
1.074834816294951478e+00
1.067713661017902993e+00
1.066913998514348538e+00
1.064623503992637055e+00
1.064796726913864067e+00
1.060396969077039175e+00
1.057319604521605783e+00
1.055104744536454975e+00
1.054462836861824737e+00
1.047822397008050244e+00
1.041058597320186685e+00
1.037481758167157819e+00
1.025190817367264362e+00
1.024791868796417482e+00
1.019344323627740634e+00
1.012340698226224855e+00
9.987252190617418313e-01
9.998457409430929754e-01
9.886968013142093392e-01
9.827951478286195419e-01
9.786173311913040074e-01
9.676973780031676853e-01
9.641662885547798156e-01
9.566075874928503531e-01
9.469508958066832349e-01
9.373583860799660217e-01
9.294270525163640384e-01
9.138404324494481257e-01
9.043395779944768398e-01
8.999601761069899730e-01
8.830258457203411515e-01
8.801962028846566088e-01
8.670624357114184999e-01
8.533727810420816962e-01
8.436987394376110894e-01
8.346838123599064074e-01
8.193161576432396176e-01
7.998027663429279066e-01
7.993981504488000267e-01
7.846470476889499945e-01
7.736934051603651108e-01
7.535348387252415181e-01
7.447653527038826660e-01
7.311451327733089478e-01
7.258398668683301302e-01
7.127790785756408232e-01
7.037152087100848608e-01
6.786258433770772092e-01
6.601531994710220230e-01
6.518918676370214493e-01
6.390468439554443103e-01
6.312418149645430132e-01
6.158150342266035526e-01
6.052247189739246025e-01
5.811476778888251538e-01
5.699860675839003576e-01
5.580189011931011578e-01
5.425081812949932303e-01
5.218492818367787001e-01
5.079536557623920423e-01
4.972021952309184090e-01
4.830083780563910745e-01
4.636371071962995805e-01
4.438889332626567708e-01
4.342860059218111579e-01
4.174604923576353266e-01
3.991156290750101920e-01
3.860307245336492832e-01
3.747427716550333909e-01
3.529167601240610908e-01
3.362658244129986262e-01
3.185350921281651093e-01
3.001872589625954046e-01
2.925970233642946616e-01
2.738423389031952593e-01
2.572515970833183507e-01
2.364809226070117565e-01
2.265272849760425200e-01
2.093970061658856907e-01
1.903814994431226038e-01
1.770414538501872970e-01
1.585112380536805587e-01
1.387915115441031577e-01
1.215254318289580582e-01
1.093864536483469541e-01
9.443880773380276816e-02
7.578198328760023250e-02
5.955051871520679330e-02
4.463773300265719279e-02
2.743279884308198746e-02
1.410597478528800158e-02
-6.412543234044358262e-03
-2.169833970011905699e-02
-3.887262516360254216e-02
-5.670332614228023455e-02
-7.047954565067844623e-02
-8.481162273218437186e-02
-9.845770962561432860e-02
-1.102824946517484694e-01
-1.350355616381394563e-01
-1.476248883610685181e-01
-1.621238376351274713e-01
-1.857212747328219893e-01
-1.932421766285069009e-01
-2.096124898693421945e-01
-2.286608134109207602e-01
-2.377768954417696645e-01
-2.585320286557888370e-01
-2.738343686783025754e-01
-2.879211027283051227e-01
-3.062617871601298614e-01
-3.178882534897501944e-01
-3.324067493551967067e-01
-3.549478600899022007e-01
-3.580930183000383127e-01
-3.745730889864303803e-01
-3.895285634669363173e-01
-4.033287342690759503e-01
-4.187234706583222166e-01
-4.319889173184021103e-01
-4.418466450828686387e-01
-4.555391080648461544e-01
-4.664888810335366398e-01
-4.807126348641020397e-01
-4.979319075663669047e-01
-5.066504117481906988e-01
-5.202522231566382160e-01
-5.375744093392205158e-01
-5.448268672872954577e-01
-5.607166764937000503e-01
-5.640521896710524175e-01
-5.794187839951849828e-01
-5.875881253409294125e-01
-5.947097268559300431e-01
-6.132345292002459036e-01
-6.214227352180403674e-01
-6.373275919836514092e-01
-6.436013334631786043e-01
-6.547980547549114849e-01
-6.658645199002649617e-01
-6.705752892137515353e-01
-6.855044157049406950e-01
-6.931362306909014670e-01
-7.013830255039670281e-01
-7.055605310656007934e-01
-7.198614124618463173e-01
-7.239859410517710536e-01
-7.313958922696053300e-01
-7.452863071692260588e-01
-7.458517554548811379e-01
-7.608979450639027364e-01
-7.718401581954753565e-01
-7.771153367409056045e-01
-7.869909471620532004e-01
-7.864224269258117683e-01
-7.880301335951215291e-01
-7.941646887155415779e-01
-8.094361178089141129e-01
-8.091751695512701126e-01
-8.201978434996812783e-01
-8.134341886663510879e-01
-8.215236348191029547e-01
-8.296955122403478766e-01
-8.304295281240869908e-01
-8.347401386520708622e-01
-8.346194621212593701e-01
-8.456382231997510157e-01
-8.441169064178141168e-01
-8.570517103898315225e-01
-8.446743579289719417e-01
-8.470412860849746428e-01
-8.490660334861972469e-01
-8.641710925045152925e-01
-8.615193435846582037e-01
-8.679451618980593697e-01
-8.602069755725874067e-01
-8.642893506672278958e-01
-8.610120745426940170e-01
-8.681357185727931469e-01
-8.716332464129042945e-01
-8.621806808002702160e-01
-8.681615743570447741e-01
-8.677081028587355638e-01
-8.679023151583671325e-01
-8.570242579914315595e-01
-8.623301038888457892e-01
-8.631040636315953085e-01
-8.623360156915179653e-01
-8.540339161073636776e-01
-8.592947505454983093e-01
-8.469776422710172392e-01
-8.503978148611386345e-01
-8.468841786096771296e-01
-8.463402443395114938e-01
-8.367017268535782426e-01
-8.406198519509746614e-01
-8.259445393845763483e-01
-8.280960033451656432e-01
-8.186546280877887716e-01
-8.119796673694729128e-01
-8.112743367567581965e-01
-8.094482073153294044e-01
-8.042835121283072874e-01
-7.988572520128202070e-01
-7.881827474245824972e-01
-7.868968533283507982e-01
-7.781796918152549258e-01
-7.686540240020451886e-01
-7.639233996054802800e-01
-7.607684061230326478e-01
-7.500089134655617551e-01
-7.420828973525184225e-01
-7.378641594115452618e-01
-7.296993576766196421e-01
-7.239142126967536006e-01
-7.127113886222447015e-01
-7.081525954418615987e-01
-6.934491106831095486e-01
-6.922646279503524847e-01
-6.816661488125642654e-01
-6.690781351701474700e-01
-6.606613961500853449e-01
-6.518950961500649122e-01
-6.406712155839815459e-01
-6.367939691656004930e-01
-6.271424785540882230e-01
-6.177292030344985196e-01
-6.027282668265563359e-01
-5.958113443041563873e-01
-5.894540407094009948e-01
-5.774209429748383693e-01
-5.606780411470315695e-01
-5.560676762249365801e-01
-5.440431650914839823e-01
-5.315351070169271885e-01
-5.200446225280084267e-01
-5.134976965816204775e-01
-4.959689673707031177e-01
-4.908442474812046985e-01
-4.769783377553096226e-01
-4.637451847774874958e-01
-4.481540010845661004e-01
-4.426474784412827712e-01
-4.210994287644306833e-01
-4.166347168880957796e-01
-4.046983767581888158e-01
-3.917305715305136049e-01
-3.764127790184857991e-01
-3.693904130621872839e-01
-3.540725497720326742e-01
-3.448490742013320398e-01
-3.277831271475158403e-01
-3.163741182879940550e-01
-3.055015549838447364e-01
-2.891544558066013182e-01
-2.803211416985015303e-01
-2.656325183728285300e-01
-2.502536694600960288e-01
-2.425745467774239328e-01
-2.203909979948362186e-01
-2.105004280964243579e-01
-2.114315921713807167e-01
-1.830441369187972012e-01
-1.709696285460108323e-01
-1.621547394405764286e-01
-1.462591444975131494e-01
-1.407103703135358652e-01
-1.246509845935970390e-01
-1.122692923548563732e-01
-9.729832877194334595e-02
-7.843194313612618374e-02
-6.919333637085985089e-02
-5.336252862919281525e-02
-4.071914057792583308e-02
-3.619933951902009478e-02
-1.424229748845455730e-02
-3.301581869541304892e-03
2.169760541541125923e-03
2.109838421281864593e-02
3.986565718782474760e-02
4.746448746706060512e-02
7.054254168484846987e-02
7.153002642663719435e-02
8.456029611052021111e-02
9.695067736232070021e-02
1.173036155195918001e-01
1.344934540321265082e-01
1.446976241069732327e-01
1.503794355583892850e-01
1.608250379379997930e-01
1.768455609803758766e-01
1.860481222740620888e-01
1.937358447242096271e-01
2.133367013700510628e-01
2.291179744499373117e-01
2.379125928306415894e-01
2.529120505029531230e-01
2.521510992398808271e-01
2.699950043046210335e-01
2.811940295423838165e-01
2.951516399468768759e-01
3.012970415050464923e-01
3.111843760232830269e-01
3.289728929185942174e-01
3.376221268015608401e-01
3.510843216416984491e-01
3.597301226155277254e-01
3.732302397236122449e-01
3.797272847665945084e-01
3.951607673727721703e-01
4.083802926465783245e-01
4.126798278375912177e-01
4.174031588190517672e-01
4.308317008212089183e-01
4.458995481933721861e-01
4.493814706402521342e-01
4.575792833944511973e-01
4.699729943101020324e-01
4.749461755666002927e-01
4.863061175831598915e-01
4.933691307940839543e-01
5.077214841801257483e-01
5.109017318092828885e-01
5.229510658297902292e-01
5.185759033451083910e-01
5.396916989766356032e-01
5.440461733383292753e-01
5.488689080496416128e-01
5.559865751390448141e-01
5.655471558101134999e-01
5.735398649120343473e-01
5.784919773733019355e-01
5.873665922090519631e-01
5.898068856537105331e-01
5.956047677184318490e-01
5.986210073404184540e-01
6.042373289017977100e-01
6.210574789679162988e-01
6.176093620387334004e-01
6.252362248456470040e-01
6.320168339080428632e-01
6.308058441365872460e-01
6.410710326500105305e-01
6.399293170651040308e-01
6.463035385786100040e-01
6.509692964936181214e-01
6.547580347487541585e-01
6.617776671247385112e-01
6.613387430340760265e-01
6.615726833833447396e-01
6.699049998453072696e-01
6.719734695230782373e-01
6.716937020473036091e-01
6.772554208685507282e-01
6.822346359132345217e-01
6.741811961845813883e-01
6.738525635023157045e-01
6.866257159380876329e-01
6.862432291209237256e-01
6.862213488595529931e-01
6.877635856095508649e-01
6.904167827963214599e-01
6.856326912057099099e-01
6.870969301583724764e-01
6.941316505005777904e-01
6.882878708967172798e-01
6.998753270200142040e-01
6.948460373829679071e-01
6.916694728483788746e-01
6.877203992369013141e-01
6.915245704346311140e-01
6.826654794088216072e-01
6.837053339712954037e-01
6.841551602557797152e-01
6.784188082875710624e-01
6.854080940802972366e-01
6.841506450299744690e-01
6.776806156677568360e-01
6.742198555506295765e-01
6.703310172606187223e-01
6.665678081415187251e-01
6.651125028394017091e-01
6.557395810962673988e-01
6.649429248092741940e-01
6.581658299301214043e-01
6.579542766948932586e-01
6.452487522816890975e-01
6.370603448490941290e-01
6.358242077902922507e-01
6.413032485179523956e-01
6.289066968057671625e-01
6.181503285338254550e-01
6.185571880344002960e-01
6.136052219792378359e-01
6.155092390774418165e-01
6.125214168697215023e-01
6.014387602668350707e-01
5.942845517082528950e-01
5.883334759124588809e-01
5.844291734480604461e-01
5.703277490109855963e-01
5.695636623334274784e-01
5.666546225992756813e-01
5.539286615463306918e-01
5.475081631628809786e-01
5.415131255652070319e-01
5.372284408986847115e-01
5.281328236837702361e-01
5.156726857492485161e-01
5.043096362016330492e-01
5.018220192849269790e-01
4.976697099844482053e-01
4.869091493511317204e-01
4.703644535589098785e-01
4.568507156674073699e-01
4.470454622300506498e-01
4.443988667330425191e-01
4.375337601471539495e-01
4.179114047624243322e-01
4.107492568058925819e-01
4.047339626991026118e-01
3.948962227383215895e-01
3.807441065130208746e-01
3.675345132950352256e-01
3.593445080304462635e-01
3.520634997262495069e-01
3.332763488201562208e-01
3.215908164933544144e-01
3.132811903175641288e-01
3.178373226091856796e-01
3.041966800624779643e-01
2.904075883979872486e-01
2.819964931981047696e-01
2.648169486131227712e-01
2.640005742781821318e-01
2.502431440690187081e-01
2.402139780688768156e-01
2.255977457339132797e-01
2.237131225498550369e-01
2.177202018212831269e-01
2.095970696267284716e-01
2.002867045872768759e-01
1.896369307702370777e-01
1.879146639117151851e-01
1.757454487320934955e-01
1.752924037589818351e-01
1.602135849929214040e-01
1.640631863690142633e-01
1.500434090141767596e-01
1.326739139853873317e-01
1.363887359726104753e-01
1.335961030853198006e-01
1.275446286881351532e-01
1.188153604605765301e-01
1.199080079848989372e-01
1.143186334241905466e-01
1.096076205291184325e-01
1.116156411759279127e-01
1.013931663875500266e-01
1.047669884743300805e-01
9.940403594301640278e-02
9.586983779287856777e-02
9.602940230852145820e-02
9.413745205727130916e-02
9.432100630340456426e-02
9.067136108219173152e-02
9.067136108219174540e-02
