-9.649849353410550279e+00
-1.270118719694717591e+01
-7.839940309764910964e+00
-1.528482886936682306e+01
-3.651817094963463184e+00
-1.202854660738111292e+01
-1.451388229470010316e+01
-7.061303930237708748e+00
-1.389646625376708577e+01
-9.248681065297720494e+00
-8.570070701958481862e+00
-1.325769055235655181e+01
-1.143331150014610387e+01
-1.177789839293999918e+01
-1.310049902887004869e+01
-1.201022119670044752e+01
-1.451482637682716970e+01
-1.317339580320196646e+01
-9.162497977211762290e+00
-1.520731793993055447e+01
-1.143911944270684700e+01
-1.331310849931363194e+01
-1.537227452205986822e+01
-1.303732285246069011e+01
-1.518582050107142400e+01
-1.193083364630179410e+01
-1.285363976487260018e+01
-1.734672165678319544e+01
-1.362300956893525239e+01
-1.510147027229093908e+01
-1.605700722334448471e+01
-1.586303954672764327e+01
-1.603039307063662022e+01
-1.536625272632165817e+01
-1.789524639727070365e+01
-1.589898822891878183e+01
-1.519144876865139793e+01
-2.198321772352619519e+01
-1.616455495406982834e+01
-1.732470139239226370e+01
-1.701902658935497925e+01
-2.212951066883949736e+01
-1.671265009716812600e+01
-1.816482882359369455e+01
-2.094178785390105091e+01
-1.953982130955507657e+01
-2.308438888361980190e+01
-1.436024947664776441e+01
-1.777497440318795796e+01
-2.254764969977317435e+01
-1.887454709318323864e+01
-2.062376343335247242e+01
-2.015990452581353765e+01
-2.489697384832281202e+01
-2.240462596377336624e+01
-1.889800693795530151e+01
-2.074119830892488281e+01
-2.063145837142787897e+01
-2.064938311757660472e+01
-2.070938501619403738e+01
-2.275050179852584264e+01
-1.935511062459947595e+01
-1.870497461252223914e+01
-2.236933553333183866e+01
-2.184050018720489561e+01
-2.375021174279756764e+01
-2.198011168592968545e+01
-2.319309672956678270e+01
-2.461001390257933963e+01
-2.183848375952026188e+01
-2.145382279777622614e+01
-2.344584918144706265e+01
-2.332888383880628780e+01
-1.903285334004893770e+01
-2.182834487081668584e+01
-2.257426112822219011e+01
-2.060481989326883934e+01
-1.768311736482318963e+01
-2.649684380599216027e+01
-1.912532616348002534e+01
-2.643919959480284732e+01
-1.915436931638095075e+01
-1.776823039981085728e+01
-2.442221618560324004e+01
-1.985838380380939583e+01
-2.034359987763248867e+01
-1.762743557829852392e+01
-1.927790068058727968e+01
-1.906099810596324318e+01
-2.148215387322411729e+01
-1.446146645651937135e+01
-2.305066971482370874e+01
-1.481214413904681848e+01
-1.999417695577178833e+01
-1.287208676525269802e+01
-2.079589608171312065e+01
-1.420771387111874162e+01
-1.713161014776137847e+01
-1.394562057156817048e+01
-1.806468852121303570e+01
-1.350086076651301781e+01
-1.278919233804368183e+01
-1.676382767979039201e+01
-1.223371380901915373e+01
-1.135819570589337602e+01
-1.390066259380346203e+01
-1.349270900263931594e+01
-8.039308785273554747e+00
-1.552864127613871403e+01
-1.097412433168625512e+01
-8.956619117917099970e+00
-6.552710314448686013e+00
-7.751632338573689829e+00
-9.191630845272324990e+00
-6.601978569920881057e+00
-6.561169534833092065e+00
-6.854354587919727848e+00
-4.510534456780254331e+00
-5.898739197574727200e+00
-5.636197582227125302e+00
-8.276784652664167297e+00
-7.900062418459189439e-01
-4.594335745278161909e+00
-2.025912843237327010e+00
-4.160275960712840337e-01
-3.055597732256612353e+00
3.975228884065250767e+00
-2.183366969537184232e+00
7.563687490591055607e-01
2.016292186224761807e+00
-2.762206336303948406e-01
5.422108373866382891e+00
1.715215846385284681e+00
6.318412866695293673e+00
2.538795011738458562e+00
5.971988843137935099e+00
8.357566088916636104e+00
4.685441047123081404e+00
7.378899199343285531e+00
9.564524163268528056e+00
9.571803955714253576e+00
1.157086795587947847e+01
1.030826663222192785e+01
8.874413187675422421e+00
1.607988682062672225e+01
1.074214789703909645e+01
1.428408124368000287e+01
1.930202201455258049e+01
1.039010522623497579e+01
1.546071052438892757e+01
2.010661973215269782e+01
1.337231402550789916e+01
2.087063928128312540e+01
1.691418233899856460e+01
1.907783249979285500e+01
2.323850629792805833e+01
2.155721891096258602e+01
2.142440010296295227e+01
2.276739463694463339e+01
2.137052653993958629e+01
2.484850453888869737e+01
2.243747785892218616e+01
2.776729297610352987e+01
2.205385315715488659e+01
3.029039654896050848e+01
2.751183082517171030e+01
3.041686955730406794e+01
2.317572792347179345e+01
3.061361554118067829e+01
3.427186942011228155e+01
3.154543771367101002e+01
2.960669557406810881e+01
3.756231206709085058e+01
3.111596116326740713e+01
3.611067900212842829e+01
3.197051790732534116e+01
3.240036577851806499e+01
4.064409423931519427e+01
3.468465852357422818e+01
3.869096713223720485e+01
3.720269289958417147e+01
4.309426395730189085e+01
3.797886006667589953e+01
4.007383872747700337e+01
4.189019464185381025e+01
3.942247930103184217e+01
4.199948270325715782e+01
4.168160759104915769e+01
4.157945664087274906e+01
4.808752948957439344e+01
4.245824174885086677e+01
4.192699652742061289e+01
4.846185596492984615e+01
4.448718617406188258e+01
4.681094037495588367e+01
4.539536639514942351e+01
4.901283801977398724e+01
4.698057528028603258e+01
4.830021473418540268e+01
4.567630431154830717e+01
5.065214314026663089e+01
4.718856689233187041e+01
5.273253728312842270e+01
4.660665756459705023e+01
4.982947779591401627e+01
4.680599652531912369e+01
5.257863407692146041e+01
5.197520068894753820e+01
4.866442343560537154e+01
5.096620162621700700e+01
5.072266439827992457e+01
5.149804237315507294e+01
5.104653001838142501e+01
5.215607182562749244e+01
4.725441699741634949e+01
5.287798665346540616e+01
5.023932938735136133e+01
5.323870115669075176e+01
4.891047214324229486e+01
5.642312190296372876e+01
4.717280071164842070e+01
5.001540933805877387e+01
5.059428474477513760e+01
5.091765147846969342e+01
5.189161968208843234e+01
4.882802591267346770e+01
4.855944340319361174e+01
5.429188950201723429e+01
4.825952651951944716e+01
4.634481789600353352e+01
5.128259168980984839e+01
4.307721804622764239e+01
4.884185796048047479e+01
5.136921923427020431e+01
4.655655167160693253e+01
4.566981526926841894e+01
4.708472613214991043e+01
4.648839967743557366e+01
4.655999204345863518e+01
4.218001240153386533e+01
4.319295260380620505e+01
4.671621596233603668e+01
4.025234728205294488e+01
4.350144878430705120e+01
4.285270968450011964e+01
3.703863457095377498e+01
4.007292996287124964e+01
4.242479928530405431e+01
4.038526685304515951e+01
4.036230493715721224e+01
3.912401323255954111e+01
3.210151693338249146e+01
3.809694758890816502e+01
3.296933559982487338e+01
3.284528077953991954e+01
3.551224310323210887e+01
3.427410575775711266e+01
3.316689360099710626e+01
3.197099147130682439e+01
2.800033377720844996e+01
3.154259697451408684e+01
2.749950019294327674e+01
2.896708766192583795e+01
2.784433712299985686e+01
2.552773262261878884e+01
2.568869910252555755e+01
2.238191373497643610e+01
2.618186728501592953e+01
2.170079011617897180e+01
1.954607513147453446e+01
2.227127677281030316e+01
1.940071428317932956e+01
1.784604065502256276e+01
1.874160309325983675e+01
1.502751005616921454e+01
1.387335634080511504e+01
1.690780995920221841e+01
1.301573191853852940e+01
1.198283191457128183e+01
1.428580210979162501e+01
1.114067043189450779e+01
1.158388694778842520e+01
8.621958995071718590e+00
7.214735143942013984e+00
4.310905158108131019e+00
4.437840464049908284e+00
6.650787516689456780e+00
5.363086888820636666e+00
1.441252049624140108e+00
1.937304973742756564e+00
5.459663939977977165e+00
2.362710392855452923e+00
-4.998820235096999909e+00
-3.672904183926924304e+00
-1.573851098267978976e+00
1.552223808319816989e+00
-2.209440902732208389e+00
-7.321569715713012627e+00
-6.828757803344295496e+00
-8.588692656916762758e+00
-8.934262630933655913e+00
-8.144067482119913493e+00
-8.882424064569368838e+00
-7.606616421802700145e+00
-1.329570008071224052e+01
-1.278186699912296831e+01
-1.209808584344831672e+01
-1.590538979766252936e+01
-1.414853152770239397e+01
-1.738844707714820714e+01
-1.405165342583110011e+01
-1.874029274095745023e+01
-2.082706114697758792e+01
-1.557056793103595282e+01
-1.984055498430619480e+01
-1.986147660967689532e+01
-2.010328644485360883e+01
-2.326982745119005003e+01
-2.421642521316873342e+01
-2.385071210546738740e+01
-2.452171049252645219e+01
-2.243221045882735964e+01
-2.876372943593010234e+01
-2.287536009961705474e+01
-2.953735597528122980e+01
-2.782040390227151505e+01
-2.934433628681230033e+01
-2.899811602396244581e+01
-3.110452009351429581e+01
-3.255904126367745732e+01
-3.459807663280627565e+01
-2.802238840820893628e+01
-3.465330187480123669e+01
-3.029977071483057216e+01
-3.350098362495790383e+01
-4.111748853395202730e+01
-3.102298311125361252e+01
-3.881871035339928255e+01
-3.748030652870219370e+01
-3.482361514613553766e+01
-3.576404048865714458e+01
-3.671410233228370856e+01
-3.827644937260431135e+01
-4.047893923683621153e+01
-4.241344648932842176e+01
-4.020840059386662801e+01
-3.851759494528859307e+01
-4.435524190480247597e+01
-4.103759363687288442e+01
-3.726381220040339315e+01
-4.683725731524911851e+01
-4.348242426824000262e+01
-4.333996289783152633e+01
-4.353748308604107820e+01
-4.122133406549495049e+01
-4.846551570177885537e+01
-4.502584506459421476e+01
-4.334542109774239549e+01
-4.708129527392213021e+01
-3.945798284422349411e+01
-5.270587286250079018e+01
-4.584202037648375239e+01
-4.540773124181338716e+01
-4.928319544381729145e+01
-4.450001505318976314e+01
-4.785428590324502096e+01
-4.677190144005920303e+01
-4.861981011231103622e+01
-4.697279112983443383e+01
-5.199954515830224722e+01
-4.277971160686081475e+01
-4.730716930922020680e+01
-5.243037691764363473e+01
-4.757958834233198786e+01
-4.789802493772086933e+01
-5.313785658951183422e+01
-4.654299863116050062e+01
-4.847983863406849281e+01
-4.819738406217626903e+01
-4.945723054244071193e+01
-5.170052919900335553e+01
-4.618631196926929050e+01
-4.906077215200619435e+01
-4.697093651688468441e+01
-5.198249167725250430e+01
-4.812033093288807351e+01
-4.780639869488632598e+01
-4.623708760097547810e+01
-5.185375770688300889e+01
-4.537618066408879258e+01
-5.117112108441468621e+01
-4.795670260350971148e+01
-4.769659083384694753e+01
-4.643830960758571536e+01
-4.526583319078409318e+01
-5.013495219044246198e+01
-4.751391369881080351e+01
-4.605748529608739261e+01
-4.858930525600248984e+01
-4.485109740116862298e+01
-4.846898079368196477e+01
-4.378260902501530438e+01
-4.620229952456258360e+01
-4.698977056407662900e+01
-4.455160720363051041e+01
-4.211679439125494184e+01
-4.340450782117500950e+01
-4.495432766278729986e+01
-4.482114341114676392e+01
-4.573476618723861264e+01
-4.064205565153703503e+01
-4.479199916288449401e+01
-3.999250628676920627e+01
-3.941406284806242866e+01
-4.189994018403772458e+01
-4.301979194033933851e+01
-3.915397435043652763e+01
-3.636540142089005201e+01
-4.706089757269915452e+01
-3.640663853942191253e+01
-3.722070583836382696e+01
-3.420959542574467349e+01
-4.180721364948522023e+01
-3.597428704179274916e+01
-3.872005990192842262e+01
-3.507799217002523307e+01
-3.888762404484461399e+01
-2.859049303835503508e+01
-3.651632653782133531e+01
-3.250607329843375481e+01
-3.353409961608556245e+01
-3.654895479760386934e+01
-2.664214419487176144e+01
-3.147042429440841005e+01
-3.265247943393188734e+01
-2.756239780262330186e+01
-2.858802714115772048e+01
-2.884970869606937427e+01
-3.065557380427848244e+01
-2.466469061919999106e+01
-2.477691178518093196e+01
-3.022916532504571663e+01
-2.744228100391555714e+01
-2.069229487152547620e+01
-2.688820681631215237e+01
-2.334926994209365603e+01
-1.878824116861236604e+01
-2.430398829745833567e+01
-2.119680219682075872e+01
-2.283989690009409657e+01
-1.871730575094263571e+01
-2.136817377983296140e+01
-1.825425067634579079e+01
-1.851151861973474055e+01
-1.727050907567770466e+01
-1.312954358523583842e+01
-1.560126758092703447e+01
-1.651477258777028823e+01
-1.022490591768409196e+01
-1.777246179210180088e+01
-7.799788503309507348e+00
-1.674529190023289260e+01
-1.285247313646830136e+01
-7.125646293963500355e+00
-1.231434148127197581e+01
-5.910601430160181025e+00
-9.602543192421489238e+00
-5.861657212424088215e+00
-9.333721082545286762e+00
-9.476637830111945604e+00
-2.488459761170163542e+00
-4.566834553520470408e+00
-1.296619136490148705e+00
-2.555729144980138479e+00
-6.449447732939106004e+00
1.184981780247992056e+00
-1.245932865095544351e+00
-1.182675444244647656e+00
1.550805427854877960e+00
2.187639306232276759e+00
4.659877191961052212e+00
-2.698766463881341338e-03
1.713168680965343249e+00
4.654467890240471917e+00
4.512893324529020589e+00
6.732278429797005970e+00
6.655789712867534291e+00
4.928478450629885543e+00
1.381038756340659468e+01
5.262339131787566515e+00
1.054330344283214771e+01
6.936067117438295071e+00
1.352759053146019852e+01
1.096461252525105934e+01
1.378314071305814537e+01
9.170606479456809623e+00
1.244815078760917260e+01
1.974775748196086766e+01
9.925959492607308476e+00
1.236877050841699699e+01
2.007872489019587547e+01
1.603490669125516632e+01
1.942414521885489975e+01
2.154396454621424795e+01
1.170231075423017941e+01
2.131866769920728899e+01
1.724969957874914073e+01
2.230384919033146573e+01
2.349614260518474040e+01
2.232911719777925086e+01
2.085497059265004793e+01
2.300809589004536804e+01
2.501730612212686111e+01
2.278457804932201114e+01
2.113018046603250610e+01
2.392965474386969404e+01
3.099912711294793866e+01
2.346202046370794037e+01
2.900821968328167344e+01
2.328362506868466042e+01
3.156259592132176905e+01
2.638234863382626472e+01
2.489462885100387268e+01
3.303034435977211558e+01
2.813845410398735680e+01
2.766230179864538030e+01
3.357195042515287753e+01
2.893523014670236648e+01
3.600250568274236684e+01
2.849198398064363147e+01
3.136111553153371290e+01
3.554292842885046610e+01
3.333166042717844135e+01
3.190707798455574462e+01
3.155466247115581169e+01
3.368264279938844652e+01
3.382521711598346315e+01
3.820422711348419398e+01
3.093011255455467534e+01
3.536492758032029826e+01
3.753449542037528630e+01
3.244939146138330699e+01
3.827266483624114102e+01
3.690566912871343419e+01
3.527003831257773214e+01
3.489706358703102751e+01
4.037351840355923116e+01
3.451326045213492222e+01
3.738762168776283801e+01
3.732409839941448126e+01
3.977713765576356053e+01
3.736497390995593548e+01
3.942279450873750335e+01
3.573970661904404977e+01
4.344375049285041257e+01
3.370990103984542685e+01
4.061785468833814861e+01
3.872762598842352588e+01
3.807125326609222071e+01
4.462887908923942604e+01
3.304574311762893757e+01
4.079438738643671059e+01
3.905110302199593519e+01
3.916240563718076828e+01
3.746267408061012816e+01
3.826665315665763956e+01
4.354931319680728308e+01
3.586668265689588964e+01
4.050432960674511662e+01
3.798617582527669612e+01
3.782544371427216845e+01
3.978438790377339984e+01
3.896631287641322672e+01
3.700177719955419775e+01
3.752696224622052057e+01
4.206546545996865660e+01
3.803974265291864043e+01
3.866399586676276101e+01
3.886890107182581744e+01
3.895410711166286433e+01
3.699445019501320076e+01
4.279118147796467042e+01
3.377144320065927019e+01
3.838547647907088134e+01
3.280236908033634791e+01
3.941869164357866850e+01
3.534277169440241551e+01
4.077214119155803473e+01
3.444691881406469491e+01
3.428775700908988711e+01
3.920621650805802716e+01
3.490489886692117949e+01
3.796876616308018981e+01
3.380728771267501997e+01
3.601349250240905775e+01
3.183192039302514686e+01
3.627850846367807236e+01
3.179989095594654458e+01
3.523025960341522023e+01
3.270444065782437804e+01
3.162053944200128441e+01
2.901133082660791018e+01
3.840512847414873931e+01
2.934633090584685888e+01
3.199391370859020611e+01
2.995620082691515407e+01
2.948493917433404121e+01
3.500069242632481803e+01
2.619982445927920622e+01
2.764294227220344879e+01
2.848303551449273385e+01
3.059068434290023220e+01
2.905637248733480504e+01
2.635749582960522730e+01
2.565071375902926931e+01
3.000420476703932593e+01
2.405746979059951940e+01
2.263361076152610707e+01
2.915986745144270742e+01
2.955786069163107399e+01
2.296794572238949783e+01
2.188116126149966689e+01
1.893296021891388037e+01
2.624768230330896301e+01
2.241242074331277223e+01
1.818348872612593681e+01
2.793298646612563374e+01
1.883369215605381441e+01
2.066209843835633109e+01
1.908246712539077095e+01
1.625798587771257431e+01
1.836310390284916849e+01
2.094931105025268536e+01
1.572934803900616529e+01
1.716144657087893677e+01
1.766882762078844138e+01
1.441371629017484679e+01
1.752742157121011246e+01
1.240404686111051369e+01
1.196816616458093741e+01
1.453475596027766237e+01
1.251808243566466849e+01
1.338434844561468573e+01
1.531314852136388183e+01
6.134686246466054982e+00
1.390131851735741364e+01
9.041082175098745566e+00
1.120250611376222238e+01
5.118301618967333155e+00
8.753556464915281055e+00
1.083435148397389902e+01
1.229205798842763375e+00
7.633654718769800951e+00
8.337202071489432598e+00
5.994025833445045137e+00
4.636001774155038113e+00
-6.881115417174679116e-01
4.704522729127478264e+00
5.221540643611882082e+00
2.123452219612849134e+00
1.662970591751680605e+00
-4.992715702731820859e-01
-2.355570575097659880e+00
3.096388134209511200e+00
1.160543289964897085e-01
-2.564098827459751373e+00
-2.994105710774515039e-01
-2.172712888414613630e+00
-4.563125603467408808e+00
-4.749256127431570107e+00
-3.462371016152574033e+00
-5.438407111834676400e+00
-4.571205562398963806e+00
-8.849145037543451053e+00
-3.842239054542424093e+00
-7.142891520606732492e+00
-9.200993725232864406e+00
-5.105398355217587891e+00
-1.067093580524257490e+01
-9.212215227666485262e+00
-1.134331216133461773e+01
-1.118404617048107497e+01
-9.859131036242553492e+00
-1.076065629193058903e+01
-1.257541587598841559e+01
-1.129583190390978409e+01
-1.384049214648616299e+01
-1.626798813851459258e+01
-1.435434011427175882e+01
-1.276143559025490326e+01
-1.214701843760925826e+01
-1.837940005311890701e+01
-1.546730195969600707e+01
-1.511778599925482069e+01
-2.114729684491564399e+01
-1.625343023564245470e+01
-2.110692506174911642e+01
-1.353515357463157009e+01
-1.879114859166099549e+01
-2.223842793636110926e+01
-1.491295285784246616e+01
-2.045790645028893451e+01
-2.312754249476783031e+01
-2.103652718243203168e+01
-1.961204981844714013e+01
-2.092510869314449096e+01
-2.636268855245510068e+01
-1.904488036290560515e+01
-2.326782707345918766e+01
-2.615249999608553466e+01
-2.021667807860571386e+01
-2.721481289371030599e+01
-2.101577655025442581e+01
-2.379822499862344998e+01
-2.590656062485377475e+01
-2.677478805049832289e+01
-2.837338568349171908e+01
-2.239294482513513174e+01
-3.157280260077462231e+01
-2.461133892288231095e+01
-2.876074022910892936e+01
-2.624700157149068502e+01
-2.672246101209989888e+01
-2.916304757389211488e+01
-2.787544993141631622e+01
-2.621981483592315954e+01
-2.943191954259485854e+01
-3.054422437485806086e+01
-2.251949650550260884e+01
-3.061240928721179699e+01
-3.433674003286928667e+01
-2.534289756293969731e+01
-3.134042477190055820e+01
-2.788984747935293029e+01
-3.317254353372173625e+01
-3.224689317364226326e+01
-2.866861044292700811e+01
-2.839174218972582509e+01
-3.008891808460593609e+01
-3.055436186941120624e+01
-3.010384987963658077e+01
-3.003586702675957198e+01
-2.942680493703907274e+01
-3.715696249428042108e+01
-2.813242966196187922e+01
-2.758045511744522571e+01
-3.723600801336395705e+01
-3.129903925435712608e+01
-3.306761805056055437e+01
-2.833199804444839387e+01
-3.086323955844707712e+01
-3.000161257503004819e+01
-3.065693203469847106e+01
-3.310490241458926874e+01
-3.177015833419263302e+01
-3.062307868684900924e+01
-3.542877958204562105e+01
-2.964438873477212510e+01
-2.873128625105830380e+01
-3.104893886317588780e+01
-3.335409368785017392e+01
-2.926056449443852969e+01
-2.984951060916354493e+01
-3.266646333497807575e+01
-2.964064738144637801e+01
-3.256171389548524786e+01
-2.641469252222771402e+01
-3.167380194671492433e+01
-3.053069256347378513e+01
-3.042874827069753962e+01
-2.692299587667835326e+01
-2.900041524579065211e+01
-3.164630185041317745e+01
-3.012119901132948030e+01
-2.893307799852733098e+01
-2.916411001512616963e+01
-2.752273055982864491e+01
-2.931768812782523170e+01
-3.027128727161231936e+01
-2.399055862757017010e+01
-2.466130504374919497e+01
-3.048996550113988491e+01
-3.232004407692740955e+01
-2.291567761561284300e+01
-2.529216983148681308e+01
-2.894382846897336137e+01
-2.908824546283952373e+01
-2.261967735270054192e+01
-2.565643043400653056e+01
-2.705626216068986167e+01
-2.073697945255634778e+01
-2.587274149184480621e+01
-2.822951706185160603e+01
-2.302946204441111533e+01
-2.325657651806362125e+01
-2.197041471193840323e+01
-2.513646171807898355e+01
-1.895972139251135502e+01
-2.610324328454506926e+01
-2.125109990190091125e+01
-2.355319587791448299e+01
-1.754430005796400849e+01
-2.228103974060766035e+01
-2.027450860420934831e+01
-2.040740916349946588e+01
-2.207301129078237167e+01
-1.883759778479891622e+01
-1.779599769160983413e+01
-1.598572274795979453e+01
-1.561468579923294797e+01
-2.294898762305685480e+01
-1.506241218789450187e+01
-1.574369144912013851e+01
-1.932507089638291120e+01
-1.643533902387848755e+01
-1.468362951107508252e+01
-1.074550729336645283e+01
-1.435534458698578320e+01
-2.033263691609733925e+01
-9.107129985924144577e+00
-1.741643892368675139e+01
-1.200076502847752025e+01
-9.195156926277762821e+00
-1.490159068288407518e+01
-8.954596970314129933e+00
-1.564923952420049247e+01
-6.771877119340182993e+00
-9.513982813019993046e+00
-1.046721482345904874e+01
-1.002059341491944622e+01
-7.451861564617657585e+00
-9.802563329682655535e+00
-8.024771554179285005e+00
-6.933874510112879364e+00
-3.633170678904387607e+00
-1.012173333077901738e+01
-2.806021765974946902e+00
-8.917528241967513480e+00
-4.580089266913789814e+00
-3.792092284622459619e+00
-3.313511889911554320e+00
-4.658795572065161927e+00
-3.500038171834429335e+00
1.834418252197587140e-01
-1.768785168504890315e+00
-4.668688018085289215e+00
4.439083828955018518e+00
-3.461566715826152496e+00
5.007425613750471349e-01
-2.273744591825777928e+00
7.798240580448450032e-01
4.276213655111451573e+00
1.105479439807648845e+00
4.476825206397252011e+00
7.669525502860727872e-01
4.683950132719521875e+00
-1.031431109326297779e+00
8.988516368586326521e+00
4.045577870100927953e+00
2.182762322202392635e+00
7.932107795692975749e+00
1.493932043724683467e+00
1.074307168108550670e+01
8.376098828195626567e+00
4.145975276309602719e+00
7.889471462917716060e+00
8.193081933412573292e+00
6.579845502969996929e+00
9.475244482225614107e+00
9.624021937091850276e+00
8.080858170713888455e+00
1.383986420524593797e+01
9.375283787542787906e+00
9.625331018392387250e+00
1.745141856033670891e+01
1.076664485349266975e+01
1.162558242578187873e+01
1.070924390808271554e+01
1.219181610696164419e+01
1.396780954783528017e+01
1.207419387873743588e+01
1.660018117548118965e+01
1.023467564938628271e+01
1.584896210018937168e+01
1.781858491441300174e+01
1.680437045082743452e+01
1.366102604461900505e+01
1.670550128042879834e+01
1.649134446344579530e+01
1.787350333344230080e+01
1.750793113457627470e+01
1.678583176906110097e+01
1.931175379398569092e+01
1.432010443886232487e+01
1.874132825894265864e+01
2.159152859645976719e+01
1.889572239213882554e+01
1.933213480965697784e+01
2.037292494731810777e+01
1.577872809525400655e+01
2.259664637234954299e+01
1.957503416697828413e+01
1.901643634424578622e+01
2.210665589661741492e+01
2.525848985055786855e+01
1.780097513152189848e+01
2.321238798207759757e+01
2.268704225177256006e+01
1.996873916572708296e+01
2.504815864605609477e+01
2.495991330546410936e+01
1.979137749971186011e+01
2.057030349873693353e+01
2.759311820722906461e+01
2.215153670641480943e+01
2.032613916035840873e+01
2.269954175680663511e+01
2.855660981996565795e+01
2.033124835469847014e+01
2.091186010999701850e+01
2.938964665674263799e+01
2.438680588574839447e+01
2.376241823248028595e+01
2.191851234209904931e+01
2.679920597012096550e+01
2.137084612005100936e+01
2.579108863536940532e+01
2.357418607015667789e+01
2.546205488489536961e+01
2.546964464767444625e+01
2.423663634022508973e+01
2.571187003624410394e+01
2.452713673744914047e+01
2.713675090158438508e+01
2.601705669007968424e+01
2.385046478963268868e+01
2.186702438807185089e+01
2.717790574926728198e+01
2.693223326736931611e+01
2.303984357679487260e+01
2.345005641089959525e+01
2.706915868899763922e+01
2.796580011674278410e+01
2.391465989969105266e+01
2.319295929452824012e+01
2.272535974196220110e+01
2.575464315752100575e+01
2.202502285196360887e+01
2.999027572790796370e+01
2.298141803225931312e+01
2.000640458664880938e+01
2.921618372144760656e+01
2.511519580180752698e+01
2.349592750585266998e+01
2.328869481528418106e+01
2.360204881409088173e+01
2.246764930278489913e+01
2.597647212002719641e+01
2.182300658337981858e+01
2.474316491810825269e+01
2.211412109838370199e+01
2.438113451158329781e+01
2.266275392656390508e+01
2.459783484762161976e+01
2.053112259065056122e+01
2.255919244100375565e+01
2.223503570762594705e+01
2.372282160647541360e+01
2.047226920467053901e+01
2.132463014406718571e+01
2.139111741248959930e+01
2.030831965071143586e+01
1.767287296500289884e+01
2.710589546448530740e+01
1.297164781003033873e+01
2.336085906525612188e+01
2.076097146818361949e+01
2.176313264148300419e+01
1.827172976198863807e+01
1.928470920959087209e+01
1.640975151024709078e+01
1.994177219893362363e+01
1.733804725480872122e+01
1.799012465419776419e+01
1.804259862089892152e+01
1.603572567041860708e+01
2.225393600274890460e+01
1.301250732511192609e+01
1.397821554822777301e+01
1.887101312462042557e+01
1.558780639032764626e+01
1.560796423607734340e+01
1.600382597403718066e+01
1.597707907257928106e+01
1.270002773928285933e+01
1.772484896443530644e+01
1.438020408638643666e+01
1.159751376039368331e+01
1.376947958158157270e+01
1.471746359465426757e+01
1.113465085892818962e+01
1.318880894726942188e+01
6.137558051032563355e+00
1.525085648522827775e+01
9.091423358984730640e+00
1.424450767889066505e+01
8.390389497878697256e+00
1.076193234288135514e+01
1.233329607822926022e+01
8.595315948443408516e+00
8.188374391499687377e+00
9.842470012313299321e+00
5.229104365791631182e+00
1.055263604017254764e+01
7.118538695461805510e+00
5.734380706468696687e+00
8.657938893841492956e+00
4.072234200963205097e+00
5.605197849820137357e+00
9.375457257277737710e+00
7.904483194540160573e-01
8.789864926517420685e+00
3.423440261028126486e+00
3.768344103269703815e+00
4.086897313444902480e+00
2.863757517741762904e+00
2.090291644969873186e+00
5.726828615321425175e+00
1.560334476328178344e+00
2.104148843354304965e+00
1.153781795394865917e+00
5.034480761292450701e+00
-6.745837242843384374e+00
6.251108001393715696e+00
-1.233844037850734932e+00
-2.698088971070310649e+00
-1.413111611062835005e+00
9.662656625838490498e-01
-4.453104924200024684e+00
-1.025528846083093804e+00
-8.956694759659580285e-01
-6.994860862996271855e+00
9.169379683375429302e-01
-1.323319768119288753e+00
-5.376811442239412209e+00
-7.921811109137068208e+00
-4.115796553905592958e+00
-8.610909063521046125e-01
-8.867063993065013250e+00
-4.626989621252888263e+00
-7.987516390239392194e+00
-2.584385321653735357e+00
-8.374843796051639089e+00
-7.193230972270171719e+00
-6.412379086042308884e+00
-8.237177330690913735e+00
-4.168807412969981030e+00
-1.382475704843667152e+01
-5.039135858745748209e+00
-9.155669036663699245e+00
-7.574021961681829396e+00
-1.340396986881218666e+01
-9.735839952719622659e+00
-9.741923678115981033e+00
-8.251796082138724842e+00
-1.447923352870970071e+01
-9.140457835887211502e+00
-1.322279074598784732e+01
-1.039224491760466407e+01
-1.038450874409448765e+01
-1.488915286523701909e+01
-1.252455152618802359e+01
-1.184893210814047393e+01
-1.728364179742036555e+01
-8.484810713719538100e+00
-1.597191525825353864e+01
-1.451850291954386840e+01
-1.332516651859774726e+01
-9.115193546238046451e+00
-2.097956531336461339e+01
-1.505331922269215461e+01
-1.351013407852829928e+01
-1.717597669945371308e+01
-1.413351658189300863e+01
-1.535932312391375376e+01
-1.700371084382077669e+01
-1.389524676419798510e+01
-1.641663876994502402e+01
-1.576346694465033771e+01
-1.803603964458252662e+01
-1.634448901180524061e+01
-2.268441750996878881e+01
-1.616504487249817146e+01
-1.634284170321468821e+01
-1.846197083298709529e+01
-1.766791829315223339e+01
-1.792550573394548152e+01
-1.560751548810923239e+01
-2.104608263173352967e+01
-1.899712085707868070e+01
-1.624518507996074845e+01
-2.305207707705583786e+01
-1.497971755573640706e+01
-1.905813242353385206e+01
-1.545576376285495002e+01
-2.342919979498715932e+01
-1.622706641391576099e+01
-2.100513679172614090e+01
-1.920455842822818937e+01
-2.108132109311113567e+01
-1.703510954880227146e+01
-2.169977605797642539e+01
-1.976918185743631540e+01
-1.787629458513475456e+01
-2.517095975084109583e+01
-1.522462355637300924e+01
-1.932081194450530148e+01
-1.834867804132032632e+01
-2.117404702929574256e+01
-2.271192151492671840e+01
-1.982530061770701124e+01
-1.926013792403183800e+01
-1.589360681062362701e+01
-2.341945942420342774e+01
-2.099499650688707320e+01
-1.978224168020087959e+01
-2.206964108165408689e+01
-1.987397636712591975e+01
-2.020310513616236392e+01
-1.760527964245739341e+01
-1.936665125553122024e+01
-2.365492406218878685e+01
-1.528794406734798983e+01
-2.345906297418945385e+01
-1.805484174163528621e+01
-1.885075792179411280e+01
-2.168025915739483622e+01
-1.992565592816659148e+01
-1.836715800346503968e+01
-2.039179635405549718e+01
-1.720699408281565823e+01
-2.070010657900809647e+01
-1.691702082194903767e+01
-2.071818829481358293e+01
-1.854035500753808208e+01
-1.876826473152875607e+01
-1.603507266189124891e+01
-2.126989678141625362e+01
-1.754799053852243063e+01
-1.739172491777476637e+01
-1.845781635804957688e+01
-1.987713855639376703e+01
-1.375166114248414573e+01
-1.690143190012095431e+01
-1.827964025363983680e+01
-1.838617806467886240e+01
-1.835404496521019979e+01
-1.460564338355542979e+01
-1.511028292393234906e+01
-2.159220847471463145e+01
-1.201133455296749197e+01
-1.696996268146321540e+01
-1.615839737850647495e+01
-1.454125242954481223e+01
-1.510192992069566742e+01
-1.796012139100450611e+01
-1.356950575067741305e+01
-1.780976341838265142e+01
-1.314655171222741714e+01
-1.142990731759835477e+01
-1.655045523298984023e+01
-1.553659015681965272e+01
-1.320471741430223744e+01
-1.027406580154245219e+01
-1.365691202406448390e+01
-1.462543229192561611e+01
-9.545370825139430693e+00
-1.531232460717441590e+01
-8.853640423077905552e+00
-1.452605981571115557e+01
-1.205799634394247377e+01
-1.110080997818220183e+01
-1.296144053937609542e+01
-1.001144313221913684e+01
-9.095260080453337892e+00
-8.103523659853202332e+00
-1.446236384861102309e+01
-9.659097641913596988e+00
-9.406679265273643509e+00
-6.238702006588128235e+00
-7.521836306499793068e+00
-8.773642070813714611e+00
-1.135553138325257372e+01
-5.314442808612929170e+00
-1.219992590627113493e+01
-5.113213661487646888e+00
-6.195158193670090796e+00
-7.106713031717000639e+00
-5.780232366347131112e+00
-8.732975236898278482e+00
-5.119421133714713079e+00
-4.036932761386271551e+00
-8.570192024292332178e+00
-1.431091560491149162e+00
-3.865531673004178437e+00
-4.062502995097386993e+00
-1.053749299571172848e+01
2.625079466027047559e+00
-6.311015453964445854e+00
-5.438266964433635664e+00
3.161486834761013665e+00
-4.787942096847843665e+00
-4.366014994737620114e+00
-2.156678583312764186e+00
-3.016706739143915517e+00
2.414138562174558356e+00
1.204485835598338994e+00
-4.140934154973666459e+00
-3.024133659919128192e+00
5.057706386340073301e+00
-8.376185662363273554e-01
-1.324732027412746316e+00
3.000279161260698935e+00
-5.724695930911871677e-01
2.527589199005847664e+00
-4.809854974324201393e-01
5.429836164131266685e+00
-7.251474212626605187e-01
5.786331721665892047e+00
3.536738417817097968e-03
4.324771957483931395e+00
2.885627763382901279e+00
4.947208530629185752e-01
5.494012572964567909e+00
2.970868328007032488e+00
6.266389633364611633e+00
6.546440572195096230e+00
5.416405460428140195e+00
3.714165358550806761e+00
8.763754288111215374e+00
6.027057466784365047e+00
4.731722377468125629e+00
4.693304951307998074e+00
5.467765559039989398e+00
9.043425345790717884e+00
6.258500070956740657e+00
6.193060726382150882e+00
1.294955865078924795e+01
4.568505152572011951e+00
8.183312139505812155e+00
5.363632701383009405e+00
1.300482040455862709e+01
5.232182273596156286e+00
1.466221072939778658e+01
7.941361358112199120e+00
1.078342234502311392e+01
1.037408538886415243e+01
8.065186464329649141e+00
8.224451391289322899e+00
1.365140366424815355e+01
9.842539484769980973e+00
9.870102956907974345e+00
1.508342109694407007e+01
6.965995899582294371e+00
1.237615642178190001e+01
1.405321567183990084e+01
9.021136649984276445e+00
1.501718926117027841e+01
1.295655579774069110e+01
1.167797447038690173e+01
1.186097978271651598e+01
1.273004887877607061e+01
1.487988797153804121e+01
1.454884527166008645e+01
8.648983845087506950e+00
1.496656343514755072e+01
1.574338286072434556e+01
1.241191810681708851e+01
1.671055246105699865e+01
1.567158038339140624e+01
8.020278169864420548e+00
1.512326933249715211e+01
1.524024434342431888e+01
1.581391236523149324e+01
1.454296692230142618e+01
1.380850442969703806e+01
1.769827366387461254e+01
1.412494845661416321e+01
1.408222340264770800e+01
1.355963938289506743e+01
1.549034824839616142e+01
1.652126786281049320e+01
1.402814072051672589e+01
1.606058042813373987e+01
1.437639796513710344e+01
2.071288794003269018e+01
1.430766089185772572e+01
1.650618730047719040e+01
1.623576738387908946e+01
1.542743757106037528e+01
1.219856612144804409e+01
1.714023295447014306e+01
1.710801779600647166e+01
1.747758585841202716e+01
1.328793579707267369e+01
1.808835433782245872e+01
1.266352221393328037e+01
1.701204410337582118e+01
1.831278877813673134e+01
1.712795509544884709e+01
1.529824415463539822e+01
1.609757288369766215e+01
1.347338354527749615e+01
1.653618099940077357e+01
1.678097536388196431e+01
1.656511146857567951e+01
1.787731390590608527e+01
1.620957841511900099e+01
1.229776326107458040e+01
1.599176331614436819e+01
1.656764610343649480e+01
1.335573719562106199e+01
1.939427688356621715e+01
1.314481819922833594e+01
1.798605790108432245e+01
1.290443791956638364e+01
1.576120592889342120e+01
1.659088466320979904e+01
1.428150297217162468e+01
1.724101939549897722e+01
1.275863460937384630e+01
1.600428989566469795e+01
1.245879019302149615e+01
1.491795522509056759e+01
1.800303578107192237e+01
1.148273025868834019e+01
1.572728201880678611e+01
1.707021992550842882e+01
7.763779206741784122e+00
1.613465680206357789e+01
1.487667327353787883e+01
1.298813828777956658e+01
1.741033716339775950e+01
9.782099970480151896e+00
1.256006546300217686e+01
1.397645325033407460e+01
1.412472154876017427e+01
1.182465927634260083e+01
1.270765832238498660e+01
1.636301227922634283e+01
9.246327379437770944e+00
1.239037537021158641e+01
6.610485254757751505e+00
1.642564357715698975e+01
8.293787456088066889e+00
1.582243704590539224e+01
6.067958726624151922e+00
1.824127999072963036e+01
6.665147474788901683e+00
1.275233493565246334e+01
6.216343377168595197e+00
1.488921722785126178e+01
8.182254343593426071e+00
7.468826373042670497e+00
1.200241135355268618e+01
5.841416026074274015e+00
1.387954475512257879e+01
6.677414313821278924e+00
9.835242055400941652e+00
7.851364274662086196e+00
1.140133909845866000e+01
9.436256124927073330e+00
5.333089647674261080e+00
7.230619741416830948e+00
7.042713330228322022e+00
5.372728290884299263e+00
6.324167228043313216e+00
9.049205894966357633e+00
5.947879669326612273e+00
5.027060661270365216e+00
1.038862743400343192e+01
-1.288014082403193816e+00
1.322947857471814004e+01
1.681136223579407840e+00
3.793245909495944979e+00
7.029647660531292530e+00
6.893537683314805875e+00
1.759167718393469748e+00
4.684759771043813359e+00
5.184596291594163020e+00
8.361308075569287013e-01
6.683287177590697681e+00
2.007921986929852132e+00
3.886949669878971392e+00
4.199622846208631799e+00
-1.657249327711500131e+00
3.876688031713643845e+00
2.726452325909316077e+00
-6.959008586449866307e-01
3.988305713550948539e+00
-2.001884970658161844e+00
3.679246414374337082e+00
1.715185251425736190e+00
-1.288784744275802918e+00
2.394936210827991463e+00
-4.746250574172877101e+00
6.856490819470817399e-02
1.092851153024815503e+00
-1.318170448814676599e+00
8.885232364875665922e-01
-9.172175040270031943e-01
-3.767757577287660364e-01
-2.523121245398973755e+00
-3.692121636543887586e+00
-2.843338636246041329e+00
-7.242057676098088148e-01
-1.968361406328885677e+00
-2.757309983349394145e+00
-3.888681907693497308e+00
-5.181295464304823462e+00
-5.839332612188330440e-01
-5.725076797537630213e+00
-2.012398130186110023e+00
-8.582384913476513333e+00
-5.248745455880458266e+00
-2.621473123687603657e+00
-4.889932280315122171e+00
-7.405418806675363896e+00
6.686096005021757716e-01
-8.481650503390163465e+00
-4.343634845933982191e+00
-7.408813685785104575e+00
-5.843580508281970509e+00
-5.846271538937052981e+00
-6.458312258411543993e+00
-5.685334467116382129e+00
-8.187498727688737432e+00
-5.811410132112018623e+00
-7.576471236548372623e+00
-4.726802167111855191e+00
-1.154345137822135392e+01
-4.204858314904790895e+00
-1.136463445520764637e+01
-5.581919530967364373e+00
-1.214535841015974071e+01
-6.942328873785710286e+00
-5.979954783792500450e+00
-1.300237273011994432e+01
-5.697304522811185379e+00
-1.288506577255018648e+01
-1.012855339536999821e+01
-5.472362142687612341e+00
-1.398205531507775667e+01
-1.195744276605798895e+01
-6.344484678120827503e+00
-1.064329373388460453e+01
-1.098860264411675480e+01
-1.033225514192260164e+01
-5.319952429896984469e+00
-1.714153158301950697e+01
-7.099214752597317712e+00
-1.137310109882029963e+01
-1.267354416184312349e+01
-1.186388795417466113e+01
-1.145656480271729727e+01
-7.629994850284280261e+00
-7.745122988264290242e+00
-1.679311205697845821e+01
-9.465799907187326667e+00
-1.021599050191549196e+01
-1.596930305103819236e+01
-1.076010128336123550e+01
-1.404262621065129579e+01
-9.130017329209673349e+00
-1.407078899611765088e+01
-1.177445977899244589e+01
-1.098120380863100465e+01
-1.551904983211400868e+01
-1.079818033727600834e+01
-1.352087201058977151e+01
-9.244453209353977741e+00
-1.566823964714383877e+01
-1.131502178676738701e+01
-1.309114827518726187e+01
-1.022128923195017336e+01
-1.672299074295143129e+01
-9.390502834545921829e+00
-1.596739224105988342e+01
-1.164596229485475831e+01
-1.285576094116219359e+01
-9.779984774373522427e+00
-1.211057661887991443e+01
-1.395256031982053813e+01
-1.409690897141779331e+01
-1.581150650946566572e+01
-9.983289217403491733e+00
-1.655460799173772202e+01
-1.319382962137504123e+01
-9.941636968863315715e+00
-1.738782222541932754e+01
-6.939972268317603721e+00
-1.551886309145123910e+01
-1.006143017490233582e+01
-1.288822918622575031e+01
-1.111763359777304672e+01
-1.904800122065083912e+01
-5.287344462171370552e+00
-1.444966974157460271e+01
-1.531148731957859255e+01
-1.161689341873422165e+01
-1.290983925463541837e+01
-1.115311716870323266e+01
-1.027289052716638196e+01
-1.397941736933417545e+01
-1.198353000660053347e+01
-1.148889779311030779e+01
-1.400600410843315302e+01
-9.871220061106427579e+00
-1.150068388876083958e+01
-1.468558502155971013e+01
-7.464951848256891509e+00
-1.614935445457125951e+01
-1.013939273697899424e+01
-1.121324578921570314e+01
-1.005624352714509406e+01
-1.355760076866815922e+01
-8.035161116631075018e+00
-1.422750000114410618e+01
-7.772974098793957509e+00
-1.199168646422089779e+01
-1.262455461331649254e+01
-7.787565055218590437e+00
-1.074007401356272595e+01
-5.374860047458344781e+00
-1.129087378407759878e+01
-1.733700777893908196e+01
-2.578630447982814378e+00
-1.380401699413556038e+01
-1.200427544880911945e+01
-9.145148696444067582e+00
-8.055710367565405150e+00
-6.630492183944896922e+00
-9.169508845628230986e+00
-1.285174481050051298e+01
-8.680104974048976629e+00
-8.166485435020314654e+00
-3.996514182718510888e+00
-8.383605148693408893e+00
-1.112046823890448266e+01
-3.903234028266519218e+00
-1.091301412485533184e+01
-3.368610260835875891e+00
-6.556125799360128958e+00
-1.076876765010064574e+01
-4.670194682707756506e+00
-6.127183289874773564e+00
-8.913607011169611738e+00
-3.200251805369366931e+00
-8.795759715610570240e+00
-4.311117769353021600e+00
-5.261855788326371908e+00
-8.989742605378085116e+00
-3.932620883781190457e+00
-5.681430860278150696e+00
-5.000739545858537305e+00
-6.657787543766402472e+00
-5.608831793969087265e+00
-2.432475945349633850e+00
-4.537047456661964517e+00
-4.245417424674675644e+00
-3.682137750691461875e+00
-2.025010569914920566e+00
-5.371262183372531140e+00
-4.959136125215612090e+00
-4.423981340680307461e+00
-1.288374571904151944e+00
-5.470107956372667779e+00
3.202305647815797407e+00
-3.567471975507125581e+00
-4.187698527633608947e+00
-2.085052856628865747e+00
1.947435617537694452e-01
-1.544239217969206823e+00
-1.723826671788128984e+00
-1.566276785474797428e+00
-2.911478149325594345e+00
-1.174086777446888830e+00
3.071138844269906798e+00
-2.208777643893816922e+00
-1.178945391529576892e+00
-4.938291025549866875e-01
1.473840132836084393e+00
2.226363972366521615e+00
-4.057526159271375832e+00
1.149189412239466801e+00
2.482180629676283168e+00
3.708773186280895029e+00
-3.238367932076778200e+00
4.588627565266743424e+00
-5.406653392498705912e-02
2.241907562275623711e+00
-1.088420930546902143e+00
6.148862956529443480e+00
2.900295125852754730e+00
-2.766743928312303424e+00
4.675507330410100693e+00
3.973808462828734456e+00
2.077810737741304870e+00
5.432710561618874223e+00
2.558983852436941486e+00
5.375076418376345977e+00
1.135207686497725188e+00
4.283528798700744211e+00
3.575603611611763544e+00
5.344798149038318513e+00
4.844431393725399104e+00
4.932373406845082187e+00
4.882713957127434057e+00
1.988373878397287964e+00
6.186837678954073105e+00
5.244224582553581371e+00
8.217610114748582717e+00
5.683172056135556538e+00
4.039076766088730785e+00
8.078439831126324577e+00
4.715693128194161865e+00
8.549811893298024934e-01
1.082362277403850825e+01
4.530544701371701954e+00
7.080217164865285184e+00
7.863173337957428011e+00
4.494197916449708785e+00
1.218581575663442962e+01
1.087502826375983389e+01
8.564253566394963713e-01
6.100758762696079529e+00
9.807015118033918455e+00
1.267951360400372529e+01
6.108580180276035776e+00
7.137191566501263296e+00
4.173918192577772857e+00
7.457333482264512980e+00
1.043555421906981806e+01
9.526712142860905175e+00
6.593446363580429015e+00
6.840042477005713550e+00
1.142007422513959902e+01
9.674787381058610691e+00
4.985125425609597372e+00
1.203784716456899595e+01
7.095925411710944708e+00
1.024282009159379747e+01
8.917357127645937354e+00
6.924823717888759944e+00
9.346374678154695914e+00
1.423377309447938543e+01
8.078698629719141877e+00
6.387151402842652814e+00
1.155381402728035845e+01
9.399811612244667103e+00
6.084411543050560311e+00
9.830754581804869829e+00
9.145230489082077696e+00
1.501890176607352423e+01
7.988308265015727549e+00
1.156671178540437062e+01
1.204343234037596666e+01
8.766997127764337705e+00
9.693656753177789298e+00
8.922050284013366195e+00
1.092144495740209109e+01
1.114226297829793211e+01
1.238583978759487891e+01
8.831457195146009909e+00
8.033563776443626736e+00
1.153213591740532351e+01
1.090606667577811173e+01
6.355235923897572192e+00
1.443533033965181467e+01
8.575342429905781216e+00
9.471537181356554314e+00
1.196012644958638305e+01
9.613289211498916131e+00
1.099352361966993641e+01
1.040331526738757617e+01
8.061507716369586518e+00
9.165404928209003543e+00
1.190066933666988191e+01
1.100755684313532612e+01
1.021477381831267905e+01
1.212323490000282433e+01
1.187780548562259320e+01
5.621069161145778814e+00
1.111947045902249442e+01
1.302412816644697102e+01
6.665620997996644981e+00
1.098078178889964462e+01
6.313549052496059133e+00
1.409724231084831914e+01
4.186569175759365713e+00
1.253369114565526310e+01
7.618295304601208962e+00
1.373365433915283162e+01
7.002490810381008401e+00
1.014805192576004345e+01
7.176760105895287900e+00
7.502218587651389825e+00
1.112179574922601155e+01
1.330243123012860096e+01
8.471512768780684155e+00
3.250505090082137727e+00
1.218330525286851085e+01
1.073773585321755419e+01
1.020901345904710311e+01
3.913152772844881611e+00
9.895636599636260300e+00
8.257896991380743401e+00
9.603945706405387028e+00
8.208713048077111551e+00
9.598164689623221335e+00
4.825558433061444497e+00
1.050315458419732373e+01
3.111394629800011025e+00
1.053280861570086557e+01
3.710730952592658838e+00
1.195946770306980689e+01
9.198324214464646431e+00
3.620984345284842476e+00
8.692001064427858026e+00
9.229384432015731221e+00
5.603462845483409893e+00
3.729939573620745019e+00
9.993419856188857864e+00
5.949980038489876222e+00
4.159911666707721167e+00
8.708751214661258899e+00
6.171332195164309198e+00
6.978776617445650921e+00
2.904379483317771626e+00
7.156772814202105870e+00
4.751502365560802410e+00
4.179981896515060136e+00
6.538916940025218061e+00
3.576628366185397923e+00
6.474605980382412973e+00
4.815818642830993035e+00
4.029056664607550076e+00
6.380963111683906064e+00
3.050336426851429028e+00
3.332621449498128996e+00
6.206029146346406122e+00
2.114870888075381927e+00
2.691292818916729779e+00
8.305799287028916567e+00
3.112960296831983165e+00
1.763763850572355629e+00
4.234976203264400496e+00
9.800196435944057427e-01
4.629471408474915783e+00
4.673524367851332073e+00
-3.504549301333667266e+00
4.918132138423874977e+00
3.714067524732070691e+00
1.446410136608887065e+00
4.610238698698599258e+00
-2.507988881640776935e+00
6.673072180886743254e-01
3.472820840415947963e+00
1.044207813620987135e+00
2.916077673517234459e-01
2.520840340090301446e+00
-2.383930020973534347e+00
3.550736675225361072e+00
1.008340401517379359e+00
-2.095370034483364563e+00
-1.584503717901797337e+00
1.384314653173258192e+00
-2.013861538720819411e+00
4.351255181594127386e+00
-2.239317507619007053e+00
-2.106016491153782422e+00
4.667977725840316339e+00
-4.514227967306266187e+00
-3.560577638527880673e+00
-3.998312517815292289e-01
-1.145247260860118299e+00
8.661146060924446166e-02
-2.199878918416981577e+00
-1.538682277722282166e+00
-1.107429992581292488e+00
-3.209538373205160777e-01
-3.320219926893041240e+00
-3.381899843936352124e+00
-1.788419576519456822e+00
-6.145470399952034590e+00
-1.994742854299680346e-01
-2.723772584345375947e+00
-3.501812700765191799e+00
-6.807739582249087817e+00
5.602609406676772874e-01
-5.574469814448539395e+00
-2.950826742800922720e+00
-2.088908318663134978e+00
-5.459976594072555756e+00
-1.765544724198974569e+00
-3.779350530969923572e+00
-4.828345843087960887e+00
-4.796254863362862331e+00
-3.965666781805849528e+00
-7.793310033462343966e+00
-4.750427227489665505e+00
-2.189700943747664663e+00
-8.467165193328867190e+00
-1.414821417848077800e+00
-6.566883586625795743e+00
-6.844827334676646835e+00
-4.837020802242846251e+00
-4.507463538859016516e+00
-7.683827358339851088e+00
-9.756695650161352873e+00
-2.023079470697830562e-01
-7.375551379931367002e+00
-5.476821264298186165e+00
-1.007928321756720180e+01
-4.384743010684704068e+00
-6.810109965292008738e+00
-2.652632952493797269e+00
-6.530394146348102780e+00
-4.531934932781106262e+00
-1.254468266650616926e+01
-9.236321953028410192e+00
-4.130665916999761933e+00
-6.422511840787461956e+00
-3.902514495448885956e+00
-7.713390368968959798e+00
-5.295157626339307200e+00
-1.203852054255003168e+01
-5.580805152462295027e+00
-5.983583195399998722e+00
-7.755359949054695612e+00
-1.032944972910821235e+01
-6.947813037194348951e+00
-5.375730265738402736e+00
-7.096908587265698287e+00
-9.685635430047597083e+00
-9.874086966823233169e+00
-4.801463670424855223e+00
-8.412756782089925167e+00
-9.172431641315073492e+00
-6.542452270683632776e+00
-5.643976439311732207e+00
-1.091300576548999324e+01
-8.325467855535226391e+00
-8.865366142421137852e+00
-9.173916582788606888e+00
-3.795117799153265636e+00
-9.377342230553551872e+00
-8.295370909942079152e+00
-1.038533723815673859e+01
-4.976818815488058156e+00
-8.565139405081342971e+00
-9.507753361384338575e+00
-6.670022796470424176e+00
-9.265107898256102814e+00
-9.859863254791239484e+00
-8.633039857574804188e+00
-6.069489090307464529e+00
-7.473822957273704937e+00
-9.328412223102480638e+00
-8.115732286198023004e+00
-7.456392856276627512e+00
-8.602467079790013571e+00
-6.663412028899603712e+00
-1.025925900966855586e+01
-7.642898233039066902e+00
-8.587142731742643420e+00
-8.915350489339363804e+00
-6.888109754199522428e+00
-7.166038540753923769e+00
-6.823043446716402727e+00
-5.912392513068299493e+00
-1.237653349319628227e+01
-6.294663361464436946e+00
-7.249474637028717972e+00
-1.179871854884640925e+01
-3.760450947841841085e+00
-8.185156620417698647e+00
-9.524161770789639547e+00
-4.558041015424452169e+00
-1.037756660700907219e+01
-7.651170011255993053e+00
-7.043367025000504711e+00
-9.170342215911936989e+00
-5.813233164809831877e+00
-7.259247932722849406e+00
-1.127055536735179331e+01
-1.572579105066698402e+00
-8.240035343194742623e+00
-7.477737240252221085e+00
-6.900085401069674162e+00
-7.697368194622860038e+00
-6.632723330039321574e+00
-4.928863882232466409e+00
-6.846231490988246016e+00
-5.474886484345056203e+00
-7.111876915282568490e+00
-8.609636351132458287e+00
-4.359252090912260513e+00
-6.800905704223927373e+00
-8.661093091291206747e+00
-3.626228974036364683e+00
-7.944904603200848570e+00
-1.667756588674920160e+00
-7.683297162065453989e+00
-4.084670672871435926e+00
-3.560800757498836067e+00
-9.262401172155490414e+00
-4.094103008893962503e+00
-7.952428382801033813e+00
-3.136870739759481719e+00
-5.598360645862136664e+00
-5.533232572672519112e+00
-2.355384656738612748e+00
-7.464563245588601070e+00
-3.815907492973977355e+00
-4.123397406525485920e+00
-2.088752780808951215e+00
-7.150440698114475246e+00
-2.062264294954133881e+00
-3.704975608909813367e+00
-6.945207449802647481e+00
-2.827241428191956119e-01
-7.523094804502058253e+00
-5.471106565777159148e+00
-2.637589272706385213e+00
-4.937805210565227476e+00
2.842601181302466529e-01
-8.038533346445566607e-01
-3.067277560199788145e+00
-7.635714546676359404e+00
1.304741288331330296e-01
-5.511336974194340321e+00
3.381827416677577691e+00
-4.044723076363220926e+00
-4.085938710608973068e+00
-3.670079418566324359e-01
-2.155305263978898545e+00
6.033826541891817996e-02
-5.509380539233140084e+00
7.606583909802435706e-01
-6.467401985997976332e+00
6.188676230441592985e+00
-1.183464077990146635e+00
-1.012373700599522142e+00
-7.552529509147891673e+00
1.325874459939615280e+00
-3.212909156690062051e+00
3.869093162745457892e+00
-2.041187547310876038e+00
1.638638062275422413e+00
-3.561822015041916867e+00
-1.748763920049075660e+00
4.726282806324208607e+00
-2.990446778380144721e+00
2.267357491619881316e-01
-9.710614980904175297e-02
5.439028583474934564e+00
-2.652922948700179084e+00
-3.869798713678109792e-01
3.840239700451207883e-01
4.151049792083778556e+00
-2.630417219061031986e+00
6.158554137248084537e+00
-1.710086295050980532e+00
1.756818125740685410e+00
2.719671350926775588e-01
4.819258742976198384e+00
-1.959062548687311889e+00
7.337656283210685970e+00
-1.075731980284634126e+00
4.720687628698748028e+00
3.337480359168321087e+00
3.526653063669784038e-01
9.130647207236939344e-01
2.582347593520745832e+00
2.713130057752360713e+00
5.337252294127235785e+00
6.429470481234319523e-01
4.358580756554783164e+00
4.762833906611585455e+00
2.365312198289343470e+00
1.577496741229878374e+00
5.379746328741743078e+00
3.963008056527258738e+00
2.109368970492423223e+00
4.082400867468395589e+00
2.892572489937496272e+00
5.601412037259176913e+00
2.279396590195322148e+00
7.351742379380356240e+00
5.922413663827400532e-01
5.299239568898062913e+00
6.294006821211587166e+00
4.208369510033793226e+00
4.383150000012460801e+00
5.611940283043418631e+00
1.938623209192224195e+00
4.825745305758083248e+00
4.706637759796296727e+00
7.500468103972536937e+00
3.458461261202633530e+00
3.178651797379135058e+00
6.016548867282719648e+00
8.371450913904405766e+00
2.305182461049385623e+00
6.012255566727807476e+00
6.254029037279899228e+00
5.745242244460178505e+00
3.273462973194523951e+00
8.764364605459245894e+00
2.562359944748831886e+00
6.932954862946933972e+00
6.616576488910011378e+00
7.795591846459096530e+00
2.753261321639612014e+00
1.077402483842434400e+01
2.232355938166771914e+00
5.968170064952582621e+00
6.483902613836260542e+00
7.658896256011957782e+00
3.511182978147638689e+00
7.658931645075377048e+00
4.611737785348360319e+00
8.532973526905916373e+00
5.704504429758670447e+00
5.436281652071876636e+00
8.173549588618719497e+00
4.416657054045842301e+00
7.344311662831303877e+00
7.689424456360644200e+00
3.839561341330978372e+00
1.109177439128941245e+01
4.945284949202255476e+00
-4.655820374827162045e-01
1.419372762628711371e+01
6.037254186387336574e+00
4.407444552712064478e+00
7.947797471526493851e+00
2.774387091982370990e+00
8.029692859963322604e+00
6.190846119364513456e+00
7.485481791450258271e+00
9.433192817901844052e+00
4.619303382625354892e+00
7.915403870824190946e+00
6.321694025623626700e+00
2.259900529443380268e+00
1.097852101527396762e+01
5.470357809449378550e+00
2.735671205533234840e+00
9.464311835629706238e+00
9.383636487493498990e+00
3.799415139608957936e+00
1.153902710888528560e+01
4.937423708840702474e-01
6.515134841929672405e+00
6.195190625887276425e+00
1.017646907862254757e+01
8.594919256253652051e+00
5.102085037409867851e+00
2.840905725694785389e+00
5.222801189791880461e+00
8.010261521174461663e+00
4.601280646829259524e+00
3.843861225060248632e+00
9.800428322907452028e+00
7.890636539929221094e+00
4.397309190339449891e+00
7.499728836144159416e+00
-3.804756315488178053e-01
8.921952532358153221e+00
5.599512618867945157e+00
6.978805202232574167e+00
3.072700779070189903e+00
4.943667259103616374e+00
8.894258447640385867e+00
4.324616941468491405e+00
6.731097420053840708e+00
4.322900486899158068e+00
6.750058554027290825e+00
3.248522521476161273e+00
7.716741303074374336e+00
6.609762636888040888e+00
2.149767595492074079e+00
2.361665490714176308e+00
6.714271001063018218e+00
7.533923686066322567e+00
1.740961223425417703e+00
4.098906377083869401e+00
6.196855457810674039e+00
2.486590628234052414e+00
5.679971008262271859e+00
3.531506605443266444e+00
7.176176693002875417e+00
1.590123814560252979e+00
6.024667010235284614e+00
-2.187581242359333267e+00
1.055789781574683772e+01
2.177237180829537433e+00
2.411367355639211230e+00
3.558833544684794514e+00
4.780290335518332157e+00
3.996354550944479556e+00
2.476056230618333132e+00
4.437307417860276715e+00
1.220146722316739263e+00
2.898941032348692382e+00
1.508119810981326525e+00
2.808160780677675383e+00
8.410075033047100135e+00
-1.724058464604586227e+00
3.813431403444820234e+00
3.390304531185213577e+00
-6.054948857393751549e-01
5.132594256701114688e+00
-5.708577924642082024e-01
3.187110756743157136e+00
2.332878957494091132e+00
1.894369127558138466e+00
3.509816187983460622e+00
-2.194620453399203086e-01
1.169701746261897490e-01
4.166158230974176924e+00
1.034234838878509866e+00
-1.398837378940440690e-01
2.780859410616402627e+00
2.489607522335261169e+00
-4.026719864332966026e+00
-1.643163411400854201e-01
6.386576217876786643e+00
-1.912434085906387082e-01
-1.094013069302413044e-02
7.711183749897441153e-01
1.326598593376417057e+00
-2.392045795314013290e+00
7.321194763236691383e-01
3.517360171095627486e+00
-2.921889801936258024e+00
5.793728061644104699e+00
-2.514644818527449921e+00
-1.588282267298757766e+00
-1.974536805741907708e+00
1.902085598862293114e+00
-4.429545512907211879e+00
5.199272812342159433e-01
2.249131422403300995e-01
-2.868175984106053455e+00
3.494642896362655016e+00
-6.287245251626183418e-01
-3.235014681108901335e+00
-1.730380058562808188e+00
-1.944419145004602889e+00
-1.881604559548721411e+00
-7.276526510569009121e-01
-4.686460871565850006e+00
4.601671856506504454e+00
-3.388547439572381137e+00
-1.057766176101040401e-01
-6.352762206598295158e+00
-4.094203716292783568e+00
-6.180685293957535187e-01
2.739520363836287054e+00
-6.198275856086806535e+00
-5.378184135964208856e+00
2.034297502928429369e-01
-2.475983027576410755e+00
9.520085491072922679e-01
-1.493911103854176137e+00
-5.541328301438991133e+00
-3.577104279287546262e+00
-2.975537897892857053e+00
-1.952151232195044939e+00
-7.050712218531646869e+00
-3.820433387730675090e-01
-1.454519867069271388e+00
-6.362980526465820574e+00
-7.411775109910314630e-01
-1.015874242385157444e-01
-3.108147457613978482e+00
-5.353253294099685533e+00
-1.275408736672854815e+00
-3.266364875635197507e+00
-3.012901763935285970e+00
-3.182953285903688645e+00
-5.832766077973667862e+00
-5.305809144161071522e+00
-3.463075821317839420e+00
-3.730849590754307776e+00
-2.825026816166901433e+00
-4.373523536269830814e+00
-5.601265103812657742e+00
-4.082843173642505263e-01
-2.501464907262542336e+00
-7.817161924839169274e+00
-8.830695742237320900e+00
-3.897049604829537106e+00
-3.013359729536823295e+00
-3.181204026556982090e+00
-8.941352433527269383e+00
-3.471160029339451114e+00
-3.046616677184438071e+00
-4.503674406270182118e+00
-1.030820553216016933e+01
-4.248683582162474437e+00
-4.494604327807562250e+00
-7.755048076574215798e+00
-1.532059217122559769e+00
-8.840789175568017910e+00
-4.728665242780171418e+00
-7.498836679650650261e+00
-5.104237650508252955e+00
-6.721768988448650894e+00
-5.810078434740587383e+00
-7.608869970891588785e+00
-6.485504570788156009e+00
-3.073481461264615966e+00
-8.271951372681328962e+00
-4.278564389212828445e+00
-1.086663091706757633e+01
-2.328224697679940114e+00
-9.565111011229687321e+00
-5.198137187429934691e+00
-1.340466267663307676e+00
-9.665681776783017654e+00
-7.258400259581177849e+00
-7.211808324045192009e+00
-5.950514015678871615e+00
-8.296573924506038367e+00
-4.967073383175366175e+00
-4.900001937501186511e+00
-9.792444846077788867e+00
-3.374076120939537127e+00
-1.182525836806783914e+01
-6.030944837616987186e+00
-3.967404668795881939e+00
-6.549634399937549034e+00
-5.138376224286864691e+00
-1.076619424389680724e+01
-5.623242939478196867e+00
-5.623242939478186209e+00
