4.900972127215765667e-03
4.868075505928833036e-03
4.809745570380967103e-03
4.715491197250551436e-03
4.610595367387384722e-03
4.469590375397428268e-03
4.292307790969997379e-03
4.087188813573275868e-03
3.859481392264640584e-03
3.602454179875839643e-03
3.305686172629421996e-03
2.983817921066412530e-03
2.635974690367596986e-03
2.243878271271336922e-03
1.815109196822977050e-03
1.347892101257160699e-03
8.405338251844059107e-04
2.973069497665388559e-04
-2.871772646428675212e-04
-9.049324045885666443e-04
-1.558495389426086449e-03
-2.267595363202816201e-03
-3.010391926980209888e-03
-3.799831607494043393e-03
-4.640868921956173981e-03
-5.513649290292231900e-03
-6.437171877790007560e-03
-7.413245701096703860e-03
-8.429575399942780198e-03
-9.509434453205390519e-03
-1.063140561910232845e-02
-1.180444023469935828e-02
-1.303972677512952975e-02
-1.432922771895157529e-02
-1.567414662747945719e-02
-1.707424876530179783e-02
-1.854230997269283934e-02
-2.007657804650096398e-02
-2.166447465635893896e-02
-2.332614962624511568e-02
-2.504858756563521638e-02
-2.684309242179098304e-02
-2.870667466033268236e-02
-3.064806652744232751e-02
-3.264822048500143348e-02
-3.472621704129163350e-02
-3.689684765779199099e-02
-3.912476039287647589e-02
-4.144255826995616593e-02
-4.382194578167886156e-02
-4.627334886047346219e-02
-4.882184273958505016e-02
-5.144337073391812981e-02
-5.415575529017535583e-02
-5.695493939388833471e-02
-5.984734478175438022e-02
-6.282295944990394509e-02
-6.588307615055979949e-02
-6.903255151903699149e-02
-7.225898947955429474e-02
-7.557753478296490302e-02
-7.898266295605037290e-02
-8.247306644150008414e-02
-8.607055289610376914e-02
-8.974705115279539569e-02
-9.351302675162036226e-02
-9.736636435119408461e-02
-1.013147027977390618e-01
-1.053509616910277280e-01
-1.094799929712347158e-01
-1.137074643070519475e-01
-1.180222895779072384e-01
-1.224229301399536590e-01
-1.269173540987259818e-01
-1.315050935928533116e-01
-1.361689645003410221e-01
-1.409201487873120440e-01
-1.457616301187957264e-01
-1.506855307298527458e-01
-1.556801638103688656e-01
-1.607807842661090336e-01
-1.659579060265031214e-01
-1.712407845852763622e-01
-1.766002806213151921e-01
-1.820308495789532410e-01
-1.875591074013337467e-01
-1.931667987589293645e-01
-1.988558645160355687e-01
-2.046154400154549802e-01
-2.104521271175968933e-01
-2.163650582121623978e-01
-2.223639179222211271e-01
-2.284206234981054906e-01
-2.345695317528493917e-01
-2.407776885841493575e-01
-2.470658221232726881e-01
-2.534054440094569149e-01
-2.598282494799677989e-01
-2.663078858059632625e-01
-2.728560485725498586e-01
-2.794599938214226698e-01
-2.861361978243803228e-01
-2.928664052704041953e-01
-2.996477694857800356e-01
-3.064961890118751420e-01
-3.133935433932062975e-01
-3.203363305573608821e-01
-3.273347203718910969e-01
-3.343870810224311985e-01
-3.414715989081129610e-01
-3.486182313588989667e-01
-3.558087603070119176e-01
-3.630351157315963584e-01
-3.702876819974388334e-01
-3.775712547926354246e-01
-3.848915941112132644e-01
-3.922383413440705402e-01
-3.996113332550671471e-01
-4.070117425844158032e-01
-4.144301940515912053e-01
-4.218722404755571032e-01
-4.293368316898520942e-01
-4.368345300427573519e-01
-4.443353884206299731e-01
-4.518546241414841402e-01
-4.593819635137106894e-01
-4.669109669963217857e-01
-4.744521928698621771e-01
-4.819775178278660199e-01
-4.895115762537480264e-01
-4.970426092046339450e-01
-5.045655769867749552e-01
-5.120896496514502072e-01
-5.195920338826301998e-01
-5.270875572504246653e-01
-5.345578069667521470e-01
-5.420179015030331948e-01
-5.494541080839414615e-01
-5.568568844004938567e-01
-5.642409189528574398e-01
-5.715954379084245973e-01
-5.789116987673381676e-01
-5.861896724104285195e-01
-5.934213625816957549e-01
-6.006118196864340675e-01
-6.077667791384215867e-01
-6.148574190431267406e-01
-6.219050903562436394e-01
-6.288956253443857003e-01
-6.358089522444699826e-01
-6.426807187236489582e-01
-6.494906423607305079e-01
-6.562201395188832498e-01
-6.628961474209339455e-01
-6.694886727658593273e-01
-6.760135413814292171e-01
-6.824620986670001388e-01
-6.888177019273790114e-01
-6.950870763121139717e-01
-7.012707530964370495e-01
-7.073633603022122518e-01
-7.133704854018277919e-01
-7.192782164832887126e-01
-7.250961976533125686e-01
-7.308031096514324698e-01
-7.364218062369233264e-01
-7.419193412362191653e-01
-7.473068289122140051e-01
-7.525726491099798965e-01
-7.577457663960514012e-01
-7.627964292199584939e-01
-7.677100045661846561e-01
-7.724973981615568253e-01
-7.771663649746322067e-01
-7.816850825394395796e-01
-7.860793362595934752e-01
-7.903291472637390402e-01
-7.944510761962555456e-01
-7.984434036656578026e-01
-8.022731547581029021e-01
-8.059641672164531423e-01
-8.095004158062755195e-01
-8.128878536244990016e-01
-8.161029143868920865e-01
-8.191660597090201223e-01
-8.220689096762376913e-01
-8.248041988648878720e-01
-8.273817981363336127e-01
-8.297913994769673396e-01
-8.320342743872356506e-01
-8.341108314709410054e-01
-8.359950384366880982e-01
-8.377094124354395044e-01
-8.392560784480819214e-01
-8.406088970368637003e-01
-8.417837668809499130e-01
-8.427713929635358703e-01
-8.435774375805414893e-01
-8.441874308454674347e-01
-8.446095018092734108e-01
-8.448383719141415726e-01
-8.448845368017638968e-01
-8.447280931168256179e-01
-8.443828951643176373e-01
-8.438267670626767858e-01
-8.430842123307780156e-01
-8.421423396876953626e-01
-8.410132430585119945e-01
-8.396738318930194733e-01
-8.381265199247723841e-01
-8.363845502627823558e-01
-8.344387157942879663e-01
-8.322899906682006410e-01
-8.299352733726195197e-01
-8.273763699569662844e-01
-8.246088422540093221e-01
-8.216522968830634044e-01
-8.184842395655043124e-01
-8.151152249303940112e-01
-8.115332554906584672e-01
-8.077556441623487959e-01
-8.037523403464281735e-01
-7.995603453276601824e-01
-7.951682886715405463e-01
-7.905738548764420504e-01
-7.857757504754289135e-01
-7.807700795956884487e-01
-7.755690966122963381e-01
-7.701738758552917341e-01
-7.645614875402784172e-01
-7.587560611191884741e-01
-7.527652554265132911e-01
-7.465693193670797090e-01
-7.402010744354606819e-01
-7.336374620719997575e-01
-7.268683728316017723e-01
-7.199130573845173853e-01
-7.127750626763565966e-01
-7.054487290636662911e-01
-6.979364418522663316e-01
-6.902379146726932424e-01
-6.823706674435133790e-01
-6.743306484039183202e-01
-6.661037645004742602e-01
-6.577158712079017588e-01
-6.491539721201923241e-01
-6.404206621937447164e-01
-6.315391977290130132e-01
-6.224974415444297637e-01
-6.132859861627052434e-01
-6.039129897135689928e-01
-5.943785440446840429e-01
-5.846876023228679831e-01
-5.748682545333195781e-01
-5.648965189534154163e-01
-5.547929060311118654e-01
-5.445579119856894801e-01
-5.341808689678554378e-01
-5.236667295269888944e-01
-5.130199225117194617e-01
-5.022452315305643289e-01
-4.913585392143005048e-01
-4.803456765101384862e-01
-4.692228158052045850e-01
-4.579840867496228207e-01
-4.466339803455496860e-01
-4.351817630109857116e-01
-4.236267908800117055e-01
-4.119822910940977301e-01
-4.002330638390437789e-01
-3.883970334235247179e-01
-3.764828187074805710e-01
-3.644795188843446554e-01
-3.523986162040758097e-01
-3.402463293611874273e-01
-3.280190761059254556e-01
-3.157317128104391579e-01
-3.033888560895896536e-01
-2.909783681289033752e-01
-2.785158172405427512e-01
-2.660053350245239479e-01
-2.534377096000657303e-01
-2.408255214938801458e-01
-2.281669978399033516e-01
-2.154739863499462726e-01
-2.027521159194135003e-01
-1.900130018682481270e-01
-1.772561364552266150e-01
-1.644726678921385188e-01
-1.516677469814950441e-01
-1.388570610626530810e-01
-1.260386259239160422e-01
-1.131983521294191997e-01
-1.003486274933508837e-01
-8.751889813822288922e-02
-7.470386039983066551e-02
-6.189511806583152670e-02
-4.908016683659911089e-02
-3.627405337097761029e-02
-2.349722618421885498e-02
-1.074771402867362446e-02
1.967443356243951148e-03
1.464686369063788844e-02
2.729370775510324421e-02
3.990502212331038800e-02
5.248591002583035542e-02
6.501361512802737719e-02
7.749019276222800234e-02
8.991837805305476217e-02
1.022829417846909117e-01
1.145909113902161963e-01
1.268293272074330347e-01
1.390115364109464069e-01
1.511187844434959127e-01
1.631427242314577031e-01
1.751043817476952147e-01
1.869866770439954917e-01
1.987895264338571943e-01
2.105119626779391462e-01
2.221413196122166422e-01
2.336738108456414831e-01
2.451108992306443579e-01
2.564499007736771863e-01
2.676991734748747076e-01
2.788333912583284557e-01
2.898761076013837146e-01
3.008006745205377142e-01
3.116139598240829089e-01
3.223098677824807190e-01
3.328897832767827580e-01
3.433452806907108523e-01
3.536705419395839711e-01
3.638574108819260244e-01
3.739321902706354006e-01
3.838683564518451941e-01
3.936833235501958628e-01
4.033642867140467270e-01
4.128807799237615983e-01
4.222731812010316332e-01
4.315103076368878576e-01
4.405975128466297353e-01
4.495454235957866418e-01
4.583502781829890127e-01
4.670082763608622844e-01
4.755131687412452735e-01
4.838561453646805233e-01
4.920294682021587040e-01
5.000419574372614306e-01
5.079003762925833332e-01
5.155813741802854899e-01
5.230982216934403350e-01
5.304660139577934697e-01
5.376464571928862846e-01
5.446529707309052393e-01
5.514861244173331345e-01
5.581451281714170376e-01
5.646392465892390300e-01
5.709395029442532188e-01
5.770596559190096508e-01
5.830064272093752331e-01
5.887648733186450212e-01
5.943654874965373924e-01
5.997552781829805779e-01
6.049617007879171116e-01
6.099864924678867206e-01
6.148141513660809743e-01
6.194638102040629368e-01
6.239220518984316399e-01
6.281932059870392049e-01
6.322698808351985278e-01
6.361586645188386235e-01
6.398394500218453906e-01
6.433491166784246484e-01
6.466695546577667653e-01
6.497802711294382583e-01
6.527006692477405059e-01
6.554294752662920276e-01
6.579457298584853175e-01
6.602758124561538544e-01
6.624119756992866703e-01
6.643553494061706921e-01
6.661008941908841408e-01
6.676396368588023433e-01
6.689936342788433965e-01
6.701513886102762330e-01
6.711212591956419171e-01
6.718831998142982265e-01
6.724526591092231387e-01
6.728308928093680308e-01
6.730241781591094208e-01
6.730100484780232595e-01
6.728144140742806645e-01
6.724140951862009885e-01
6.718219494877064601e-01
6.710390174258770157e-01
6.700703321256170630e-01
6.689205834925935346e-01
6.675702950508091149e-01
6.660299509542286778e-01
6.643053769164648514e-01
6.623864456576761262e-01
6.602881100092830025e-01
6.579958984377149989e-01
6.555285564300474821e-01
6.528764052242810312e-01
6.500362949362584741e-01
6.470179782194218632e-01
6.438311943250195624e-01
6.404707923993329111e-01
6.369305731629952838e-01
6.332110693530127454e-01
6.293086264782813410e-01
6.252436153809437513e-01
6.209994362869548645e-01
6.165952871678186398e-01
6.120334817972905572e-01
6.073040766660253720e-01
6.024025923669995564e-01
5.973444921705721722e-01
5.921409303684610492e-01
5.867491249760589112e-01
5.812116930294993766e-01
5.755253782595858292e-01
5.697022251079699728e-01
5.637118431017562603e-01
5.575775639473746770e-01
5.512884045533855693e-01
5.448589331907173205e-01
5.382739113318687485e-01
5.315745275008667559e-01
5.247290783637137412e-01
5.177536049333670842e-01
5.106439951045556036e-01
5.033881894565539472e-01
4.960258152317729707e-01
4.885375593098142399e-01
4.809186934701197291e-01
4.731895780392151862e-01
4.653461104997457243e-01
4.573872441254915877e-01
4.493057554560205835e-01
4.411256080240729682e-01
4.328463529449843583e-01
4.244461812045957072e-01
4.159362403401917208e-01
4.073435302963009930e-01
3.986432674251453867e-01
3.898496074742214823e-01
3.809807945586231037e-01
3.720147656898346034e-01
3.629639496122591402e-01
3.538217739470833623e-01
3.446047290589035472e-01
3.353022114756045724e-01
3.259266768895999755e-01
3.164770962291166834e-01
3.069584335323303215e-01
2.973872526612034162e-01
2.877536667197528319e-01
2.780540216879507365e-01
2.683134770324784868e-01
2.585018425298373779e-01
2.486590088731831794e-01
2.387491940489281372e-01
2.287879693321270835e-01
2.187982420301502473e-01
2.087592573622482350e-01
1.986966302886257196e-01
1.885955930422333893e-01
1.784711091669913818e-01
1.683092904074192930e-01
1.581095650965266830e-01
1.478998859465893156e-01
1.376719394584381972e-01
1.274388064937408693e-01
1.171954506124635031e-01
1.069262969402544339e-01
9.666188319516649807e-02
8.639248571861810055e-02
7.611835754029268319e-02
6.585043258367870300e-02
5.559125818428966442e-02
4.535072329366850868e-02
3.511017760798142845e-02
2.487648459701827242e-02
1.466140945761605294e-02
4.464385891511957541e-03
-5.705708560872983781e-03
-1.584917985440639776e-02
-2.597293723413731520e-02
-3.604145306361462853e-02
-4.608891953656477081e-02
-5.609421279574360736e-02
-6.607176178645268738e-02
-7.599520041503590728e-02
-8.587478059351814907e-02
-9.569922820914811279e-02
-1.054869933988603070e-01
-1.152249659854220620e-01
-1.248839475420559508e-01
-1.345032252607195056e-01
-1.440730278973491596e-01
-1.535625156344182785e-01
-1.629878637447222389e-01
-1.723355152741507801e-01
-1.815969909453945264e-01
-1.908116573736213795e-01
-1.999410491310511240e-01
-2.090014420901662173e-01
-2.179726196525198501e-01
-2.268498126444528640e-01
-2.356376891675944774e-01
-2.443421458083657183e-01
-2.529545700655765339e-01
-2.614669250982989968e-01
-2.698881418188242565e-01
-2.782248378174853598e-01
-2.864658151971711253e-01
-2.945827960684048175e-01
-3.026059288577839790e-01
-3.105130287684297885e-01
-3.183269941788007817e-01
-3.260147092054865858e-01
-3.335968948376369925e-01
-3.410795019543836348e-01
-3.484299876936909901e-01
-3.556679196165823398e-01
-3.627952023322794650e-01
-3.697881972462757072e-01
-3.766654512396854781e-01
-3.833986952103635160e-01
-3.900179712451197211e-01
-3.965118028177492815e-01
-4.028634626766637306e-01
-4.090817958938692267e-01
-4.151725007991365346e-01
-4.211369870545197958e-01
-4.269667427387048853e-01
-4.326611975544263355e-01
-4.382028354616938071e-01
-4.436207529187427001e-01
-4.488972106654706695e-01
-4.540235304305171304e-01
-4.590200526297180672e-01
-4.638634841695737920e-01
-4.685592930329147698e-01
-4.731140217430054862e-01
-4.775291621987480251e-01
-4.817828085808764649e-01
-4.858984019211965433e-01
-4.898644447747654840e-01
-4.936811912347360831e-01
-4.973388291440846709e-01
-5.008470071577925120e-01
-5.041974939934663613e-01
-5.074050220026631308e-01
-5.104387750098889898e-01
-5.133376884129551287e-01
-5.160741303972681271e-01
-5.186556618776273497e-01
-5.210849083449223818e-01
-5.233356392958605774e-01
-5.254541872743280218e-01
-5.274095577032497095e-01
-5.292087237200832073e-01
-5.308512401143683501e-01
-5.323439058123310419e-01
-5.336835048976671381e-01
-5.348489067302159006e-01
-5.358708418321367351e-01
-5.367307596156307703e-01
-5.374387326958236510e-01
-5.379954040011598604e-01
-5.383929377548811734e-01
-5.386346062570961379e-01
-5.387282676505134038e-01
-5.386718211949453883e-01
-5.384471128775377702e-01
-5.380702455895182146e-01
-5.375387223180319030e-01
-5.368517234422580664e-01
-5.360089081380376985e-01
-5.350181150330367563e-01
-5.338561572021247592e-01
-5.325591135984097946e-01
-5.311085280887788418e-01
-5.295267331028260527e-01
-5.277872633502993516e-01
-5.259064225109945090e-01
-5.238624931069235657e-01
-5.216807760275967709e-01
-5.193619079202336231e-01
-5.168862149468377298e-01
-5.142709023779746813e-01
-5.115037147444591037e-01
-5.086012979600927908e-01
-5.055548272057168724e-01
-5.023810287697689780e-01
-4.990621162999662186e-01
-4.956160042663397824e-01
-4.920289711942997801e-01
-4.883111203596280370e-01
-4.844667873671886782e-01
-4.805064090514428177e-01
-4.763924102218001777e-01
-4.721610260685343841e-01
-4.678016662604341236e-01
-4.633224816490263409e-01
-4.587253572809211200e-01
-4.539882301431104605e-01
-4.491463037074629461e-01
-4.441938055027265242e-01
-4.391273751559320315e-01
-4.339385820717659437e-01
-4.286335634976504716e-01
-4.232231149402168602e-01
-4.177100635277472551e-01
-4.120769952962088922e-01
-4.063476971855085607e-01
-4.005278646317619873e-01
-3.945913926082095791e-01
-3.885366891418908231e-01
-3.823901138926822929e-01
-3.761560139984279072e-01
-3.698461822632977958e-01
-3.634313597989545230e-01
-3.569268876516379918e-01
-3.503496815494171468e-01
-3.436607435013314116e-01
-3.368964706846215851e-01
-3.300495494741583768e-01
-3.231262983951934120e-01
-3.161380153727180731e-01
-3.090762799346312151e-01
-3.019307472523429237e-01
-2.947222971778989398e-01
-2.874452013171715503e-01
-2.800974301459607241e-01
-2.726920041095895475e-01
-2.652164683869329687e-01
-2.576913164768322995e-01
-2.501182919020732420e-01
-2.424871283034731873e-01
-2.348058923751304705e-01
-2.270711190530050883e-01
-2.192750931367944689e-01
-2.114545284755980081e-01
-2.035783585403318496e-01
-1.956660242763653412e-01
-1.877088799879438885e-01
-1.797312624930467173e-01
-1.717186307722896876e-01
-1.636626616455968408e-01
-1.556017756957086828e-01
-1.475103551269454361e-01
-1.393855857498960404e-01
-1.312368402695129888e-01
-1.230695507820332851e-01
-1.149050137407205407e-01
-1.067216586084911156e-01
-9.851741731368743316e-02
-9.030468221000520490e-02
-8.208529522395603684e-02
-7.386790532418791022e-02
-6.565993770672014229e-02
-5.743958453671559744e-02
-4.921876714939505543e-02
-4.100820615738431929e-02
-3.279884280765788668e-02
-2.459817030948506511e-02
-1.641575031372626003e-02
-8.252327342477092098e-03
-1.027538552925222684e-04
8.025066003444682877e-03
1.613460103993226771e-02
2.420873949626973706e-02
3.226750899638899245e-02
4.029770693042586394e-02
4.829110088956176106e-02
5.626407325527685993e-02
6.419436187777094460e-02
7.208780163935432639e-02
7.993586815229240805e-02
8.773919848054861914e-02
9.550309228465980738e-02
1.032239434636032377e-01
1.108944929790427469e-01
1.185198591668666368e-01
1.260898633861045337e-01
1.335947956527885894e-01
1.410423105590152271e-01
1.484387797228809980e-01
1.557866608129963026e-01
1.630610243028991491e-01
1.702735185849633404e-01
1.774255417230304888e-01
1.844929756737177518e-01
1.914953959034625675e-01
1.984133884329605524e-01
2.052772403481598062e-01
2.120659276689924877e-01
2.187656612780798093e-01
2.254057430757357150e-01
2.319639932475901778e-01
2.384297332494660360e-01
2.448113271426118620e-01
2.511144728364840817e-01
2.573339180955837024e-01
2.634479126004733995e-01
2.694857275839114830e-01
2.754304712590556758e-01
2.812706049342156844e-01
2.870298718970613061e-01
2.926802796083319280e-01
2.982466242134017009e-01
3.037177759184769843e-01
3.090853013810525574e-01
3.143457276914262688e-01
3.194926604590661023e-01
3.245500214474053569e-01
3.294810912253416935e-01
3.343137156475862182e-01
3.390312971089145533e-01
3.436438905639567221e-01
3.481495941749503942e-01
3.525386455956491250e-01
3.568161952166217232e-01
3.609888655782505507e-01
3.650438082617089575e-01
3.689765740476682598e-01
3.728192618476052766e-01
3.765395000103936574e-01
3.801223912130505256e-01
3.836039108254554186e-01
3.869600687387730886e-01
3.902046672621731216e-01
3.933165756114381795e-01
3.962994963880087096e-01
3.991677427228076946e-01
4.019224220888472643e-01
4.045567457825490210e-01
4.070688520287731871e-01
4.094605428754782839e-01
4.117320902540765881e-01
4.138859304129269834e-01
4.158911427218000001e-01
4.177838253120252920e-01
4.195661860817805344e-01
4.211996028194827102e-01
4.227078234001671597e-01
4.240837735086491755e-01
4.253463956249539102e-01
4.264855647830246843e-01
4.275047274907952666e-01
4.284012624704273686e-01
4.291653778404004860e-01
4.298024125770372184e-01
4.303169549989266929e-01
4.306897823024875560e-01
4.309440320511096489e-01
4.310833566547277451e-01
4.310984855028926477e-01
4.309801979763062119e-01
4.307448681917421252e-01
4.303901403647413804e-01
4.299047466844008181e-01
4.293007904145343390e-01
4.285665872890859207e-01
4.277267253935487235e-01
4.267601682902246174e-01
4.256714884166463708e-01
4.244610935499856796e-01
4.231430066998179695e-01
4.217089181886671256e-01
4.201482444701150065e-01
4.184670859555170708e-01
4.166701951289253913e-01
4.147566478622730646e-01
4.127330096733813902e-01
4.105921007319783822e-01
4.083301066414889990e-01
4.059721503164895329e-01
4.035155487713146250e-01
4.009369873641353554e-01
3.982291457806486634e-01
3.954296414866993459e-01
3.925289685134240036e-01
3.895125202262726960e-01
3.863797189572704127e-01
3.831564389788567060e-01
3.798305332787074717e-01
3.763964025299154081e-01
3.728793238633129059e-01
3.692587542307433357e-01
3.655252665299260628e-01
3.616996609809312591e-01
3.577810291258639031e-01
3.537745156119491141e-01
3.496674562511624673e-01
3.454845580048052089e-01
3.411972467853098268e-01
3.368249311662066536e-01
3.323584027635918536e-01
3.278216971607456620e-01
3.231958673989366870e-01
3.184889396027110187e-01
3.137003821698312600e-01
3.088235326917885271e-01
3.038713328226061439e-01
2.988479489626579833e-01
2.937606222117174481e-01
2.886108367175804768e-01
2.833692552729507597e-01
2.780674241795698109e-01
2.727026183203920540e-01
2.672605121776290837e-01
2.617526646787703970e-01
2.561860826618675424e-01
2.505765186157912217e-01
2.449095331913670182e-01
2.391612172192781050e-01
2.333764727272458206e-01
2.275220624795186997e-01
2.216196491716776740e-01
2.156804552361315241e-01
2.096816549378539007e-01
2.036470362516948074e-01
1.975498206074392249e-01
1.914255174547060678e-01
1.852631583707209373e-01
1.790589304274418092e-01
1.728146201105032198e-01
1.665405023473060242e-01
1.602271743307900898e-01
1.538817472280574195e-01
1.475085846272843892e-01
1.411208893437957967e-01
1.346927071269839737e-01
1.282533008231083183e-01
1.217782244062647484e-01
1.152848276323535509e-01
1.087762624893038599e-01
1.022544432986945417e-01
9.571398892579692508e-02
8.915953440021191778e-02
8.260581364192789988e-02
7.604501774296981709e-02
6.946554709193937527e-02
6.290383277622482727e-02
5.632827219364688193e-02
4.975471458131451585e-02
4.317206199061476846e-02
3.659252869614722237e-02
3.003010025630016566e-02
2.347209373421231537e-02
1.693199451295009789e-02
1.039496310188898001e-02
3.876667491358707501e-03
-2.645753843608821508e-03
-9.132221113102013260e-03
-1.560250607111480017e-02
-2.206405997983876266e-02
-2.849388545738002626e-02
-3.491773520674631981e-02
-4.129861266938826547e-02
-4.764598573671751519e-02
-5.397677490294139346e-02
-6.027600618331368371e-02
-6.654246513595227230e-02
-7.278260470657903214e-02
-7.898484329927688008e-02
-8.514858580422633716e-02
-9.128000487649293171e-02
-9.735606449193859313e-02
-1.033946229722340765e-01
-1.093946801284559345e-01
-1.153249316104365124e-01
-1.212121165130030792e-01
-1.270527990858664191e-01
-1.328506446830976795e-01
-1.385997230159009275e-01
-1.442929301105127793e-01
-1.499378404296098921e-01
-1.555163500240048235e-01
-1.610539209158023677e-01
-1.665280959591991239e-01
-1.719309966629382902e-01
-1.772666798848740455e-01
-1.825477190026312813e-01
-1.877619361152669530e-01
-1.929101878500487366e-01
-1.979869455714969029e-01
-2.029936715684066972e-01
-2.079332542382400228e-01
-2.127955898928975964e-01
-2.176006451297997357e-01
-2.223307350536660454e-01
-2.269744588631467108e-01
-2.315425997830586058e-01
-2.360334121637318594e-01
-2.404427328446158973e-01
-2.447889386131189005e-01
-2.490447577961325820e-01
-2.532222768424782777e-01
-2.573237301434470048e-01
-2.613367568208293523e-01
-2.652487495388091143e-01
-2.690895383562631471e-01
-2.728374776217887820e-01
-2.764946687183072460e-01
-2.800719848581629812e-01
-2.835491083634343878e-01
-2.869263922154839386e-01
-2.902245105575345097e-01
-2.934403476855904636e-01
-2.965458123408172830e-01
-2.995626708492184487e-01
-3.024982248009781549e-01
-3.053429805857105772e-01
-3.080735099311632808e-01
-3.107227142831972544e-01
-3.132882711947911347e-01
-3.157362695197579172e-01
-3.180867206211820397e-01
-3.203421220496760480e-01
-3.225098494288013429e-01
-3.245703799840465309e-01
-3.265454271548115517e-01
-3.284173099710347987e-01
-3.301948960429777480e-01
-3.318706338953809065e-01
-3.334444931691935565e-01
-3.349214058976451303e-01
-3.362954711459517076e-01
-3.375714278473085361e-01
-3.387388375450591793e-01
-3.398021790160493105e-01
-3.407701186278809802e-01
-3.416505901421601488e-01
-3.424223500334426240e-01
-3.430863809916555041e-01
-3.436582525755610962e-01
-3.441363239338231517e-01
-3.445061186573291634e-01
-3.447640501803681534e-01
-3.449263230638086597e-01
-3.449958241100709588e-01
-3.449744237173650863e-01
-3.448500047520295930e-01
-3.446374856952862387e-01
-3.443050055356307593e-01
-3.438805997038466011e-01
-3.433761682537158078e-01
-3.427548720686993122e-01
-3.420331151004754044e-01
-3.412173744222277150e-01
-3.403084789647195518e-01
-3.393051753119546432e-01
-3.382120010619790174e-01
-3.370149209235230869e-01
-3.357305487587334825e-01
-3.343472039342715307e-01
-3.328754026254159837e-01
-3.313060767785142580e-01
-3.296460999159061545e-01
-3.278877317139078928e-01
-3.260472390215464755e-01
-3.241165095594213952e-01
-3.220968399544658078e-01
-3.199822790630839076e-01
-3.177858290948839537e-01
-3.155040806061073511e-01
-3.131367676476808359e-01
-3.106882214106515550e-01
-3.081689836817622097e-01
-3.055413223710148340e-01
-3.028617744690272895e-01
-3.000887831307789133e-01
-2.972327479066577682e-01
-2.942896601519704447e-01
-2.912734854782353389e-01
-2.881801719676615470e-01
-2.850212194510471364e-01
-2.817824998456368579e-01
-2.784744280512074233e-01
-2.750943957581609700e-01
-2.716421930706311438e-01
-2.681258474804196767e-01
-2.645204861461969981e-01
-2.608630747826737872e-01
-2.571497505569576569e-01
-2.533609422787431176e-01
-2.495097827749671593e-01
-2.455961914142471281e-01
-2.416185847496307437e-01
-2.375770697687241417e-01
-2.334847546768603344e-01
-2.293215401891385841e-01
-2.251008048850716148e-01
-2.208336795259630281e-01
-2.165114762485279842e-01
-2.121304031167142723e-01
-2.077047913814650260e-01
-2.032264244104265705e-01
-1.987235072071840691e-01
-1.941595865780006702e-01
-1.895593002553811468e-01
-1.849020359020460968e-01
-1.802112099907195175e-01
-1.754773363500216066e-01
-1.706941295250104795e-01
-1.658765414362057544e-01
-1.610261998498349612e-01
-1.561364883834149841e-01
-1.512258604995319333e-01
-1.462730220714878460e-01
-1.412917094886620983e-01
-1.362874593830105119e-01
-1.312485775217835104e-01
-1.261934067237526769e-01
-1.211158151343225409e-01
-1.160007217158633003e-01
-1.108824665041262397e-01
-1.057290518326831213e-01
-1.005619434001959467e-01
-9.537976159129563092e-02
-9.018123219314158612e-02
-8.497124776491660203e-02
-7.975290217011161975e-02
-7.451164926084548334e-02
-6.926415501367408356e-02
-6.400824417112921383e-02
-5.874771820140282236e-02
-5.346705430863128022e-02
-4.821337376483111198e-02
-4.293468878902541308e-02
-3.766093918937114121e-02
-3.239798194560113143e-02
-2.714067714827541472e-02
-2.187950728829943237e-02
-1.663614984802025409e-02
-1.139689452312542955e-02
-6.161221876134489323e-03
-9.535286725955932977e-04
4.257832282816636019e-03
9.463899959156352876e-03
1.464846038972708250e-02
1.980133357586120330e-02
2.493774357577964798e-02
3.007070921207264866e-02
3.516820659239330849e-02
4.024719601422895032e-02
4.529423537050356052e-02
5.033093718549155188e-02
5.533413962529525748e-02
6.030856914120982792e-02
6.525734914078010207e-02
7.017318043102770131e-02
7.507233649162324551e-02
7.991619352402497267e-02
8.473989401299174273e-02
8.952697182581170754e-02
9.428375355078488784e-02
9.898691939628272152e-02
1.036511418819696245e-01
1.082763966729439337e-01
1.128686442795896888e-01
1.174029749521204868e-01
1.219007437933076199e-01
1.263456214715107939e-01
1.307489301700432982e-01
1.351107008335994120e-01
1.394129148856945166e-01
1.436650307316848785e-01
1.478697508492425317e-01
1.520053363996104467e-01
1.561069827071233651e-01
1.601447413536030984e-01
1.641244259884046819e-01
1.680508099571318137e-01
1.719407331516737969e-01
1.757467380849623284e-01
1.794925297413601517e-01
1.831842808614435603e-01
1.868073280747291065e-01
1.903738412216872122e-01
1.938789170761493763e-01
1.973159780872362767e-01
2.006974581112662970e-01
2.040132715802165098e-01
2.072660311813881440e-01
2.104466466239812983e-01
2.135618841105271504e-01
2.165863839270330826e-01
2.195462235640489868e-01
2.224406918342520800e-01
2.252613122211230001e-01
2.280112609348215746e-01
2.306895076255841004e-01
2.333053242543942363e-01
2.358369565526774181e-01
2.382926003675321924e-01
2.406832634420671690e-01
2.429817182082939786e-01
2.452202541042978190e-01
2.473825574706073338e-01
2.494830377818654799e-01
2.514898012939436045e-01
2.534316565403659238e-01
2.552894912396216909e-01
2.570705077051643750e-01
2.587671988863345374e-01
2.603957496293096696e-01
2.619375012680526527e-01
2.634001761793660079e-01
2.647913459123387714e-01
2.660818318063080667e-01
2.673114192060519478e-01
2.684637233580177695e-01
2.695426327978185377e-01
2.705368460495019001e-01
2.714402116151256594e-01
2.722642759782783473e-01
2.730112997897352622e-01
2.736947491739496474e-01
2.742845207204671065e-01
2.747903122809569609e-01
2.752169748747262390e-01
2.755553589041686013e-01
2.758142470281430003e-01
2.759923227315722039e-01
2.760999773164320437e-01
2.761301652962696584e-01
2.760657335798583634e-01
2.759401500871777602e-01
2.757207303426005840e-01
2.754290912310569661e-01
2.750620490878256663e-01
2.746082859079654881e-01
2.740748201043924359e-01
2.734678856688053661e-01
2.727793840478019982e-01
2.720220544504676763e-01
2.711819244268173223e-01
2.702741263198789601e-01
2.692834554597616226e-01
2.682186231796141462e-01
2.670787178405404361e-01
2.658746722108192295e-01
2.645855469939724647e-01
2.632262298149716240e-01
2.617973457362998135e-01
2.602946303921954696e-01
2.587124064938660095e-01
2.570751759509666279e-01
2.553703396804664627e-01
2.535923848489518573e-01
2.517408853051787410e-01
2.498159695815447556e-01
2.478326312843765478e-01
2.457888518555126633e-01
2.436587035927499645e-01
2.414805099917754216e-01
2.392344365400751460e-01
2.369237294988607023e-01
2.345548574479279780e-01
2.321255776773128998e-01
2.296244574211335765e-01
2.270690591419516347e-01
2.244424218090961543e-01
2.217631982693917814e-01
2.190382551004170786e-01
2.162471101105103433e-01
2.133938187599764558e-01
2.104877085397853509e-01
2.075405020563879932e-01
2.045386679248944461e-01
2.014783320642332121e-01
1.983798147202713857e-01
1.952200480778808755e-01
1.920248668737981612e-01
1.887715814304526118e-01
1.854700640017310775e-01
1.821241433330971216e-01
1.787263769023053617e-01
1.752885646989849888e-01
1.718143714553424795e-01
1.683077641170607763e-01
1.647433073233846024e-01
1.611402141391407861e-01
1.574994942378359353e-01
1.538338195285046395e-01
1.501380574739473173e-01
1.464072008511068668e-01
1.426309221027332874e-01
1.388333855831253849e-01
1.349870493598923360e-01
1.311202602820132623e-01
1.272286905713596872e-01
1.233086940085791200e-01
1.193655765163332133e-01
1.153875271231396965e-01
1.113890000454113294e-01
1.073743252366374523e-01
1.033253696597663529e-01
9.927068971665331532e-02
9.520054764684823811e-02
9.111415556506281821e-02
8.698561351129455166e-02
8.286757177539033625e-02
7.872428597767024139e-02
7.455924711209253875e-02
7.040685419385371568e-02
6.623530950722765487e-02
6.204630076062263994e-02
5.784866529968431953e-02
5.363896301178943532e-02
4.943891727814325038e-02
4.524368948783950850e-02
4.103189796091587932e-02
3.680800989935251177e-02
3.260435266333452931e-02
2.839734495305156967e-02
2.418503831465900270e-02
1.998473279291144294e-02
1.578213739279149888e-02
1.158965234946763602e-02
7.395243364153989210e-03
3.222553723496889531e-03
-9.530365068452922861e-04
-5.105481410300790994e-03
-9.257912166802632556e-03
-1.339304383547455096e-02
-1.751663299309293848e-02
-2.163824326729906281e-02
-2.573787749121335053e-02
-2.982562824181564029e-02
-3.388831343388445938e-02
-3.792481286366451709e-02
-4.193964667160288151e-02
-4.593962381810701850e-02
-4.990454594745870331e-02
-5.384535984694333727e-02
-5.776724685691801003e-02
-6.167036064708752291e-02
-6.555160337502084766e-02
-6.939667240157099126e-02
-7.321670742783729924e-02
-7.701197021119812747e-02
-8.075543475995575204e-02
-8.448062528810303118e-02
-8.817308256769239294e-02
-9.184408531647607343e-02
-9.546306878364158033e-02
-9.906112352171263236e-02
-1.026005294168661763e-01
-1.061081698665871376e-01
-1.095726766269280866e-01
-1.129956870457134721e-01
-1.163864367186415172e-01
-1.197442885860043604e-01
-1.230475348387103374e-01
-1.263114109334770307e-01
-1.295358066164161159e-01
-1.326998686149672979e-01
-1.358360666299204267e-01
-1.389227600191860756e-01
-1.419532405457645530e-01
-1.449476365257429678e-01
-1.478819637486767924e-01
-1.507644647484195632e-01
-1.536002538502807546e-01
-1.563885990330110554e-01
-1.591260240202263809e-01
-1.618039294555553009e-01
-1.644236395097977699e-01
-1.670087536286596896e-01
-1.695340014937810891e-01
-1.719962758274596604e-01
-1.744089024887109374e-01
-1.767546869401178666e-01
-1.790377850699912954e-01
-1.812888020871852579e-01
-1.834793260270491666e-01
-1.856088889895395055e-01
-1.876751963025688752e-01
-1.896833317479090231e-01
-1.916362331755303294e-01
-1.935183415084962555e-01
-1.953439500476356894e-01
-1.971132296931645267e-01
-1.988282707811618588e-01
-2.004813504761654153e-01
-2.020683450997179109e-01
-2.035992271603885295e-01
-2.050658668993461942e-01
-2.064750010464435348e-01
-2.078012836417809095e-01
-2.090703355935507324e-01
-2.102733627961185792e-01
-2.114114469291510368e-01
-2.124878213118990833e-01
-2.135154014301615943e-01
-2.144744206166059874e-01
-2.153650077318665645e-01
-2.161856845036934649e-01
-2.169532095323320753e-01
-2.176483811436192017e-01
-2.182928986660509219e-01
-2.188693680120689655e-01
-2.193725862029744789e-01
-2.198072925734984584e-01
-2.201808059674035811e-01
-2.204899290697740488e-01
-2.207451586379635400e-01
-2.209342434821552903e-01
-2.210562044248917946e-01
-2.211119049217539212e-01
-2.210960961629923893e-01
-2.210154490905703872e-01
-2.208856109651043120e-01
-2.206918057863736793e-01
-2.204317300232291332e-01
-2.201182313113022870e-01
-2.197271554918414360e-01
-2.192835003995835530e-01
-2.187679010757213605e-01
-2.182006840001808889e-01
-2.175704221009248651e-01
-2.168737966630163994e-01
-2.161200452132191197e-01
-2.152973296858398389e-01
-2.144235796200232302e-01
-2.134858123946240249e-01
-2.124982100084527592e-01
-2.114509358013809959e-01
-2.103316494511853763e-01
-2.091664321799549808e-01
-2.079383057806493129e-01
-2.066418985016416909e-01
-2.053144361058072409e-01
-2.039224350827644749e-01
-2.024709273666276677e-01
-2.009674670973398414e-01
-1.993943654793984832e-01
-1.977821354615752758e-01
-1.961196651818999659e-01
-1.944012890892235501e-01
-1.926264141103521399e-01
-1.908042404943754433e-01
-1.889312362451091021e-01
-1.869927799467258622e-01
-1.850173383388251935e-01
-1.829923352294436367e-01
-1.809408901790430790e-01
-1.788237425543339476e-01
-1.766734197798005279e-01
-1.744598072570835157e-01
-1.722219228994602003e-01
-1.699110734218739205e-01
-1.675735633543884717e-01
-1.651850439471605481e-01
-1.627716591664239709e-01
-1.602987175167762124e-01
-1.577930468497540095e-01
-1.552575008772396903e-01
-1.526739452593109947e-01
-1.500670239772783909e-01
-1.474045845162251511e-01
-1.447154353979165642e-01
-1.419869453113866697e-01
-1.392270497677579599e-01
-1.364215488677353594e-01
-1.335783029432132674e-01
-1.307137246601002001e-01
-1.278202238980217509e-01
-1.248985522826222966e-01
-1.219553897540593540e-01
-1.189869305565841723e-01
-1.159822745355292145e-01
-1.129538269957969521e-01
-1.099052712134195864e-01
-1.068151609213062042e-01
-1.037302026855224241e-01
-1.005923265354398827e-01
-9.744772584046296204e-02
-9.428795216184807093e-02
-9.110005989259108150e-02
-8.788459347260083043e-02
-8.466209038173698465e-02
-8.142084825178902419e-02
-7.815886773667467258e-02
-7.489354269832998456e-02
-7.160148451127512637e-02
-6.830139463627245278e-02
-6.498575696259020762e-02
-6.165332079752328109e-02
-5.832751362976704157e-02
-5.498619970988399136e-02
-5.163397998069726297e-02
-4.828454385494519024e-02
-4.491915450633880702e-02
-4.156177269761512222e-02
-3.818967390323389777e-02
-3.481071436784694689e-02
-3.143690997143709642e-02
-2.805352583018397641e-02
-2.468912669122743861e-02
-2.132445329263811529e-02
-1.795540848943665002e-02
-1.459163636803045665e-02
-1.122431015367825712e-02
-7.860652809342142874e-03
-4.498502568036889804e-03
-1.146444811713227601e-03
2.190844458064308657e-03
5.516760373296888953e-03
8.839779465459069591e-03
1.215492511199598238e-02
1.545904151859952766e-02
1.874760319757238017e-02
2.201543969468802361e-02
2.528094045875886597e-02
2.852354091563958499e-02
3.175809177999964344e-02
3.495831310470583903e-02
3.813753944758852682e-02
4.130627989797654165e-02
4.445546061924336712e-02
4.757501966528349113e-02
5.069725314972572949e-02
5.378556003215446968e-02
5.685649237519944943e-02
5.989778946350137606e-02
6.291571222977029865e-02
6.591024990988343657e-02
6.887895434096295844e-02
7.182491743417408758e-02
7.473813053247448102e-02
7.762809799024647517e-02
8.048775956307234469e-02
8.332851392722978590e-02
8.612309448587436578e-02
8.890085561125933566e-02
9.163315819882356106e-02
9.434313310826392129e-02
9.700452658406380491e-02
9.963815074436846442e-02
1.022478550855380336e-01
1.048055499357871401e-01
1.073404555679449701e-01
1.098238209370126922e-01
1.122666720924989370e-01
1.146876337994145179e-01
1.170526672850698696e-01
1.193698709996610235e-01
1.216616967755397294e-01
1.239109493764829345e-01
1.261162475668497207e-01
1.282802167366489665e-01
1.304229060967286025e-01
1.324970293304762736e-01
1.345427557052134848e-01
1.365429896755555872e-01
1.384925294692503361e-01
1.403946137111284354e-01
1.422508716937955775e-01
1.440766096970617638e-01
1.458713672083750135e-01
1.475989522714603042e-01
1.492886741349168656e-01
1.509375320363658401e-01
1.525225127256105984e-01
1.540644530097219911e-01
1.555502227889910827e-01
1.569994724989429435e-01
1.583924390529105608e-01
1.597383077677621555e-01
1.610402516673792306e-01
1.622801193676678688e-01
1.634767943466074180e-01
1.646193858375047669e-01
1.657249995155644917e-01
1.667679402350357165e-01
1.677656208673600768e-01
1.687109369065833697e-01
1.696153677888790900e-01
1.704529067082029559e-01
1.712528836161885948e-01
1.719889909552100860e-01
1.726785144450522502e-01
1.733166148911295945e-01
1.739155953981097180e-01
1.744661335986140427e-01
1.749608615578392423e-01
1.753992018811788289e-01
1.757742961784805880e-01
1.761094573189125601e-01
1.763784000273778130e-01
1.765945674173572677e-01
1.767709682594614806e-01
1.768778178126640677e-01
1.769569074767932126e-01
1.769739216885565791e-01
1.769506901796204512e-01
1.768759057539391333e-01
1.767566507938669595e-01
1.765612038289120500e-01
1.763446074861085844e-01
1.760702124643386823e-01
1.757345714932904979e-01
1.753524629485674058e-01
1.749187150468256291e-01
1.744403546764091706e-01
1.739209027438839983e-01
1.733455331418813639e-01
1.727222294198524633e-01
1.720529701066511319e-01
1.713276867770158474e-01
1.705629185671363457e-01
1.697521476217017100e-01
1.688826343361806981e-01
1.679832612432668182e-01
1.670192907325347142e-01
1.660147626508544638e-01
1.649653815860173955e-01
1.638757755470717781e-01
1.627319391050514596e-01
1.615559620185646195e-01
1.603230749320732618e-01
1.590590959491866296e-01
1.577471502204431109e-01
1.563847062732463822e-01
1.549911120658287733e-01
1.535545575623567804e-01
1.520965036186951724e-01
1.505932861798970068e-01
1.490207207099832620e-01
1.474378407182775907e-01
1.457997446585952428e-01
1.441136314971178112e-01
1.423909377408544841e-01
1.406360211431208762e-01
1.388545825766514807e-01
1.370364659747996816e-01
1.351669423937058856e-01
1.332626983927158448e-01
1.313257884499856865e-01
1.293728924505247180e-01
1.273864620304689665e-01
1.253555497374576611e-01
1.233090245083331982e-01
1.212188472227094110e-01
1.191151954960422837e-01
1.169853192661776675e-01
1.148123679657127583e-01
1.126207358865169567e-01
1.104045950741617543e-01
1.081527998337618451e-01
1.058882035861404974e-01
1.035884242996567284e-01
1.012714005420955465e-01
9.893332936138111988e-02
9.655929921024515583e-02
9.416953857557411323e-02
9.175705221746199847e-02
8.932456290116645714e-02
8.686544243469587756e-02
8.438388664104949644e-02
8.189260094362176001e-02
7.938316705636734583e-02
7.685675149941431639e-02
7.431560739145846861e-02
7.176636324122309674e-02
6.919563404225431702e-02
6.660506829878468094e-02
6.399680662995244074e-02
6.138339146283264963e-02
5.874809586388738541e-02
5.612560948753347878e-02
5.348885322327756597e-02
5.083534616491119928e-02
4.817349889511834959e-02
4.551243059957254394e-02
4.284518534715494459e-02
4.017104478805019752e-02
3.749063912180365665e-02
3.479858754295979406e-02
3.210183961700621008e-02
2.941737624642972934e-02
2.672407776527768036e-02
2.402606350255955328e-02
2.132607392343122479e-02
1.863197970483427071e-02
1.594679094212681295e-02
1.324537207478229499e-02
1.054854996508674050e-02
7.861656577909933302e-03
5.189598283478243611e-03
2.504586517318259029e-03
-1.620707385806463476e-04
-2.828944260615248035e-03
-5.486850152400735842e-03
-8.149109727908398354e-03
-1.078677385158994563e-02
-1.341283679476806129e-02
-1.604996671365942901e-02
-1.866839460322915895e-02
-2.127092725894755287e-02
-2.386514867171500576e-02
-2.643763924223597669e-02
-2.899989387734717289e-02
-3.154064820678487147e-02
-3.407686170547657295e-02
-3.659594108897348819e-02
-3.910071805802394634e-02
-4.158411583447824134e-02
-4.404813588535767127e-02
-4.649242644260966062e-02
-4.891718614403318260e-02
-5.133399234994314581e-02
-5.372605120513730681e-02
-5.609713316200127392e-02
-5.843534467840621333e-02
-6.075082350658665697e-02
-6.305014602770274423e-02
-6.531715478949434717e-02
-6.756530077877315188e-02
-6.981002684329470909e-02
-7.201145841672010328e-02
-7.419476781133998999e-02
-7.634975633730048394e-02
-7.847329216990915624e-02
-8.057885121085200941e-02
-8.263566698876835537e-02
-8.464898265362970353e-02
-8.665887261706452238e-02
-8.864435954544845619e-02
-9.059061841336035759e-02
-9.248615922685624047e-02
-9.435726571963101716e-02
-9.619982344613976777e-02
-9.802568549987822344e-02
-9.982171821968768843e-02
-1.015760087226208613e-01
-1.032921923769825612e-01
-1.049820022458899660e-01
-1.066444519448894596e-01
-1.082612213469883178e-01
-1.098392915995630020e-01
-1.113974213504352606e-01
-1.129073997126491952e-01
-1.143889943732163406e-01
-1.158296177534171995e-01
-1.172345717051074265e-01
-1.186118263619261315e-01
-1.199516955200322227e-01
-1.212346295857604506e-01
-1.224852488569697223e-01
-1.237103195225675717e-01
-1.248891749320564792e-01
-1.260304310950963458e-01
-1.271473496119640556e-01
-1.282249451105045013e-01
-1.292659596870886773e-01
-1.302468986566085729e-01
-1.311958843930682572e-01
-1.320986032823864564e-01
-1.329531484423431831e-01
-1.337726256137888314e-01
-1.345533281582217966e-01
-1.352983425015185648e-01
-1.359996710649858387e-01
-1.366564305765398946e-01
-1.372636467289435058e-01
-1.378355370525665979e-01
-1.383752931210838755e-01
-1.388689206459315095e-01
-1.393189239040759086e-01
-1.397435062185249655e-01
-1.401103472116150828e-01
-1.404428868349857917e-01
-1.407375403096310096e-01
-1.409843532784777476e-01
-1.411927130904785943e-01
-1.413570988080008195e-01
-1.414798712644532719e-01
-1.415703976900404282e-01
-1.416242624959146434e-01
-1.416305246244421445e-01
-1.415927565255971077e-01
-1.415141293314789162e-01
-1.413870091977606769e-01
-1.412123778420997233e-01
-1.410152622097942954e-01
-1.407736686956528316e-01
-1.404799786688455954e-01
-1.401596261580462521e-01
-1.397953505200912883e-01
-1.394058206859264126e-01
-1.389599018825181387e-01
-1.384972368024069145e-01
-1.379844369577128416e-01
-1.374411639318005585e-01
-1.368429562885315476e-01
-1.362167386820211101e-01
-1.355499288678076175e-01
-1.348544120131705548e-01
-1.341288862841828189e-01
-1.333588733721981501e-01
-1.325356507352930813e-01
-1.316785420473128576e-01
-1.308084313389723530e-01
-1.298895874096203384e-01
-1.289277925368554345e-01
-1.279251616102544675e-01
-1.269068780725619849e-01
-1.258490119884709824e-01
-1.247581143164145090e-01
-1.236288008615323980e-01
-1.224666525544580858e-01
-1.212661115886251584e-01
-1.200462683890601567e-01
-1.187844125711582793e-01
-1.175101111747372251e-01
-1.161936785438534847e-01
-1.148624029891593123e-01
-1.134832895636527922e-01
-1.120673828412886014e-01
-1.106369921815431173e-01
-1.091718335175400206e-01
-1.076697573158088700e-01
-1.061452672626957694e-01
-1.046058574512882394e-01
-1.030264739604558610e-01
-1.014232905494695802e-01
-9.980346749181652488e-02
-9.814880942930483132e-02
-9.646946603801243025e-02
-9.476220754025026227e-02
-9.304333152455490641e-02
-9.129582841760257306e-02
-8.952931930118812609e-02
-8.774609025718757560e-02
-8.593670554542705287e-02
-8.411301432020167057e-02
-8.226342467105465794e-02
-8.039457174733652400e-02
-7.850960259695984045e-02
-7.659910959413646081e-02
-7.467641524560562905e-02
-7.274039041127686178e-02
-7.077954146036262439e-02
-6.881023302589611701e-02
-6.683015942015395339e-02
-6.481686261726365972e-02
-6.279111397318602739e-02
-6.075831027370609538e-02
-5.870856666941311891e-02
-5.665490298654572016e-02
-5.458272141804441924e-02
-5.249184575207172659e-02
-5.041498828330433224e-02
-4.831845828598325954e-02
-4.620707201856327079e-02
-4.408990011059681080e-02
-4.195428724783556440e-02
-3.982870634060088622e-02
-3.770045620449382490e-02
-3.555831478502510107e-02
-3.341199653430190764e-02
-3.126451185250927328e-02
-2.910694380935627962e-02
-2.695891148628718273e-02
-2.479667621651715850e-02
-2.263040758514103454e-02
-2.047252043390286602e-02
-1.832097129753627873e-02
-1.616388490255699431e-02
-1.401485395373257802e-02
-1.184841798418179160e-02
-9.690939284661432424e-03
-7.541884651105702775e-03
-5.374158106646590403e-03
-3.224488474056701193e-03
-1.089061152020907690e-03
1.044766845007771361e-03
3.174013852993037149e-03
5.303607306820747741e-03
7.424401244974816218e-03
9.539040454018000645e-03
1.164924994309088531e-02
1.375817561681453444e-02
1.585382041083060675e-02
1.793593760547097099e-02
2.001090112180527528e-02
2.206128275653978371e-02
2.411086649413260452e-02
2.614955514138805545e-02
2.817423653784049964e-02
3.017168697596396554e-02
3.217137845785015410e-02
3.414877206047851194e-02
3.611436235613574297e-02
3.807159701851835221e-02
4.000699177452467226e-02
4.193532435163421779e-02
4.384853952661989934e-02
4.574244131823325399e-02
4.761715809039317182e-02
4.947601219542585582e-02
5.130369306032478427e-02
5.311237221631372185e-02
5.491229256852764307e-02
5.667834425996833708e-02
5.843873666573764364e-02
6.017286153716046998e-02
6.187960709924458097e-02
6.356700457811984006e-02
6.523637220283956539e-02
6.687500451812605773e-02
6.847461005081187380e-02
7.007340635170948573e-02
7.164270044708739849e-02
7.319008725740809573e-02
7.469715693485853847e-02
7.618668764026630125e-02
7.764897790581296033e-02
7.910065763954955698e-02
8.052621579670092566e-02
8.193364621412099758e-02
8.329089790087518264e-02
8.461120429981716651e-02
8.591498803509121929e-02
8.719308172300213600e-02
8.845556535293122580e-02
8.968719542138445244e-02
9.089764485933229943e-02
9.205994021510992276e-02
9.319991235027771936e-02
9.431595015266393267e-02
9.540096651525389881e-02
9.644466507892741902e-02
9.746057239045222143e-02
9.845497678091405525e-02
9.942099353702690823e-02
1.003482677514194732e-01
1.012360456179447893e-01
1.021046176297883551e-01
1.029395386145036673e-01
1.037377698726536790e-01
1.045098313217210084e-01
1.052593168650310385e-01
1.059651503852791499e-01
1.066376820341051607e-01
1.072747522183614827e-01
1.078751267362866723e-01
1.084603207830151933e-01
1.090080054608216359e-01
1.095225086549882904e-01
1.099954705002022526e-01
1.104485250701544019e-01
1.108673190824861765e-01
1.112480820813723514e-01
1.116021649890727163e-01
1.119191874651800367e-01
1.121967704882682465e-01
1.124398213519261919e-01
1.126585942592229217e-01
1.128474718746905192e-01
1.129990358412657075e-01
1.131181368786960961e-01
1.132074123447014136e-01
1.132622779423875931e-01
1.132904898919580849e-01
1.132776648054900359e-01
1.132342681260897765e-01
1.131565228757626246e-01
1.130431162234780407e-01
1.129021571321766892e-01
1.127325338867123106e-01
1.125356184674611154e-01
1.123150534781575255e-01
1.120449823548812923e-01
1.117497325781591500e-01
1.114254849028889216e-01
1.110540423534232546e-01
1.106675580001662967e-01
1.102483330204275663e-01
1.097910113936057391e-01
1.093154576027221825e-01
1.087983935454106127e-01
1.082507248080539913e-01
1.076748826025974159e-01
1.070623590282771126e-01
1.064265825212976913e-01
1.057617690225873264e-01
1.050518733024074919e-01
1.043356872658073725e-01
1.035865410878345633e-01
1.028074839609006697e-01
1.020008264923625146e-01
1.011633795510459150e-01
1.002994017164090534e-01
9.941570842624335158e-02
9.850463021011363063e-02
9.757165244804659465e-02
9.661022717831840856e-02
9.561436336318571150e-02
9.460106253968925127e-02
9.356055809337603113e-02
9.248540927469758866e-02
9.139575554012296932e-02
9.027432218713560275e-02
8.914621780779351246e-02
8.798738023980309797e-02
8.681220398912128933e-02
8.562278453540940470e-02
8.439631547700893188e-02
8.315347000657287435e-02
8.187881482260554733e-02
8.059161215567921255e-02
7.928201604616944009e-02
7.795028700636887076e-02
7.660913642794139888e-02
7.523812759653152049e-02
7.385185513514977429e-02
7.244908908414179893e-02
7.103796802201069183e-02
6.959824519708694701e-02
6.815027331498345331e-02
6.668748153044425087e-02
6.519690891610584182e-02
6.370520540519609975e-02
6.218340951506828168e-02
6.063972919867734179e-02
5.908549852519557471e-02
5.751151663087148563e-02
5.593867177701990906e-02
5.436261150982967666e-02
5.277428213239860472e-02
5.115540989678079437e-02
4.953705955767825908e-02
4.789666387067895853e-02
4.626979549334631070e-02
4.462674822370809452e-02
4.296735719922743085e-02
4.130649814297928518e-02
3.963701786567516705e-02
3.796777894143267551e-02
3.627650249503317631e-02
3.458826868219758849e-02
3.287416526141797440e-02
3.118481654556006649e-02
2.949073397339008890e-02
2.779260190641773959e-02
2.606425972140872377e-02
2.434122103423941308e-02
2.260533071044333597e-02
2.088491675929817631e-02
1.915633805796373990e-02
1.743431390887836135e-02
1.569804247173277670e-02
1.395477597890699452e-02
1.223041461730644923e-02
1.049409146859236509e-02
8.758675262874915032e-03
7.022870632558190357e-03
5.308822116575332220e-03
3.584161908797647150e-03
1.857953781534462008e-03
1.332817501514383220e-04
-1.574786082063287049e-03
-3.293375583154273430e-03
-4.987330867696292309e-03
-6.688126497418552495e-03
-8.381894854637894285e-03
-1.007457534331690843e-02
-1.174797879702405359e-02
-1.342921850092597923e-02
-1.508110757969510426e-02
-1.673729958638542695e-02
-1.837460884256099727e-02
-1.999856817729991562e-02
-2.162111685081340509e-02
-2.324001326544406290e-02
-2.484858028970065788e-02
-2.644629479372628822e-02
-2.802266028857541835e-02
-2.959645399523211026e-02
-3.115281337886263713e-02
-3.269012142686668343e-02
-3.421796822607763716e-02
-3.573950503832367537e-02
-3.723952286525478855e-02
-3.872368865995981513e-02
-4.019941697878290365e-02
-4.165881569413611846e-02
-4.310664411952960795e-02
-4.453206689677409458e-02
-4.594837208765779890e-02
-4.733527030902400651e-02
-4.871979956492473313e-02
-5.008313186254983312e-02
-5.142128813289013195e-02
-5.274261092519028082e-02
-5.404640111749037940e-02
-5.532774354865836741e-02
-5.660133148698956451e-02
-5.785561644409774329e-02
-5.909107485016674294e-02
-6.029653138381985134e-02
-6.148815407242811532e-02
-6.266706215384693079e-02
-6.382190403979659532e-02
-6.494326012209068744e-02
-6.605539547454052085e-02
-6.714348180472350103e-02
-6.820655201875734652e-02
-6.924664126381334384e-02
-7.027363665697659856e-02
-7.126557459171799225e-02
-7.224726308668037722e-02
-7.320121976219098880e-02
-7.412871013174597568e-02
-7.502501813391510010e-02
-7.591031309079773748e-02
-7.675251194832653778e-02
-7.758578138210270314e-02
-7.839517813561909521e-02
-7.917863927868012963e-02
-7.993146483671713376e-02
-8.067024566284150544e-02
-8.137839076238553848e-02
-8.206808891078826163e-02
-8.272365516508330130e-02
-8.335640340165927087e-02
-8.396740651162691582e-02
-8.454571542324013089e-02
-8.510635770663718680e-02
-8.563762274338283798e-02
-8.613813008230304658e-02
-8.662327917585797843e-02
-8.706406117184756210e-02
-8.748506202804048892e-02
-8.790792521238320611e-02
-8.827401348622078425e-02
-8.861595274331283967e-02
-8.894026222219397759e-02
-8.923278051118901932e-02
-8.951420125181609733e-02
-8.976350322100329349e-02
-8.998804180571301492e-02
-9.018263846325692834e-02
-9.033950234952921321e-02
-9.047788902227099639e-02
-9.058461407952933531e-02
-9.066605236068521478e-02
-9.073845103972334736e-02
-9.076693563470014658e-02
-9.077353879843934326e-02
-9.076919927735625782e-02
-9.072700250893063478e-02
-9.064727119455498472e-02
-9.055234221962094043e-02
-9.041125713625119964e-02
-9.026819708339797743e-02
-9.009907649117696038e-02
-8.990517513645233938e-02
-8.967056790541319544e-02
-8.940158099734897557e-02
-8.911218574913512547e-02
-8.881142687801836522e-02
-8.848977680214233088e-02
-8.813608568018165002e-02
-8.776398943563361310e-02
-8.737651774618515610e-02
-8.694984434344510404e-02
-8.649160839454533845e-02
-8.601578320888410290e-02
-8.550995910787813348e-02
-8.500565690939845820e-02
-8.446566690078922968e-02
-8.390327884170455108e-02
-8.331297556181087305e-02
-8.271038147880077629e-02
-8.208801272675426974e-02
-8.143006694091710351e-02
-8.075482268731402902e-02
-8.005265404403066887e-02
-7.933319379879967548e-02
-7.858673331935239759e-02
-7.782727874981930360e-02
-7.703695721507375360e-02
-7.622019662978066212e-02
-7.539483697410553908e-02
-7.456003065646735206e-02
-7.369836725482503681e-02
-7.280656815843832008e-02
-7.190780521715788021e-02
-7.099264665036902899e-02
-7.005270066174883181e-02
-6.910280831061561824e-02
-6.813019607544942846e-02
-6.714345781386131529e-02
-6.612801484550109854e-02
-6.510621138188252277e-02
-6.406030925022299094e-02
-6.302315744353280402e-02
-6.194377404557956796e-02
-6.085568169890295115e-02
-5.975794388280367131e-02
-5.864597073252563603e-02
-5.751487642090544888e-02
-5.636779669108137047e-02
-5.521081273633478975e-02
-5.403607955191672835e-02
-5.285646578060931855e-02
-5.166525624517250698e-02
-5.046801423049165208e-02
-4.925953957268811023e-02
-4.801742461475226598e-02
-4.678220589067483975e-02
-4.553173344098356001e-02
-4.426769977316746124e-02
-4.300608808489429086e-02
-4.172394601959428934e-02
-4.044408738546409476e-02
-3.915148030830684772e-02
-3.784954171531965811e-02
-3.654002564582213564e-02
-3.521647031157267710e-02
-3.389379282550452482e-02
-3.257064745873786832e-02
-3.123083745904725594e-02
-2.988689052000107621e-02
-2.854350311590647324e-02
-2.718899227416939415e-02
-2.582452300234293688e-02
-2.447616060997377663e-02
-2.312845548296912912e-02
-2.175520405109298422e-02
-2.038271759285113088e-02
-1.901027489513201774e-02
-1.763474772391292536e-02
-1.625391415832030950e-02
-1.488264877590888755e-02
-1.350845491559214510e-02
-1.212019161459098812e-02
-1.074361587279754407e-02
-9.343865218757525792e-03
-7.954173143991580958e-03
-6.570834198294820891e-03
-5.195393399821016112e-03
-3.812344258951748995e-03
-2.447013300134100785e-03
-1.079602632191502092e-03
2.887076883200604804e-04
1.645545304895206081e-03
3.016361493055807075e-03
4.384662783115764184e-03
5.740024014451273332e-03
7.088463725552544836e-03
8.429125760073794688e-03
9.762261376356842768e-03
1.109248638203565000e-02
1.240396554422819667e-02
1.373385139384674693e-02
1.505018305370701276e-02
1.636609160709680613e-02
1.765658911166021958e-02
1.893070980135841408e-02
2.020235821693902589e-02
2.148496471397493696e-02
2.274277810758649002e-02
2.397907876465417421e-02
2.521619314072297627e-02
2.644340358468147759e-02
2.767442206283637213e-02
2.889946489657583065e-02
3.010234241710950387e-02
3.129091152052602270e-02
3.246757847235094002e-02
3.363643681924708556e-02
3.477709231726908157e-02
3.591621964193595501e-02
3.704401211858075055e-02
3.815115353277315213e-02
3.925239658469149157e-02
4.033357258055503269e-02
4.139916399320004575e-02
4.246300269700152563e-02
4.350860796357280957e-02
4.452183626583484238e-02
4.552347995127056790e-02
4.651321218473120772e-02
4.749187085430481986e-02
4.844956799444408851e-02
4.938424173882437207e-02
5.029297230801133695e-02
5.119267032420233426e-02
5.209584556214593570e-02
5.297317129271242320e-02
5.383923075545726106e-02
5.468302201105534194e-02
5.550179002897547703e-02
5.630506383372057416e-02
5.708852528797628972e-02
5.786001842419664920e-02
5.862162015011428834e-02
5.935827592979887185e-02
6.007940857291080988e-02
6.076047634987548351e-02
6.144064540335500424e-02
6.210830936484237896e-02
6.275167684990358430e-02
6.338623715953603521e-02
6.398685018878016995e-02
6.458311364350291517e-02
6.515835454730101173e-02
6.571833303812610327e-02
6.623819331831462542e-02
6.674534122767643296e-02
6.723965650261964910e-02
6.771224016068751184e-02
6.816806515085555018e-02
6.860041386417881082e-02
6.902740245623978366e-02
6.942083235716557665e-02
6.980718230267179969e-02
7.015363763817357434e-02
7.050497951915009331e-02
7.084976261634964856e-02
7.115466863621786042e-02
7.144169234722549944e-02
7.171407073001791199e-02
7.197092613286357188e-02
7.219239538429655934e-02
7.240218618539991102e-02
7.259857283046193543e-02
7.277021231571660642e-02
7.293549697626723616e-02
7.306850274575686643e-02
7.318014007612612393e-02
7.327249719602055289e-02
7.335013327664829941e-02
7.341423797563154108e-02
7.346222330340554385e-02
7.348340940666206467e-02
7.348340940666202303e-02
